  1:   0.0340  0.4075  0.1333  0.4252  1
  2:   0.0343  0.8219  0.0697  0.0740  1
  3:   0.0377  0.0747  0.7176  0.1700  1
  4:   0.0343  0.7218  0.0890  0.1549  1
  5:   0.0330  0.1514  0.6538  0.1617  1
  6:   0.0300  0.8217  0.0797  0.0687  1
  7:   0.0480  0.2805  0.5150  0.1565  1
  8:   0.0503  0.1153  0.5374  0.2970  1
  9:   0.0490  0.1060  0.6953  0.1497  1
 10:   0.0227  0.1274  0.7096  0.1403  1
 11:   0.0233  0.1180  0.4491  0.4095  1
 12:   0.0280  0.1157  0.6363  0.2201  1
 13:   0.0630  0.0530  0.6840  0.2000  1
 14:   0.0387  0.2071  0.2577  0.4965  1
 15:   0.0500  0.5304  0.3002  0.1194  1
 16:   0.1407  0.0437  0.6554  0.1602  1
 17:   0.0844  0.0980  0.4281  0.3895  1
 18:   0.0263  0.0610  0.7663  0.1463  1
 19:   0.0516  0.1706  0.3592  0.4185  1
 20:   0.0527  0.3077  0.4727  0.1670  1
 21:   0.0220  0.0683  0.7550  0.1547  1
 22:   0.0283  0.0553  0.7447  0.1717  1
 23:   0.0377  0.5751  0.2003  0.1869  1
 24:   0.0690  0.4391  0.1037  0.3881  1
 25:   0.1266  0.1003  0.6198  0.1532  1
 26:   0.0510  0.1087  0.6919  0.1484  1
 27:   0.1220  0.1380  0.3321  0.4078  1
 28:   0.0560  0.2641  0.2694  0.4105  1
 29:   0.1743  0.0410  0.5781  0.2066  1
 30:   0.3732  0.1236  0.2442  0.2589  1
 31:   0.3501  0.1827  0.2631  0.2041  1
 32:   0.1380  0.5789  0.0720  0.2111  1
 33:   0.0337  0.3311  0.2591  0.3761  1
 34:   0.0223  0.7343  0.1750  0.0683  1
 35:   0.0427  0.0930  0.3707  0.4936  1
 36:   0.0977  0.1617  0.4641  0.2764  1
 37:   0.2961  0.0907  0.3691  0.2441  1
 38:   0.0657  0.3903  0.1537  0.3903  1
 39:   0.1480  0.6530  0.1280  0.0710  1
 40:   0.0290  0.4812  0.3818  0.1081  1
 41:   0.0320  0.0373  0.7812  0.1495  1
 42:   0.0360  0.4805  0.1446  0.3389  1
 43:   0.0383  0.5637  0.2443  0.1537  1
 44:   0.0310  0.1300  0.6810  0.1580  1
 45:   0.0677  0.4333  0.1166  0.3824  1
 46:   0.0233  0.2478  0.5731  0.1557  1
 47:   0.0183  0.2297  0.6126  0.1394  1
 48:   0.2707  0.2837  0.2813  0.1643  1
 49:   0.0710  0.5793  0.1053  0.2443  1
 50:   0.0350  0.6787  0.1257  0.1607  1
 51:   0.0827  0.2147  0.5507  0.1520  1
 52:   0.1386  0.4848  0.2342  0.1423  1
 53:   0.1483  0.1796  0.5389  0.1332  1
 54:   0.1444  0.3144  0.4065  0.1347  1
 55:   0.0290  0.1666  0.3709  0.4335  1
 56:   0.2157  0.5150  0.1827  0.0867  1
 57:   0.2577  0.1053  0.5113  0.1257  1
 58:   0.2523  0.2743  0.3310  0.1423  1
 59:   0.0987  0.1863  0.3113  0.4037  1
 60:   0.0570  0.1074  0.6309  0.2047  1
 61:   0.0870  0.2064  0.5098  0.1968  1
 62:   0.4127  0.1613  0.1707  0.2553  1
 63:   0.2143  0.5343  0.1460  0.1053  1
 64:   0.0493  0.5527  0.1890  0.2090  1
 65:   0.0243  0.7694  0.0577  0.1486  1
 66:   0.1204  0.6542  0.0987  0.1267  1
 67:   0.0673  0.5463  0.1063  0.2800  1
 68:   0.0774  0.7189  0.0980  0.1057  1
 69:   0.1157  0.2187  0.1457  0.5199  1
 70:   0.0960  0.1761  0.5365  0.1914  1
 71:   0.0357  0.5869  0.2764  0.1010  1
 72:   0.0203  0.3213  0.5313  0.1270  1
 73:   0.0260  0.8733  0.0413  0.0594  1
 74:   0.0827  0.3486  0.1845  0.3842  1
 75:   0.0480  0.7050  0.1280  0.1190  1
 76:   0.0740  0.7417  0.0497  0.1347  1
 77:   0.0417  0.1573  0.1996  0.6015  1
 78:   0.0247  0.1137  0.4636  0.3979  1
 79:   0.0320  0.5327  0.2847  0.1507  1
 80:   0.0670  0.1438  0.1254  0.6637  1
 81:   0.0557  0.3703  0.1677  0.4063  1
 82:   0.6577  0.0573  0.1450  0.1400  1
 83:   0.4242  0.1516  0.1996  0.2246  1
 84:   0.0453  0.6512  0.1717  0.1317  1
 85:   0.3568  0.1499  0.3388  0.1546  1
 86:   0.0443  0.0970  0.2526  0.6061  1
 87:   0.0353  0.8647  0.0313  0.0687  1
 88:   0.1314  0.1697  0.3258  0.3731  1
 89:   0.2110  0.5890  0.0723  0.1277  1
 90:   0.0187  0.6874  0.2149  0.0790  1
 91:   0.0634  0.6812  0.1530  0.1024  1
 92:   0.0173  0.9024  0.0387  0.0417  1
 93:   0.0867  0.2813  0.1523  0.4797  1
 94:   0.0563  0.0477  0.7427  0.1533  1
 95:   0.6130  0.1973  0.0847  0.1050  1
 96:   0.1246  0.1063  0.6066  0.1625  1
 97:   0.1923  0.2299  0.4572  0.1206  1
 98:   0.4688  0.0776  0.3385  0.1150  1
 99:   0.2752  0.0317  0.5607  0.1324  1
100:   0.5799  0.1404  0.1737  0.1060  1
101:   0.1310  0.1010  0.5158  0.2523  1
102:   0.0297  0.1083  0.6970  0.1650  1
103:   0.0530  0.0757  0.6678  0.2035  1
104:   0.3588  0.3521  0.1346  0.1546  1
105:   0.2597  0.2727  0.1873  0.2803  1
106:   0.1027  0.6070  0.0790  0.2113  1
107:   0.5080  0.1457  0.1863  0.1600  1
108:   0.8108  0.0363  0.0516  0.1013  1
109:   0.7567  0.0667  0.0570  0.1197  1
110:   0.6852  0.0250  0.0867  0.2031  1
111:   0.8686  0.0370  0.0537  0.0407  1
112:   0.2303  0.0570  0.2527  0.4600  1
113:   0.8351  0.0563  0.0420  0.0666  1
114:   0.2933  0.0533  0.1486  0.5047  1
115:   0.5839  0.0644  0.0684  0.2834  1
116:   0.8780  0.0337  0.0297  0.0587  1
117:   0.8693  0.0440  0.0357  0.0510  1
118:   0.9080  0.0270  0.0353  0.0297  1
119:   0.8356  0.0220  0.0397  0.1027  1
120:   0.8111  0.0676  0.0490  0.0723  1
121:   0.6813  0.0703  0.0823  0.1660  1
122:   0.9224  0.0170  0.0213  0.0393  1
123:   0.7881  0.0453  0.0590  0.1076  1
124:   0.8580  0.0410  0.0280  0.0730  1
125:   0.8966  0.0317  0.0303  0.0413  1
126:   0.5709  0.0263  0.0857  0.3171  1
127:   0.8940  0.0200  0.0327  0.0533  1
128:   0.4125  0.0387  0.1080  0.4408  1
129:   0.5349  0.0540  0.0967  0.3144  1
130:   0.5917  0.1500  0.0650  0.1933  1
131:   0.8477  0.0670  0.0390  0.0463  1
132:   0.8307  0.0373  0.0393  0.0926  1
133:   0.8247  0.0400  0.0483  0.0870  1
134:   0.6570  0.0420  0.0697  0.2313  1
135:   0.7580  0.0877  0.0473  0.1070  1
136:   0.7850  0.0607  0.0437  0.1107  1
137:   0.8510  0.0250  0.0380  0.0860  1
138:   0.6103  0.0460  0.0633  0.2804  1
139:   0.6824  0.0540  0.0707  0.1929  1
140:   0.8743  0.0303  0.0377  0.0577  1
141:   0.7663  0.0437  0.0827  0.1074  1
142:   0.8936  0.0360  0.0267  0.0437  1
143:   0.8717  0.0333  0.0343  0.0607  1
144:   0.8890  0.0193  0.0417  0.0500  1
145:   0.7612  0.0547  0.1054  0.0787  1
146:   0.6543  0.0697  0.0997  0.1763  1
147:   0.5160  0.0347  0.1180  0.3313  1
148:   0.9233  0.0297  0.0187  0.0283  1
149:   0.8399  0.0304  0.0410  0.0887  1
