1:    0.035 0.387 0.091 0.487 1    
2:    0.036 0.824 0.071 0.069 1    
3:    0.039 0.079 0.811 0.071 1    
4:    0.036 0.716 0.084 0.165 1    
5:    0.034 0.155 0.739 0.071 1    
6:    0.031 0.830 0.081 0.058 1    
7:    0.050 0.290 0.577 0.082 1    
8:    0.052 0.113 0.581 0.253 1    
9:    0.050 0.107 0.794 0.049 1    
10:   0.024 0.133 0.807 0.036 1    
11:   0.024 0.117 0.459 0.400 1    
12:   0.029 0.121 0.706 0.144 1    
13:   0.065 0.053 0.771 0.112 1    
14:   0.040 0.202 0.216 0.541 1    
15:   0.052 0.541 0.327 0.079 1    
16:   0.145 0.044 0.740 0.071 1    
17:   0.087 0.096 0.428 0.388 1    
18:   0.028 0.065 0.872 0.035 1    
19:   0.053 0.168 0.345 0.434 1    
20:   0.055 0.315 0.521 0.109 1    
21:   0.023 0.071 0.861 0.046 1    
22:   0.030 0.059 0.843 0.068 1    
23:   0.038 0.571 0.208 0.184 1    
24:   0.071 0.435 0.057 0.437 1    
25:   0.130 0.102 0.704 0.064 1    
26:   0.052 0.114 0.783 0.050 1    
27:   0.126 0.136 0.314 0.424 1    
28:   0.058 0.261 0.245 0.436 1    
29:   0.179 0.040 0.643 0.138 1    
30:   0.381 0.122 0.239 0.258 1    
31:   0.357 0.184 0.272 0.186 1    
32:   0.143 0.578 0.048 0.231 1    
33:   0.035 0.335 0.239 0.391 1    
34:   0.023 0.738 0.198 0.041 1    
35:   0.045 0.092 0.349 0.515 1    
36:   0.101 0.166 0.495 0.237 1    
37:   0.297 0.092 0.386 0.225 1    
38:   0.068 0.383 0.113 0.436 1    
39:   0.153 0.653 0.139 0.055 1    
40:   0.030 0.493 0.423 0.054 1    
41:   0.033 0.039 0.891 0.036 1    
42:   0.038 0.475 0.113 0.375 1    
43:   0.040 0.577 0.257 0.127 1    
44:   0.032 0.132 0.775 0.061 1    
45:   0.069 0.422 0.075 0.434 1    
46:   0.024 0.257 0.641 0.077 1    
47:   0.019 0.234 0.695 0.052 1    
48:   0.271 0.286 0.298 0.144 1    
49:   0.073 0.581 0.080 0.266 1    
50:   0.036 0.680 0.123 0.160 1    
51:   0.085 0.219 0.622 0.074 1    
52:   0.143 0.490 0.252 0.116 1    
53:   0.153 0.183 0.608 0.056 1    
54:   0.150 0.323 0.446 0.080 1    
55:   0.030 0.164 0.359 0.447 1    
56:   0.221 0.523 0.194 0.062 1    
57:   0.266 0.108 0.572 0.054 1    
58:   0.255 0.276 0.361 0.108 1    
59:   0.099 0.184 0.296 0.421 1    
60:   0.060 0.110 0.703 0.126 1    
61:   0.091 0.213 0.560 0.136 1    
62:   0.414 0.160 0.154 0.271 1    
63:   0.220 0.543 0.148 0.088 1    
64:   0.051 0.547 0.188 0.214 1    
65:   0.025 0.767 0.046 0.162 1    
66:   0.124 0.657 0.093 0.125 1    
67:   0.068 0.541 0.078 0.313 1    
68:   0.081 0.719 0.100 0.100 1    
69:   0.117 0.216 0.079 0.587 1    
70:   0.100 0.182 0.591 0.127 1    
71:   0.037 0.593 0.308 0.061 1    
72:   0.021 0.330 0.601 0.048 1    
73:   0.027 0.879 0.040 0.054 1    
74:   0.085 0.344 0.151 0.419 1    
75:   0.050 0.712 0.130 0.108 1    
76:   0.077 0.737 0.038 0.148 1    
77:   0.043 0.150 0.127 0.680 1    
78:   0.026 0.109 0.470 0.395 1    
79:   0.033 0.546 0.303 0.118 1    
80:   0.069 0.133 0.032 0.766 1    
81:   0.057 0.365 0.126 0.452 1    
82:   0.650 0.058 0.148 0.144 1    
83:   0.419 0.152 0.198 0.231 1    
84:   0.046 0.656 0.181 0.117 1    
85:   0.364 0.154 0.367 0.116 1    
86:   0.046 0.093 0.191 0.670 1    
87:   0.037 0.868 0.027 0.068 1    
88:   0.131 0.170 0.316 0.382 1    
89:   0.218 0.593 0.062 0.127 1    
90:   0.019 0.685 0.248 0.048 1    
91:   0.066 0.691 0.160 0.083 1    
92:   0.018 0.908 0.041 0.034 1    
93:   0.087 0.272 0.097 0.544 1    
94:   0.058 0.049 0.846 0.047 1    
95:   0.608 0.201 0.082 0.109 1    
96:   0.129 0.111 0.681 0.079 1    
97:   0.199 0.234 0.514 0.054 1    
98:   0.478 0.079 0.371 0.072 1    
99:   0.283 0.032 0.632 0.053 1    
100:  0.585 0.144 0.181 0.089 1    
101:  0.135 0.097 0.566 0.203 1    
102:  0.031 0.111 0.791 0.067 1    
103:  0.055 0.078 0.744 0.123 1    
104:  0.358 0.350 0.133 0.159 1    
105:  0.264 0.270 0.170 0.296 1    
106:  0.106 0.603 0.057 0.234 1    
107:  0.517 0.145 0.190 0.147 1    
108:  0.807 0.037 0.045 0.112 1    
109:  0.753 0.069 0.048 0.130 1    
110:  0.675 0.025 0.071 0.229 1    
111:  0.865 0.038 0.058 0.039 1    
112:  0.226 0.053 0.220 0.501 1    
113:  0.830 0.058 0.039 0.074 1    
114:  0.278 0.049 0.090 0.583 1    
115:  0.577 0.062 0.035 0.326 1    
116:  0.874 0.035 0.026 0.065 1    
117:  0.865 0.045 0.035 0.055 1    
118:  0.906 0.028 0.037 0.029 1    
119:  0.826 0.022 0.032 0.119 1    
120:  0.805 0.069 0.046 0.080 1    
121:  0.674 0.071 0.071 0.184 1    
122:  0.919 0.017 0.019 0.044 1    
123:  0.778 0.047 0.054 0.122 1    
124:  0.852 0.042 0.022 0.084 1    
125:  0.892 0.033 0.030 0.045 1    
126:  0.560 0.025 0.048 0.367 1    
127:  0.890 0.020 0.031 0.059 1    
128:  0.406 0.035 0.052 0.508 1    
129:  0.517 0.051 0.062 0.371 1    
130:  0.577 0.151 0.044 0.228 1    
131:  0.843 0.070 0.039 0.048 1    
132:  0.825 0.038 0.032 0.105 1    
133:  0.819 0.041 0.044 0.097 1    
134:  0.642 0.043 0.047 0.268 1    
135:  0.749 0.089 0.039 0.123 1    
136:  0.781 0.062 0.034 0.123 1    
137:  0.847 0.025 0.031 0.097 1    
138:  0.594 0.045 0.030 0.330 1    
139:  0.672 0.054 0.051 0.223 1    
140:  0.871 0.031 0.035 0.062 1    
141:  0.762 0.044 0.079 0.114 1    
142:  0.889 0.037 0.025 0.048 1    
143:  0.866 0.034 0.032 0.068 1    
144:  0.884 0.020 0.042 0.054 1    
145:  0.756 0.056 0.112 0.076 1    
146:  0.641 0.070 0.089 0.200 1    
147:  0.499 0.034 0.087 0.380 1    
148:  0.920 0.031 0.018 0.031 1    
149:  0.833 0.031 0.035 0.100 1    
                 
                 
1:    0.324 0.419 0.033 0.224 1    
2:    0.080 0.820 0.033 0.067 1    
3:    0.372 0.069 0.037 0.522 1    
4:    0.140 0.720 0.033 0.107 1    
5:    0.343 0.147 0.032 0.478 1    
6:    0.081 0.814 0.029 0.076 1    
7:    0.279 0.275 0.046 0.399 1    
8:    0.384 0.115 0.049 0.453 1    
9:    0.342 0.105 0.048 0.505 1    
10:   0.349 0.122 0.022 0.507 1    
11:   0.413 0.120 0.023 0.443 1    
12:   0.380 0.111 0.027 0.481 1    
13:   0.362 0.053 0.062 0.522 1    
14:   0.396 0.218 0.038 0.348 1    
15:   0.183 0.523 0.049 0.245 1    
16:   0.338 0.043 0.139 0.481 1    
17:   0.401 0.099 0.083 0.417 1    
18:   0.368 0.057 0.025 0.550 1    
19:   0.395 0.168 0.051 0.387 1    
20:   0.277 0.302 0.051 0.370 1    
21:   0.374 0.065 0.021 0.540 1    
22:   0.380 0.051 0.027 0.542 1    
23:   0.196 0.579 0.037 0.188 1    
24:   0.291 0.441 0.068 0.199 1    
25:   0.314 0.099 0.124 0.464 1    
26:   0.343 0.104 0.050 0.503 1    
27:   0.368 0.142 0.120 0.369 1    
28:   0.352 0.265 0.056 0.327 1    
29:   0.331 0.041 0.173 0.455 1    
30:   0.246 0.126 0.369 0.260 1    
31:   0.220 0.183 0.345 0.252 1    
32:   0.158 0.583 0.135 0.123 1    
33:   0.327 0.329 0.033 0.310 1    
34:   0.116 0.726 0.022 0.136 1    
35:   0.438 0.097 0.041 0.423 1    
36:   0.328 0.159 0.096 0.416 1    
37:   0.288 0.089 0.296 0.327 1    
38:   0.297 0.398 0.064 0.241 1    
39:   0.096 0.651 0.145 0.108 1    
40:   0.211 0.469 0.028 0.291 1    
41:   0.376 0.035 0.031 0.557 1    
42:   0.278 0.484 0.035 0.203 1    
43:   0.183 0.559 0.037 0.220 1    
44:   0.344 0.125 0.030 0.501 1    
45:   0.292 0.440 0.067 0.202 1    
46:   0.303 0.242 0.023 0.432 1    
47:   0.312 0.219 0.018 0.451 1    
48:   0.209 0.277 0.272 0.242 1    
49:   0.199 0.575 0.069 0.157 1    
50:   0.157 0.673 0.034 0.136 1    
51:   0.302 0.210 0.080 0.408 1    
52:   0.180 0.480 0.136 0.204 1    
53:   0.286 0.174 0.145 0.396 1    
54:   0.242 0.304 0.140 0.314 1    
55:   0.427 0.164 0.028 0.381 1    
56:   0.133 0.509 0.213 0.145 1    
57:   0.269 0.102 0.254 0.375 1    
58:   0.211 0.272 0.250 0.267 1    
59:   0.370 0.186 0.098 0.346 1    
60:   0.348 0.106 0.055 0.491 1    
61:   0.314 0.200 0.085 0.400 1    
62:   0.220 0.163 0.410 0.207 1    
63:   0.125 0.530 0.210 0.136 1    
64:   0.205 0.553 0.048 0.194 1    
65:   0.128 0.764 0.024 0.084 1    
66:   0.116 0.653 0.118 0.113 1    
67:   0.225 0.546 0.067 0.163 1    
68:   0.105 0.721 0.074 0.099 1    
69:   0.384 0.220 0.115 0.281 1    
70:   0.317 0.172 0.093 0.418 1    
71:   0.177 0.577 0.035 0.211 1    
72:   0.279 0.312 0.020 0.389 1    
73:   0.060 0.869 0.025 0.045 1    
74:   0.314 0.354 0.082 0.249 1    
75:   0.128 0.698 0.046 0.128 1    
76:   0.108 0.745 0.072 0.075 1    
77:   0.457 0.159 0.041 0.344 1    
78:   0.423 0.117 0.024 0.435 1    
79:   0.201 0.522 0.031 0.246 1    
80:   0.464 0.156 0.066 0.313 1    
81:   0.324 0.370 0.054 0.252 1    
82:   0.137 0.057 0.663 0.143 1    
83:   0.212 0.152 0.430 0.207 1    
84:   0.160 0.638 0.045 0.157 1    
85:   0.217 0.149 0.350 0.284 1    
86:   0.468 0.103 0.044 0.386 1    
87:   0.063 0.861 0.034 0.042 1    
88:   0.343 0.172 0.132 0.353 1    
89:   0.113 0.588 0.205 0.094 1    
90:   0.137 0.685 0.018 0.160 1    
91:   0.122 0.676 0.061 0.140 1    
92:   0.047 0.899 0.017 0.037 1    
93:   0.358 0.290 0.086 0.266 1    
94:   0.365 0.045 0.055 0.535 1    
95:   0.098 0.195 0.617 0.090 1    
96:   0.327 0.099 0.122 0.453 1    
97:   0.247 0.226 0.188 0.339 1    
98:   0.199 0.077 0.465 0.259 1    
99:   0.286 0.031 0.273 0.409 1    
100:  0.133 0.138 0.576 0.153 1    
101:  0.343 0.103 0.129 0.425 1    
102:  0.361 0.103 0.029 0.507 1    
103:  0.366 0.075 0.051 0.507 1    
104:  0.152 0.350 0.360 0.139 1    
105:  0.243 0.273 0.258 0.226 1    
106:  0.163 0.611 0.101 0.125 1    
107:  0.169 0.148 0.502 0.182 1    
108:  0.083 0.036 0.815 0.067 1    
109:  0.095 0.065 0.762 0.078 1    
110:  0.160 0.025 0.692 0.123 1    
111:  0.044 0.036 0.871 0.048 1    
112:  0.375 0.059 0.234 0.332 1    
113:  0.056 0.055 0.840 0.049 1    
114:  0.373 0.056 0.302 0.270 1    
115:  0.206 0.065 0.591 0.137 1    
116:  0.048 0.033 0.881 0.038 1    
117:  0.046 0.043 0.872 0.039 1    
118:  0.031 0.026 0.910 0.033 1    
119:  0.080 0.022 0.841 0.057 1    
120:  0.063 0.067 0.815 0.056 1    
121:  0.135 0.069 0.687 0.109 1    
122:  0.032 0.017 0.926 0.026 1    
123:  0.085 0.044 0.799 0.072 1    
124:  0.055 0.040 0.864 0.041 1    
125:  0.036 0.031 0.900 0.032 1    
126:  0.230 0.027 0.580 0.162 1    
127:  0.045 0.020 0.897 0.038 1    
128:  0.321 0.041 0.417 0.221 1    
129:  0.230 0.056 0.546 0.167 1    
130:  0.143 0.148 0.600 0.109 1    
131:  0.044 0.065 0.851 0.040 1    
132:  0.073 0.037 0.835 0.055 1    
133:  0.072 0.039 0.830 0.059 1    
134:  0.171 0.042 0.671 0.116 1    
135:  0.085 0.086 0.764 0.065 1    
136:  0.087 0.060 0.788 0.065 1    
137:  0.067 0.025 0.855 0.053 1    
138:  0.200 0.047 0.624 0.130 1    
139:  0.144 0.054 0.690 0.112 1    
140:  0.049 0.030 0.876 0.044 1    
141:  0.095 0.043 0.770 0.092 1    
142:  0.037 0.035 0.896 0.031 1    
143:  0.050 0.033 0.876 0.041 1    
144:  0.045 0.019 0.893 0.043 1    
145:  0.087 0.053 0.765 0.094 1    
146:  0.145 0.069 0.663 0.123 1    
147:  0.249 0.035 0.534 0.181 1    
148:  0.024 0.029 0.925 0.021 1    
149:  0.071 0.030 0.845 0.054 1    
                 
                 
1:    0.417 0.034 0.465 0.085 1    
2:    0.821 0.034 0.073 0.071 1    
3:    0.076 0.037 0.067 0.819 1    
4:    0.730 0.034 0.160 0.076 1    
5:    0.152 0.033 0.071 0.743 1    
6:    0.821 0.030 0.067 0.082 1    
7:    0.276 0.048 0.108 0.568 1    
8:    0.118 0.050 0.254 0.578 1    
9:    0.106 0.049 0.058 0.787 1    
10:   0.127 0.022 0.036 0.814 1    
11:   0.117 0.023 0.415 0.445 1    
12:   0.115 0.028 0.136 0.722 1    
13:   0.053 0.062 0.126 0.760 1    
14:   0.201 0.038 0.552 0.209 1    
15:   0.526 0.049 0.096 0.328 1    
16:   0.044 0.138 0.072 0.745 1    
17:   0.099 0.083 0.379 0.439 1    
18:   0.061 0.026 0.036 0.877 1    
19:   0.176 0.051 0.427 0.346 1    
20:   0.306 0.052 0.115 0.527 1    
21:   0.069 0.022 0.044 0.865 1    
22:   0.056 0.028 0.067 0.849 1    
23:   0.576 0.038 0.181 0.205 1    
24:   0.441 0.068 0.436 0.055 1    
25:   0.100 0.126 0.082 0.692 1    
26:   0.108 0.051 0.052 0.789 1    
27:   0.136 0.120 0.431 0.313 1    
28:   0.266 0.054 0.443 0.236 1    
29:   0.042 0.171 0.151 0.637 1    
30:   0.123 0.370 0.273 0.234 1    
31:   0.181 0.348 0.206 0.265 1    
32:   0.575 0.136 0.244 0.045 1    
33:   0.329 0.033 0.410 0.228 1    
34:   0.739 0.022 0.048 0.191 1    
35:   0.090 0.042 0.528 0.340 1    
36:   0.160 0.096 0.264 0.481 1    
37:   0.091 0.295 0.219 0.394 1    
38:   0.390 0.065 0.438 0.107 1    
39:   0.655 0.146 0.062 0.137 1    
40:   0.481 0.029 0.059 0.431 1    
41:   0.038 0.032 0.036 0.895 1    
42:   0.483 0.035 0.364 0.118 1    
43:   0.555 0.038 0.151 0.256 1    
44:   0.133 0.031 0.069 0.767 1    
45:   0.438 0.067 0.421 0.073 1    
46:   0.244 0.023 0.087 0.645 1    
47:   0.236 0.018 0.054 0.691 1    
48:   0.288 0.269 0.140 0.304 1    
49:   0.582 0.071 0.268 0.079 1    
50:   0.683 0.035 0.165 0.118 1    
51:   0.215 0.083 0.080 0.622 1    
52:   0.485 0.137 0.131 0.247 1    
53:   0.182 0.147 0.058 0.613 1    
54:   0.316 0.143 0.082 0.459 1    
55:   0.172 0.029 0.427 0.373 1    
56:   0.513 0.213 0.065 0.209 1    
57:   0.106 0.253 0.054 0.587 1    
58:   0.275 0.252 0.108 0.365 1    
59:   0.189 0.099 0.420 0.292 1    
60:   0.106 0.056 0.140 0.698 1    
61:   0.206 0.085 0.140 0.569 1    
62:   0.161 0.414 0.275 0.151 1    
63:   0.530 0.213 0.103 0.154 1    
64:   0.558 0.049 0.208 0.185 1    
65:   0.778 0.024 0.156 0.043 1    
66:   0.652 0.119 0.139 0.090 1    
67:   0.552 0.067 0.302 0.078 1    
68:   0.716 0.077 0.112 0.095 1    
69:   0.220 0.115 0.588 0.077 1    
70:   0.174 0.095 0.130 0.600 1    
71:   0.590 0.035 0.065 0.310 1    
72:   0.322 0.020 0.054 0.604 1    
73:   0.871 0.026 0.064 0.039 1    
74:   0.347 0.081 0.419 0.153 1    
75:   0.705 0.048 0.121 0.126 1    
76:   0.743 0.073 0.148 0.036 1    
77:   0.163 0.041 0.668 0.128 1    
78:   0.115 0.024 0.375 0.485 1    
79:   0.530 0.032 0.133 0.305 1    
80:   0.142 0.066 0.760 0.031 1    
81:   0.376 0.056 0.443 0.125 1    
82:   0.057 0.660 0.139 0.144 1    
83:   0.151 0.424 0.231 0.194 1    
84:   0.659 0.045 0.118 0.177 1    
85:   0.147 0.357 0.131 0.366 1    
86:   0.095 0.043 0.680 0.181 1    
87:   0.865 0.035 0.075 0.025 1    
88:   0.167 0.131 0.394 0.308 1    
89:   0.586 0.210 0.143 0.061 1    
90:   0.693 0.019 0.052 0.237 1    
91:   0.676 0.063 0.102 0.159 1    
92:   0.901 0.017 0.044 0.038 1    
93:   0.282 0.087 0.537 0.094 1    
94:   0.049 0.056 0.048 0.848 1    
95:   0.196 0.614 0.108 0.082 1    
96:   0.109 0.123 0.082 0.687 1    
97:   0.230 0.190 0.061 0.519 1    
98:   0.077 0.464 0.074 0.386 1    
99:   0.032 0.269 0.058 0.640 1    
100:  0.139 0.578 0.096 0.187 1    
101:  0.103 0.129 0.211 0.557 1    
102:  0.111 0.029 0.067 0.793 1    
103:  0.074 0.053 0.121 0.752 1    
104:  0.357 0.359 0.153 0.132 1    
105:  0.275 0.257 0.302 0.166 1    
106:  0.607 0.101 0.237 0.055 1    
107:  0.144 0.505 0.164 0.187 1    
108:  0.036 0.812 0.109 0.043 1    
109:  0.066 0.755 0.134 0.045 1    
110:  0.025 0.688 0.220 0.066 1    
111:  0.037 0.869 0.039 0.055 1    
112:  0.059 0.231 0.504 0.206 1    
113:  0.056 0.836 0.070 0.038 1    
114:  0.055 0.300 0.558 0.086 1    
115:  0.066 0.583 0.318 0.033 1    
116:  0.033 0.879 0.063 0.025 1    
117:  0.044 0.871 0.052 0.033 1    
118:  0.027 0.908 0.029 0.036 1    
119:  0.022 0.838 0.109 0.030 1    
120:  0.067 0.814 0.074 0.045 1    
121:  0.071 0.683 0.179 0.067 1    
122:  0.017 0.923 0.042 0.019 1    
123:  0.045 0.789 0.116 0.051 1    
124:  0.041 0.859 0.080 0.021 1    
125:  0.031 0.897 0.043 0.029 1    
126:  0.027 0.572 0.354 0.047 1    
127:  0.020 0.895 0.056 0.029 1    
128:  0.040 0.415 0.494 0.051 1    
129:  0.055 0.541 0.342 0.061 1    
130:  0.151 0.598 0.209 0.042 1    
131:  0.066 0.849 0.047 0.038 1    
132:  0.037 0.833 0.100 0.031 1    
133:  0.040 0.826 0.092 0.042 1    
134:  0.041 0.658 0.255 0.046 1    
135:  0.088 0.761 0.113 0.038 1    
136:  0.060 0.786 0.122 0.032 1    
137:  0.025 0.851 0.094 0.030 1    
138:  0.046 0.613 0.311 0.030 1    
139:  0.054 0.686 0.212 0.049 1    
140:  0.030 0.875 0.062 0.034 1    
141:  0.044 0.766 0.113 0.077 1    
142:  0.036 0.894 0.046 0.024 1    
143:  0.033 0.873 0.064 0.030 1    
144:  0.019 0.890 0.051 0.040 1    
145:  0.055 0.761 0.073 0.110 1    
146:  0.070 0.659 0.184 0.087 1    
147:  0.035 0.515 0.365 0.086 1    
148:  0.029 0.924 0.030 0.017 1    
149:  0.030 0.840 0.095 0.034 1    
