

----------------------------------------------------
STRUCTURE by Pritchard, Stephens and Donnelly (2000)
     and Falush, Stephens and Pritchard (2003)
       Code by Pritchard, Falush and Hubisz
             Version 2.3.2.1 (Oct 2009)
----------------------------------------------------



Command line arguments:   bin\structure -m E:\AU\Alexander\alex3\STRUCTURE\alex3\long\mainparams -e E:\AU\Alexander\alex3\STRUCTURE\alex3\long\extraparams 
Input File:    E:\AU\Alexander\alex3\STRUCTURE\alex3\project_data

Run parameters:
   239 individuals
   24 loci
   4 populations assumed
   100000 Burn-in period
   1000000 Reps


--------------------------------------------
Overall proportion of membership of the
sample in each of the 4 clusters

Inferred Clusters
  1      2      3      4    
0.241  0.214  0.217  0.328  

--------------------------------------------

Allele-freq. divergence among pops (Net nucleotide distance),
computed using point estimates of P.

      1       2       3       4      
 1      -    0.0314  0.0322  0.2876  
 2   0.0314     -    0.0002  0.1874  
 3   0.0322  0.0002     -    0.1883  
 4   0.2876  0.1874  0.1883     -    

Average distances (expected heterozygosity) between individuals in same cluster:
cluster  1  : 0.4513 
cluster  2  : 0.5083 
cluster  3  : 0.5042 
cluster  4  : 0.4813 

--------------------------------------------
Estimated Ln Prob of Data   = -12036.3
Mean value of ln likelihood = -11736.8
Variance of ln likelihood   = 598.9
Mean value of alpha         = 0.1494

Mean value of Fst_1         = 0.1401
Mean value of Fst_2         = 0.1516
Mean value of Fst_3         = 0.1563
Mean value of Fst_4         = 0.2272


Inferred ancestry of individuals:
        Label (%Miss) :  Inferred clusters
  1   I13825    (0)   :  0.032 0.472 0.413 0.083 
  2   I13826    (0)   :  0.073 0.289 0.303 0.336 
  3   I13827   (20)   :  0.034 0.427 0.494 0.045 
  4   I13828    (0)   :  0.031 0.490 0.435 0.044 
  5   I13829    (8)   :  0.027 0.447 0.499 0.027 
  6   I13830    (0)   :  0.048 0.326 0.349 0.277 
  7   I13831    (0)   :  0.032 0.458 0.475 0.035 
  8   I13832   (16)   :  0.066 0.443 0.478 0.013 
  9   I13833    (0)   :  0.037 0.462 0.483 0.019 
 10   I13834    (0)   :  0.020 0.438 0.495 0.047 
 11   I13835    (0)   :  0.018 0.504 0.461 0.017 
 12   I13836    (0)   :  0.032 0.441 0.497 0.030 
 13   I13377    (0)   :  0.096 0.430 0.461 0.012 
 14   I13378    (0)   :  0.043 0.500 0.440 0.018 
 15   I13379    (0)   :  0.044 0.444 0.433 0.078 
 16   I13380    (0)   :  0.143 0.394 0.448 0.015 
 17   I13381    (0)   :  0.089 0.409 0.474 0.028 
 18   I13382    (0)   :  0.019 0.435 0.519 0.026 
 19   I13383    (0)   :  0.089 0.437 0.443 0.031 
 20   I13384    (0)   :  0.053 0.424 0.480 0.043 
 21   I13385    (0)   :  0.018 0.461 0.512 0.008 
 22   I13386    (0)   :  0.031 0.384 0.457 0.128 
 23   I13387    (0)   :  0.039 0.414 0.405 0.143 
 24   I13388    (0)   :  0.295 0.329 0.307 0.069 
 25   I13389    (0)   :  0.098 0.431 0.463 0.008 
 26   I13390    (0)   :  0.041 0.429 0.509 0.021 
 27   I13391    (0)   :  0.208 0.390 0.380 0.023 
 28   I13392    (0)   :  0.077 0.474 0.432 0.017 
 29   I13393    (0)   :  0.191 0.370 0.430 0.010 
 30   I13394    (4)   :  0.477 0.249 0.257 0.018 
 31   I13395    (0)   :  0.404 0.281 0.289 0.026 
 32   I13396    (0)   :  0.116 0.473 0.391 0.020 
 33   I13397    (0)   :  0.034 0.433 0.405 0.128 
 34   I13398    (0)   :  0.022 0.479 0.449 0.050 
 35   I13399    (4)   :  0.118 0.379 0.384 0.118 
 36   I13400    (0)   :  0.100 0.457 0.424 0.019 
 37   I13401    (0)   :  0.419 0.295 0.276 0.011 
 38   I13402    (0)   :  0.050 0.504 0.427 0.019 
 39   I13403    (0)   :  0.135 0.445 0.402 0.018 
 40   I13404    (0)   :  0.029 0.427 0.479 0.065 
 41   I13405    (0)   :  0.026 0.441 0.524 0.008 
 42   I13406   (16)   :  0.028 0.461 0.454 0.057 
 43   I13407    (0)   :  0.038 0.462 0.402 0.098 
 44   I13408    (0)   :  0.024 0.468 0.498 0.010 
 45   I13409    (0)   :  0.068 0.495 0.422 0.015 
 46   I13410    (0)   :  0.025 0.389 0.444 0.142 
 47   I13411    (0)   :  0.017 0.397 0.448 0.139 
 48   I13412    (0)   :  0.335 0.305 0.342 0.019 
 49   I13413    (0)   :  0.134 0.432 0.381 0.053 
 50   I13414    (0)   :  0.072 0.349 0.383 0.197 
 51   I13415    (4)   :  0.077 0.438 0.467 0.018 
 52   I13416    (4)   :  0.161 0.413 0.412 0.015 
 53   I13417    (4)   :  0.162 0.401 0.411 0.027 
 54   I13418    (0)   :  0.146 0.368 0.422 0.063 
 55   I13419    (0)   :  0.048 0.405 0.406 0.141 
 56   I13420    (0)   :  0.249 0.347 0.336 0.068 
 57   I13421    (0)   :  0.203 0.365 0.425 0.008 
 58   I13422    (0)   :  0.316 0.319 0.331 0.035 
 59   I13423    (0)   :  0.143 0.434 0.408 0.014 
 60   I13424    (0)   :  0.046 0.433 0.497 0.024 
 61   I13425    (0)   :  0.074 0.447 0.443 0.036 
 62   I13426    (0)   :  0.528 0.236 0.228 0.009 
 63   I13870    (0)   :  0.454 0.194 0.190 0.162 
 64   I13871   (12)   :  0.056 0.455 0.460 0.029 
 65   I13872    (0)   :  0.053 0.437 0.368 0.141 
 66   I13873    (4)   :  0.203 0.390 0.359 0.048 
 67   I13874    (0)   :  0.312 0.227 0.212 0.249 
 68   I13875    (8)   :  0.146 0.365 0.331 0.158 
 69   I13876    (0)   :  0.597 0.107 0.102 0.195 
 70   I13877   (20)   :  0.057 0.386 0.463 0.093 
 71   I13878   (29)   :  0.050 0.439 0.421 0.090 
 72   I13879    (4)   :  0.020 0.439 0.493 0.048 
 73   I13880    (4)   :  0.092 0.320 0.280 0.308 
 74   I13881    (0)   :  0.398 0.142 0.142 0.317 
 75   I13882    (0)   :  0.049 0.458 0.394 0.099 
 76   I13883    (4)   :  0.291 0.243 0.217 0.248 
 77   I13884   (16)   :  0.123 0.431 0.366 0.079 
 78   I13885   (16)   :  0.023 0.389 0.469 0.120 
 79   I13886    (8)   :  0.034 0.434 0.416 0.116 
 80   I13887    (0)   :  0.228 0.376 0.321 0.075 
 81   I13888    (0)   :  0.209 0.336 0.367 0.088 
 82   I13889    (0)   :  0.681 0.152 0.153 0.014 
 83   I13890   (33)   :  0.444 0.272 0.267 0.018 
 84   I13891    (0)   :  0.049 0.477 0.440 0.035 
 85   I13892    (0)   :  0.252 0.354 0.385 0.009 
 86   I13893    (8)   :  0.190 0.298 0.322 0.191 
 87   I13894    (0)   :  0.034 0.459 0.377 0.131 
 88   I13895    (4)   :  0.290 0.309 0.341 0.060 
 89   I13896    (0)   :  0.211 0.409 0.342 0.037 
 90   I13897    (0)   :  0.017 0.407 0.405 0.171 
 91   I13898    (4)   :  0.070 0.394 0.399 0.137 
 92   I13899    (0)   :  0.028 0.291 0.255 0.426 
 93   I13900   (33)   :  0.268 0.295 0.277 0.161 
 94   I13837    (0)   :  0.058 0.430 0.488 0.023 
 95   I13838    (0)   :  0.723 0.126 0.114 0.036 
 96   I13839    (0)   :  0.165 0.375 0.412 0.048 
 97   I13840    (0)   :  0.140 0.424 0.429 0.008 
 98   I13841    (0)   :  0.410 0.277 0.302 0.011 
 99   I13842    (0)   :  0.466 0.248 0.275 0.011 
100   I13843    (4)   :  0.594 0.191 0.201 0.014 
101   I13844   (16)   :  0.117 0.413 0.452 0.017 
102   I13845    (0)   :  0.024 0.458 0.504 0.014 
103   I13846    (0)   :  0.031 0.435 0.527 0.007 
104   I13847    (0)   :  0.565 0.190 0.177 0.068 
105   I13848    (0)   :  0.295 0.363 0.335 0.007 
106   I13849    (0)   :  0.192 0.388 0.341 0.079 
107   I13850    (0)   :  0.260 0.385 0.348 0.007 
108   I12577    (4)   :  0.917 0.038 0.036 0.009 
109   I12578    (4)   :  0.867 0.065 0.056 0.013 
110   I12579    (8)   :  0.886 0.051 0.052 0.011 
111   I12580    (8)   :  0.909 0.041 0.043 0.008 
112   I12581    (4)   :  0.488 0.245 0.259 0.008 
113   I12582    (4)   :  0.926 0.034 0.034 0.005 
114   I12583    (8)   :  0.706 0.144 0.139 0.012 
115   I12584    (4)   :  0.745 0.131 0.118 0.007 
116   I12585    (4)   :  0.939 0.027 0.026 0.008 
117   I12586    (4)   :  0.923 0.034 0.034 0.008 
118   I12587    (8)   :  0.937 0.028 0.028 0.008 
119   I12588    (4)   :  0.943 0.024 0.024 0.009 
120   I12589    (0)   :  0.896 0.042 0.042 0.021 
121   I12590    (0)   :  0.865 0.060 0.058 0.016 
122   I12591   (12)   :  0.962 0.014 0.015 0.009 
123   I12592    (4)   :  0.909 0.035 0.037 0.020 
124   I12593    (4)   :  0.942 0.025 0.023 0.010 
125   I12594    (8)   :  0.950 0.020 0.020 0.010 
126   I12595    (0)   :  0.819 0.087 0.087 0.006 
127   I12596    (0)   :  0.950 0.022 0.023 0.005 
128   I12597    (4)   :  0.829 0.083 0.077 0.011 
129   I12598    (0)   :  0.805 0.089 0.096 0.010 
130   I12599    (0)   :  0.792 0.098 0.087 0.023 
131   I12600    (4)   :  0.896 0.047 0.047 0.010 
132   I12601    (8)   :  0.925 0.033 0.031 0.011 
133   I12602   (12)   :  0.907 0.044 0.042 0.007 
134   I12603    (0)   :  0.899 0.046 0.046 0.009 
135   I12604    (4)   :  0.868 0.062 0.055 0.014 
136   I12605    (4)   :  0.819 0.092 0.080 0.009 
137   I12606    (8)   :  0.940 0.023 0.023 0.014 
138   I12607    (4)   :  0.883 0.046 0.043 0.028 
139   I12608    (8)   :  0.910 0.041 0.041 0.008 
140   I12609    (8)   :  0.944 0.024 0.024 0.008 
141   I12610   (50)   :  0.898 0.044 0.046 0.012 
142   I12611    (0)   :  0.961 0.017 0.017 0.005 
143   I12612    (0)   :  0.943 0.025 0.025 0.007 
144   I12613    (0)   :  0.936 0.026 0.028 0.010 
145   I12614    (4)   :  0.834 0.067 0.076 0.023 
146   I12615    (0)   :  0.812 0.087 0.086 0.014 
147   I12616    (4)   :  0.822 0.074 0.082 0.021 
148   I12617    (4)   :  0.960 0.016 0.016 0.008 
149   I12618   (45)   :  0.937 0.026 0.026 0.011 
150   I14107    (0)   :  0.080 0.163 0.154 0.603 
151   I14108    (4)   :  0.053 0.026 0.026 0.895 
152   I14109    (0)   :  0.083 0.184 0.177 0.557 
153   I14110    (0)   :  0.028 0.066 0.062 0.844 
154   I14111   (25)   :  0.043 0.294 0.271 0.392 
155   I14113    (0)   :  0.007 0.009 0.010 0.974 
156   I14114    (0)   :  0.034 0.042 0.042 0.882 
157   I14115    (8)   :  0.037 0.202 0.225 0.536 
158   I14116    (0)   :  0.041 0.085 0.089 0.784 
159   I14117    (0)   :  0.071 0.179 0.161 0.590 
160   I14118    (0)   :  0.036 0.034 0.035 0.895 
161   I14119   (20)   :  0.036 0.186 0.176 0.601 
162   I14120    (4)   :  0.047 0.020 0.021 0.913 
163   I14121    (8)   :  0.036 0.115 0.131 0.717 
164   I14122    (4)   :  0.009 0.012 0.012 0.967 
165   I14123    (0)   :  0.081 0.100 0.093 0.726 
166   I14124    (4)   :  0.068 0.138 0.128 0.666 
167   I14125    (4)   :  0.024 0.177 0.181 0.617 
168   I14126    (0)   :  0.038 0.158 0.182 0.622 
169   I14127    (0)   :  0.014 0.033 0.031 0.922 
170   I14128    (0)   :  0.036 0.126 0.147 0.691 
171   I14129    (0)   :  0.036 0.072 0.067 0.825 
172   I14130    (0)   :  0.103 0.122 0.118 0.657 
173   I14131   (20)   :  0.107 0.127 0.130 0.636 
174   I14132   (33)   :  0.082 0.260 0.233 0.425 
175   I14017    (0)   :  0.070 0.161 0.178 0.591 
176   I14018   (25)   :  0.060 0.067 0.065 0.808 
177   I14019    (0)   :  0.030 0.144 0.147 0.679 
178   I14020    (0)   :  0.021 0.284 0.259 0.436 
179   I14021    (0)   :  0.073 0.128 0.131 0.668 
180   I14022    (0)   :  0.025 0.081 0.076 0.819 
181   I14023    (0)   :  0.015 0.076 0.081 0.828 
182   I14024   (12)   :  0.408 0.102 0.095 0.395 
183   I14025    (0)   :  0.097 0.049 0.049 0.806 
184   I14026    (0)   :  0.030 0.161 0.178 0.630 
185   I14027    (0)   :  0.057 0.196 0.195 0.552 
186   I14028    (4)   :  0.042 0.049 0.050 0.859 
187   I14029    (4)   :  0.056 0.089 0.081 0.774 
188   I14030    (0)   :  0.022 0.239 0.276 0.463 
189   I14031    (4)   :  0.015 0.035 0.038 0.911 
190   I14032    (0)   :  0.050 0.172 0.173 0.604 
191   I14033    (0)   :  0.017 0.144 0.153 0.685 
192   I14034    (8)   :  0.022 0.098 0.101 0.779 
193   I14035    (4)   :  0.066 0.083 0.085 0.765 
194   I14036    (0)   :  0.022 0.226 0.242 0.510 
195   I14037    (0)   :  0.227 0.107 0.104 0.562 
196   I14038    (0)   :  0.075 0.092 0.089 0.744 
197   I14039    (4)   :  0.015 0.171 0.184 0.631 
198   I14040    (8)   :  0.141 0.054 0.052 0.753 
199   I14041    (4)   :  0.059 0.015 0.014 0.912 
200   I14042    (4)   :  0.037 0.145 0.160 0.658 
201   I14043    (0)   :  0.029 0.049 0.046 0.876 
202   I14044    (0)   :  0.007 0.009 0.009 0.974 
203   I14045    (4)   :  0.005 0.008 0.008 0.980 
204   I14046    (0)   :  0.010 0.015 0.015 0.960 
205   I14047    (4)   :  0.066 0.017 0.017 0.900 
206   I14048    (0)   :  0.021 0.019 0.018 0.943 
207   I14049    (0)   :  0.020 0.024 0.021 0.935 
208   I14050    (0)   :  0.008 0.011 0.011 0.970 
209   I14051    (0)   :  0.006 0.010 0.010 0.975 
210   I14052    (0)   :  0.039 0.327 0.366 0.267 
211   I14054    (4)   :  0.157 0.208 0.194 0.441 
212   I14055    (4)   :  0.014 0.362 0.437 0.187 
213   I14056    (0)   :  0.089 0.166 0.188 0.558 
214   I14057    (0)   :  0.013 0.034 0.031 0.921 
215   I14058    (0)   :  0.019 0.022 0.023 0.936 
216   I14059    (4)   :  0.016 0.012 0.012 0.959 
217   I14060   (16)   :  0.011 0.014 0.014 0.962 
218   I14062    (0)   :  0.012 0.014 0.013 0.961 
219   I14063    (0)   :  0.006 0.007 0.007 0.981 
220   I14064    (4)   :  0.005 0.007 0.007 0.982 
221   I14065    (0)   :  0.006 0.009 0.009 0.976 
222   I14066    (0)   :  0.023 0.034 0.036 0.908 
223   I14067    (8)   :  0.011 0.014 0.014 0.961 
224   I14068    (4)   :  0.050 0.032 0.030 0.887 
225   I14069    (0)   :  0.007 0.011 0.011 0.970 
226   I14070    (4)   :  0.007 0.012 0.011 0.970 
227   I14071    (0)   :  0.006 0.008 0.008 0.979 
228   I14072    (0)   :  0.010 0.010 0.010 0.970 
229   I14073    (0)   :  0.014 0.066 0.073 0.847 
230   I14074    (0)   :  0.018 0.022 0.021 0.939 
231   I14075    (0)   :  0.007 0.009 0.009 0.975 
232   I14076    (4)   :  0.013 0.021 0.021 0.944 
233   I14077    (4)   :  0.010 0.050 0.054 0.886 
234   I14078    (0)   :  0.010 0.017 0.017 0.955 
235   I14079    (0)   :  0.011 0.019 0.018 0.952 
236   I14080    (0)   :  0.017 0.013 0.013 0.957 
237   I14081    (4)   :  0.023 0.055 0.059 0.864 
238   I14082    (0)   :  0.008 0.014 0.014 0.964 
239   I14083    (4)   :  0.074 0.084 0.073 0.769 


Estimated Allele Frequencies in each cluster
First column gives estimated ancestral frequencies


Locus 1 : A8 
8 alleles
5.0% missing data
 177   (0.400) 0.572 0.515 0.494 0.119 
 179   (0.110) 0.052 0.111 0.127 0.013 
 175   (0.141) 0.010 0.183 0.193 0.699 
 173   (0.094) 0.010 0.056 0.053 0.154 
 181   (0.138) 0.319 0.099 0.098 0.009 
 165   (0.055) 0.032 0.015 0.014 0.003 
 183   (0.034) 0.004 0.015 0.016 0.001 
 171   (0.028) 0.002 0.006 0.005 0.002 

Locus 2 : A14 
5 alleles
0.4% missing data
 112   (0.266) 0.029 0.273 0.268 0.906 
 110   (0.569) 0.834 0.694 0.702 0.047 
 114   (0.062) 0.004 0.020 0.017 0.044 
 118   (0.054) 0.095 0.007 0.006 0.001 
 116   (0.049) 0.037 0.006 0.006 0.002 

Locus 3 : A24 
6 alleles
2.5% missing data
 104   (0.356) 0.357 0.412 0.386 0.318 
 106   (0.468) 0.581 0.551 0.582 0.577 
 101   (0.027) 0.002 0.007 0.006 0.001 
 108   (0.055) 0.004 0.021 0.018 0.050 
  96   (0.061) 0.055 0.006 0.005 0.043 
 102   (0.032) 0.002 0.004 0.004 0.011 

Locus 4 : A29 
31 alleles
6.7% missing data
 143   (0.040) 0.004 0.049 0.047 0.220 
 149   (0.039) 0.058 0.035 0.030 0.007 
 147   (0.034) 0.034 0.008 0.008 0.050 
 153   (0.052) 0.093 0.068 0.076 0.036 
 169   (0.035) 0.037 0.056 0.047 0.002 
 151   (0.041) 0.037 0.051 0.057 0.008 
 145   (0.037) 0.022 0.011 0.010 0.090 
 157   (0.047) 0.148 0.074 0.074 0.006 
 155   (0.069) 0.177 0.089 0.088 0.073 
 159   (0.055) 0.036 0.098 0.087 0.056 
 161   (0.041) 0.006 0.074 0.077 0.028 
 141   (0.042) 0.010 0.026 0.027 0.253 
 139   (0.026) 0.002 0.010 0.011 0.042 
 144   (0.020) 0.002 0.034 0.040 0.001 
 171   (0.034) 0.030 0.065 0.072 0.003 
 163   (0.047) 0.049 0.103 0.100 0.002 
 167   (0.047) 0.059 0.032 0.029 0.035 
 173   (0.022) 0.005 0.020 0.024 0.001 
 142   (0.016) 0.001 0.005 0.005 0.001 
 177   (0.024) 0.040 0.006 0.005 0.001 
 175   (0.022) 0.019 0.006 0.006 0.001 
 165   (0.048) 0.042 0.043 0.040 0.039 
 146   (0.020) 0.001 0.019 0.020 0.001 
 137   (0.022) 0.013 0.005 0.005 0.001 
 183   (0.017) 0.019 0.002 0.001 0.000 
 179   (0.017) 0.017 0.002 0.002 0.000 
 191   (0.016) 0.009 0.002 0.002 0.000 
 185   (0.016) 0.009 0.002 0.002 0.000 
 180   (0.017) 0.019 0.001 0.001 0.000 
 129   (0.018) 0.001 0.001 0.001 0.041 
 187   (0.016) 0.003 0.004 0.003 0.002 

Locus 5 : A43 
7 alleles
2.1% missing data
 123   (0.155) 0.158 0.145 0.135 0.022 
 141   (0.040) 0.002 0.006 0.006 0.047 
 137   (0.605) 0.697 0.808 0.815 0.777 
 139   (0.100) 0.065 0.032 0.036 0.146 
 124   (0.035) 0.059 0.003 0.003 0.001 
 143   (0.038) 0.009 0.004 0.004 0.006 
 128   (0.027) 0.009 0.002 0.002 0.001 

Locus 6 : A79 
13 alleles
2.9% missing data
 103   (0.205) 0.186 0.325 0.326 0.254 
  97   (0.126) 0.058 0.129 0.114 0.435 
 101   (0.114) 0.038 0.146 0.158 0.228 
 107   (0.104) 0.071 0.127 0.144 0.029 
 109   (0.079) 0.090 0.072 0.070 0.002 
 105   (0.149) 0.402 0.139 0.127 0.043 
 111   (0.047) 0.032 0.022 0.019 0.001 
 113   (0.028) 0.004 0.009 0.008 0.002 
  91   (0.030) 0.072 0.002 0.002 0.001 
  99   (0.041) 0.025 0.013 0.014 0.001 
 115   (0.030) 0.010 0.011 0.011 0.001 
 117   (0.024) 0.004 0.004 0.004 0.001 
 121   (0.024) 0.007 0.003 0.002 0.001 

Locus 7 : A88 
9 alleles
6.3% missing data
 133   (0.042) 0.003 0.008 0.007 0.021 
 149   (0.405) 0.774 0.531 0.518 0.068 
 137   (0.128) 0.017 0.102 0.109 0.343 
 147   (0.167) 0.088 0.314 0.324 0.009 
 141   (0.112) 0.083 0.026 0.025 0.515 
 152   (0.028) 0.003 0.006 0.005 0.001 
 143   (0.039) 0.003 0.006 0.005 0.022 
 151   (0.046) 0.011 0.004 0.004 0.019 
 144   (0.031) 0.018 0.003 0.003 0.001 

Locus 8 : A113 
15 alleles
5.4% missing data
 214   (0.315) 0.719 0.784 0.793 0.066 
 226   (0.096) 0.042 0.053 0.050 0.164 
 218   (0.034) 0.003 0.006 0.006 0.008 
 220   (0.083) 0.130 0.024 0.024 0.046 
 216   (0.067) 0.049 0.020 0.018 0.015 
 230   (0.067) 0.008 0.041 0.043 0.074 
 234   (0.052) 0.006 0.022 0.019 0.074 
 232   (0.046) 0.007 0.010 0.010 0.087 
 228   (0.056) 0.015 0.012 0.011 0.266 
 224   (0.030) 0.003 0.002 0.002 0.052 
 222   (0.049) 0.011 0.012 0.010 0.058 
 208   (0.024) 0.002 0.005 0.006 0.001 
 236   (0.028) 0.002 0.002 0.002 0.060 
 212   (0.026) 0.002 0.004 0.003 0.011 
 239   (0.028) 0.003 0.002 0.002 0.019 

Locus 9 : Ac11 
11 alleles
3.8% missing data
 111   (0.160) 0.027 0.162 0.164 0.869 
 117   (0.239) 0.191 0.393 0.398 0.059 
 115   (0.208) 0.236 0.308 0.310 0.026 
 113   (0.135) 0.271 0.101 0.093 0.015 
 119   (0.065) 0.165 0.014 0.014 0.008 
 121   (0.040) 0.057 0.004 0.004 0.002 
 123   (0.037) 0.021 0.006 0.006 0.001 
 127   (0.035) 0.022 0.005 0.005 0.001 
 125   (0.026) 0.007 0.003 0.003 0.001 
 105   (0.028) 0.002 0.002 0.002 0.013 
 109   (0.027) 0.002 0.002 0.002 0.006 

Locus 10 : Ac88 
10 alleles
0.4% missing data
 214   (0.591) 0.892 0.847 0.861 0.228 
 216   (0.040) 0.003 0.018 0.019 0.003 
 220   (0.148) 0.028 0.111 0.098 0.739 
 230   (0.037) 0.019 0.006 0.006 0.001 
 221   (0.028) 0.009 0.002 0.002 0.001 
 212   (0.030) 0.018 0.002 0.002 0.001 
 217   (0.038) 0.008 0.007 0.007 0.002 
 224   (0.030) 0.018 0.002 0.002 0.001 
 222   (0.028) 0.002 0.003 0.002 0.005 
 210   (0.030) 0.002 0.002 0.002 0.020 

Locus 11 : Ac139 
9 alleles
9.6% missing data
 327   (0.308) 0.746 0.499 0.488 0.010 
 329   (0.325) 0.135 0.381 0.391 0.607 
 331   (0.119) 0.027 0.065 0.061 0.186 
 328   (0.072) 0.006 0.039 0.044 0.125 
 341   (0.029) 0.010 0.002 0.002 0.001 
 337   (0.035) 0.048 0.003 0.003 0.001 
 323   (0.029) 0.009 0.003 0.003 0.001 
 339   (0.047) 0.017 0.005 0.004 0.015 
 333   (0.036) 0.002 0.004 0.003 0.055 

Locus 12 : Ap15 
7 alleles
4.6% missing data
 202   (0.740) 0.807 0.953 0.957 0.940 
 212   (0.051) 0.003 0.019 0.017 0.021 
 204   (0.071) 0.041 0.013 0.012 0.033 
 208   (0.038) 0.059 0.004 0.004 0.001 
 220   (0.037) 0.069 0.003 0.003 0.001 
 219   (0.028) 0.009 0.002 0.002 0.001 
 210   (0.037) 0.011 0.005 0.005 0.003 

Locus 13 : Ap68 
9 alleles
5.9% missing data
 158   (0.320) 0.316 0.413 0.382 0.560 
 160   (0.107) 0.023 0.115 0.122 0.045 
 156   (0.247) 0.343 0.292 0.310 0.178 
 162   (0.061) 0.013 0.017 0.016 0.118 
 154   (0.070) 0.012 0.115 0.122 0.002 
 152   (0.072) 0.246 0.025 0.027 0.003 
 164   (0.069) 0.023 0.017 0.015 0.092 
 170   (0.026) 0.006 0.004 0.004 0.001 
 166   (0.028) 0.018 0.002 0.002 0.001 

Locus 14 : Ap85 
11 alleles
4.2% missing data
 202   (0.261) 0.522 0.318 0.306 0.093 
 186   (0.245) 0.104 0.386 0.410 0.834 
 204   (0.078) 0.042 0.038 0.039 0.011 
 188   (0.085) 0.023 0.141 0.137 0.004 
 194   (0.097) 0.029 0.075 0.068 0.033 
 196   (0.069) 0.113 0.016 0.015 0.013 
 200   (0.044) 0.095 0.008 0.008 0.001 
 192   (0.032) 0.011 0.006 0.006 0.001 
 190   (0.026) 0.002 0.006 0.006 0.001 
 198   (0.038) 0.057 0.003 0.003 0.004 
 208   (0.026) 0.002 0.003 0.003 0.005 

Locus 15 : Ap90 
14 alleles
0.4% missing data
 131   (0.296) 0.521 0.484 0.493 0.586 
 135   (0.099) 0.082 0.059 0.057 0.073 
 133   (0.195) 0.216 0.296 0.287 0.191 
 129   (0.115) 0.085 0.102 0.108 0.075 
 137   (0.058) 0.016 0.017 0.017 0.060 
 141   (0.023) 0.002 0.006 0.005 0.001 
 143   (0.027) 0.002 0.011 0.010 0.001 
 151   (0.031) 0.008 0.008 0.007 0.001 
 155   (0.023) 0.004 0.004 0.004 0.001 
 145   (0.024) 0.009 0.002 0.002 0.001 
 130   (0.025) 0.018 0.002 0.002 0.001 
 139   (0.036) 0.012 0.005 0.005 0.008 
 153   (0.026) 0.018 0.002 0.002 0.001 
 147   (0.023) 0.006 0.003 0.002 0.002 

Locus 16 : Ap223 
9 alleles
1.7% missing data
 183   (0.516) 0.882 0.662 0.665 0.258 
 187   (0.164) 0.016 0.255 0.256 0.397 
 189   (0.054) 0.003 0.018 0.020 0.035 
 173   (0.101) 0.051 0.028 0.026 0.286 
 182   (0.036) 0.004 0.016 0.015 0.001 
 180   (0.033) 0.009 0.008 0.007 0.001 
 179   (0.037) 0.030 0.006 0.005 0.001 
 177   (0.027) 0.002 0.003 0.003 0.004 
 185   (0.031) 0.002 0.003 0.003 0.017 

Locus 17 : Ap224 
7 alleles
2.5% missing data
 283   (0.144) 0.022 0.182 0.179 0.084 
 287   (0.327) 0.475 0.485 0.481 0.034 
 281   (0.186) 0.048 0.143 0.155 0.788 
 289   (0.216) 0.405 0.140 0.142 0.058 
 291   (0.056) 0.004 0.042 0.036 0.007 
 285   (0.038) 0.002 0.005 0.005 0.028 
 279   (0.034) 0.044 0.002 0.002 0.001 

Locus 18 : Ap226 
7 alleles
11.7% missing data
 237   (0.297) 0.360 0.369 0.376 0.019 
 239   (0.380) 0.579 0.490 0.482 0.022 
 247   (0.192) 0.037 0.124 0.125 0.917 
 235   (0.031) 0.003 0.006 0.006 0.001 
 241   (0.031) 0.014 0.002 0.002 0.001 
 249   (0.038) 0.004 0.003 0.003 0.038 
 233   (0.031) 0.003 0.005 0.006 0.002 

Locus 19 : Ap249 
10 alleles
2.5% missing data
 209   (0.419) 0.712 0.644 0.655 0.068 
 211   (0.058) 0.005 0.049 0.051 0.001 
 217   (0.129) 0.021 0.127 0.118 0.134 
 219   (0.144) 0.019 0.128 0.124 0.648 
 215   (0.089) 0.225 0.028 0.030 0.006 
 208   (0.028) 0.002 0.007 0.006 0.001 
 225   (0.035) 0.004 0.003 0.003 0.030 
 223   (0.042) 0.002 0.006 0.007 0.108 
 213   (0.028) 0.009 0.002 0.002 0.001 
 207   (0.028) 0.002 0.005 0.004 0.003 

Locus 20 : Ap273 
4 alleles
3.3% missing data
 106   (0.813) 0.943 0.956 0.957 0.635 
 108   (0.082) 0.024 0.025 0.025 0.016 
 104   (0.051) 0.003 0.008 0.008 0.345 
 102   (0.054) 0.029 0.011 0.010 0.004 

Locus 21 : Ap274 
3 alleles
2.5% missing data
 120   (0.918) 0.912 0.989 0.989 0.993 
 122   (0.053) 0.086 0.009 0.009 0.001 
 112   (0.029) 0.002 0.002 0.002 0.006 

Locus 22 : Ap288 
7 alleles
0.0% missing data
 123   (0.570) 0.938 0.724 0.730 0.105 
 131   (0.243) 0.050 0.238 0.235 0.742 
 139   (0.060) 0.004 0.022 0.020 0.047 
 121   (0.029) 0.002 0.005 0.005 0.001 
 124   (0.029) 0.002 0.006 0.006 0.001 
 133   (0.036) 0.002 0.003 0.003 0.055 
 127   (0.033) 0.002 0.002 0.002 0.050 

Locus 23 : At163 
7 alleles
1.3% missing data
 128   (0.614) 0.912 0.718 0.733 0.425 
 134   (0.234) 0.061 0.257 0.244 0.557 
 130   (0.031) 0.002 0.012 0.010 0.001 
 136   (0.037) 0.002 0.005 0.005 0.015 
 140   (0.028) 0.007 0.003 0.003 0.001 
 146   (0.028) 0.007 0.003 0.003 0.001 
 142   (0.028) 0.009 0.002 0.002 0.001 

Locus 24 : At188 
15 alleles
2.9% missing data
 189   (0.366) 0.878 0.753 0.757 0.069 
 205   (0.054) 0.003 0.030 0.025 0.112 
 207   (0.040) 0.003 0.044 0.049 0.002 
 219   (0.046) 0.003 0.014 0.013 0.019 
 209   (0.062) 0.006 0.030 0.033 0.141 
 217   (0.056) 0.004 0.026 0.023 0.063 
 215   (0.043) 0.003 0.010 0.010 0.087 
 199   (0.088) 0.057 0.030 0.031 0.173 
 212   (0.041) 0.006 0.021 0.020 0.005 
 213   (0.056) 0.004 0.024 0.021 0.143 
 211   (0.038) 0.002 0.006 0.005 0.119 
 191   (0.025) 0.001 0.006 0.006 0.001 
 187   (0.028) 0.026 0.002 0.002 0.001 
 203   (0.028) 0.002 0.003 0.002 0.012 
 221   (0.028) 0.002 0.002 0.002 0.052 

Values of parameters used in structure:
DATAFILE=E:\AU\Alexander\alex3\STRUCTURE\alex3\project_data,	OUTFILE=E:\AU\Alexander\alex3\STRUCTURE\alex3\long\Results\long_run_3,	NUMINDS=239,	NUMLOCI=24,	MISSING=-9,	LABEL=1,	POPDATA=0,	POPFLAG=1,	PHENOTYPE=0,	EXTRACOLS=1,	MAXPOPS=4,	BURNIN=100000,	NUMREPS=1000000,	USEPOPINFO=0,	INFERALPHA=1,	INFERLAMBDA=0,	POPSPECIFICLAMBDA=0,	POPALPHAS=0,	COMPUTEPROB=1,	NOADMIX=0,	ADMBURNIN=2500,	UPDATEFREQ=1,	PRINTLIKES=0,	INTERMEDSAVE=0,	PRINTKLD=0,	PRINTNET=0,	PRINTLAMBDA=0,	ANCESTDIST=0,	NUMBOXES=1000,	ANCESTPINT=0.90000,	GENSBACK=2,	MIGRPRIOR=0.05000,	PRINTQHAT=0,	PRINTQSUM=0,	ALPHA=1.0000,	FREQSCORR=1,	FPRIORMEAN=0.0100,	FPRIORSD=0.0500,	ONEFST=0,	LAMBDA=1.0000,	UNIFPRIORALPHA=1,	ALPHAMAX=10.0000,	ALPHAPRIORA=1.0000,	ALPHAPRIORB=2.0000,	ALPHAPROPSD=0.0250,	STARTATPOPINFO=0,	RANDOMIZE=1,	LINKAGE=0,	METROFREQ=10,	REPORTHITRATE=0,	MARKOVPHASE=-1,	PHASED=0,	PLOIDY=2,	PHASEINFO=0	LOCPRIOR=0, 	LOCPRIORINIT=1.000000, 	LOCDATA=0, 	LOCISPOP=0, 	LOCPRIORSTEP=0.100000, 	MAXLOCPRIOR=20.000000, 	SEED=1335135174,	
[STRAT parameters]:    NUMSIMSTATS=1000,	PHENOTYPECOL=-9,	POOLFREQ=10,	LOCUSxONLY=0,	EMERROR=0.00100,	MISSINGPHENO=-9,	