

----------------------------------------------------
STRUCTURE by Pritchard, Stephens and Donnelly (2000)
     and Falush, Stephens and Pritchard (2003)
       Code by Pritchard, Falush and Hubisz
             Version 2.3.2.1 (Oct 2009)
----------------------------------------------------



Command line arguments:   bin\structure -m E:\AU\Alexander\alex3\STRUCTURE\alex3\long\mainparams -e E:\AU\Alexander\alex3\STRUCTURE\alex3\long\extraparams 
Input File:    E:\AU\Alexander\alex3\STRUCTURE\alex3\project_data

Run parameters:
   239 individuals
   24 loci
   5 populations assumed
   100000 Burn-in period
   1000000 Reps


--------------------------------------------
Overall proportion of membership of the
sample in each of the 5 clusters

Inferred Clusters
  1      2      3      4      5    
0.153  0.157  0.156  0.219  0.315  

--------------------------------------------

Allele-freq. divergence among pops (Net nucleotide distance),
computed using point estimates of P.

      1       2       3       4       5      
 1      -    0.0008  0.0010  0.0352  0.1788  
 2   0.0008     -    0.0004  0.0318  0.1868  
 3   0.0010  0.0004     -    0.0312  0.1851  
 4   0.0352  0.0318  0.0312     -    0.2904  
 5   0.1788  0.1868  0.1851  0.2904     -    

Average distances (expected heterozygosity) between individuals in same cluster:
cluster  1  : 0.5177 
cluster  2  : 0.5109 
cluster  3  : 0.5176 
cluster  4  : 0.4508 
cluster  5  : 0.4787 

--------------------------------------------
Estimated Ln Prob of Data   = -12082.0
Mean value of ln likelihood = -11653.7
Variance of ln likelihood   = 856.5
Mean value of alpha         = 0.1177

Mean value of Fst_1         = 0.1431
Mean value of Fst_2         = 0.1457
Mean value of Fst_3         = 0.1396
Mean value of Fst_4         = 0.1320
Mean value of Fst_5         = 0.2303


Inferred ancestry of individuals:
        Label (%Miss) :  Inferred clusters
  1   I13825    (0)   :  0.275 0.283 0.364 0.023 0.056 
  2   I13826    (0)   :  0.260 0.195 0.218 0.046 0.281 
  3   I13827   (20)   :  0.296 0.329 0.306 0.025 0.043 
  4   I13828    (0)   :  0.283 0.300 0.364 0.023 0.030 
  5   I13829    (8)   :  0.347 0.303 0.306 0.022 0.022 
  6   I13830    (0)   :  0.275 0.256 0.207 0.035 0.227 
  7   I13831    (0)   :  0.234 0.394 0.317 0.023 0.031 
  8   I13832   (16)   :  0.308 0.322 0.314 0.046 0.010 
  9   I13833    (0)   :  0.238 0.383 0.338 0.027 0.014 
 10   I13834    (0)   :  0.307 0.320 0.317 0.017 0.039 
 11   I13835    (0)   :  0.294 0.301 0.379 0.013 0.013 
 12   I13836    (0)   :  0.380 0.294 0.283 0.025 0.017 
 13   I13377    (0)   :  0.236 0.383 0.312 0.059 0.009 
 14   I13378    (0)   :  0.255 0.326 0.375 0.030 0.014 
 15   I13379    (0)   :  0.230 0.358 0.311 0.030 0.072 
 16   I13380    (0)   :  0.256 0.329 0.311 0.092 0.012 
 17   I13381    (0)   :  0.403 0.260 0.251 0.070 0.016 
 18   I13382    (0)   :  0.412 0.288 0.263 0.017 0.020 
 19   I13383    (0)   :  0.349 0.297 0.272 0.059 0.023 
 20   I13384    (0)   :  0.368 0.314 0.243 0.048 0.027 
 21   I13385    (0)   :  0.289 0.345 0.346 0.014 0.007 
 22   I13386    (0)   :  0.416 0.239 0.230 0.023 0.091 
 23   I13387    (0)   :  0.273 0.279 0.312 0.027 0.109 
 24   I13388    (0)   :  0.287 0.267 0.253 0.161 0.032 
 25   I13389    (0)   :  0.221 0.389 0.310 0.074 0.006 
 26   I13390    (0)   :  0.377 0.320 0.247 0.038 0.017 
 27   I13391    (0)   :  0.195 0.353 0.304 0.132 0.016 
 28   I13392    (0)   :  0.255 0.310 0.359 0.062 0.014 
 29   I13393    (0)   :  0.350 0.242 0.236 0.165 0.007 
 30   I13394    (4)   :  0.158 0.279 0.224 0.327 0.012 
 31   I13395    (0)   :  0.152 0.268 0.213 0.347 0.021 
 32   I13396    (0)   :  0.256 0.276 0.363 0.090 0.015 
 33   I13397    (0)   :  0.225 0.313 0.318 0.024 0.119 
 34   I13398    (0)   :  0.288 0.321 0.336 0.016 0.039 
 35   I13399    (4)   :  0.196 0.378 0.291 0.051 0.084 
 36   I13400    (0)   :  0.229 0.338 0.353 0.065 0.015 
 37   I13401    (0)   :  0.184 0.216 0.237 0.356 0.008 
 38   I13402    (0)   :  0.254 0.313 0.384 0.035 0.015 
 39   I13403    (0)   :  0.261 0.267 0.335 0.124 0.014 
 40   I13404    (0)   :  0.344 0.324 0.261 0.024 0.047 
 41   I13405    (0)   :  0.287 0.368 0.314 0.024 0.007 
 42   I13406   (16)   :  0.327 0.285 0.327 0.022 0.039 
 43   I13407    (0)   :  0.257 0.266 0.359 0.031 0.087 
 44   I13408    (0)   :  0.299 0.349 0.326 0.019 0.008 
 45   I13409    (0)   :  0.280 0.281 0.379 0.049 0.010 
 46   I13410    (0)   :  0.318 0.291 0.254 0.020 0.118 
 47   I13411    (0)   :  0.310 0.297 0.247 0.014 0.133 
 48   I13412    (0)   :  0.307 0.220 0.190 0.270 0.012 
 49   I13413    (0)   :  0.247 0.304 0.315 0.094 0.040 
 50   I13414    (0)   :  0.378 0.259 0.229 0.037 0.098 
 51   I13415    (4)   :  0.270 0.335 0.328 0.052 0.015 
 52   I13416    (4)   :  0.244 0.348 0.287 0.110 0.011 
 53   I13417    (4)   :  0.254 0.313 0.303 0.111 0.019 
 54   I13418    (0)   :  0.386 0.255 0.215 0.109 0.035 
 55   I13419    (0)   :  0.308 0.271 0.290 0.028 0.103 
 56   I13420    (0)   :  0.261 0.243 0.260 0.189 0.048 
 57   I13421    (0)   :  0.280 0.266 0.228 0.220 0.006 
 58   I13422    (0)   :  0.215 0.258 0.225 0.272 0.029 
 59   I13423    (0)   :  0.317 0.259 0.318 0.097 0.009 
 60   I13424    (0)   :  0.317 0.345 0.282 0.036 0.020 
 61   I13425    (0)   :  0.297 0.308 0.314 0.057 0.024 
 62   I13426    (0)   :  0.133 0.204 0.183 0.474 0.007 
 63   I13870    (0)   :  0.130 0.176 0.163 0.392 0.139 
 64   I13871   (12)   :  0.258 0.377 0.303 0.037 0.026 
 65   I13872    (0)   :  0.261 0.261 0.346 0.032 0.100 
 66   I13873    (4)   :  0.282 0.238 0.284 0.165 0.031 
 67   I13874    (0)   :  0.192 0.158 0.189 0.258 0.203 
 68   I13875    (8)   :  0.205 0.304 0.279 0.083 0.129 
 69   I13876    (0)   :  0.122 0.116 0.114 0.495 0.152 
 70   I13877   (20)   :  0.432 0.246 0.241 0.035 0.045 
 71   I13878   (29)   :  0.282 0.290 0.317 0.038 0.072 
 72   I13879    (4)   :  0.341 0.305 0.301 0.015 0.037 
 73   I13880    (4)   :  0.202 0.245 0.231 0.056 0.266 
 74   I13881    (0)   :  0.107 0.129 0.129 0.333 0.302 
 75   I13882    (0)   :  0.285 0.264 0.344 0.036 0.071 
 76   I13883    (4)   :  0.156 0.185 0.219 0.227 0.213 
 77   I13884   (16)   :  0.247 0.265 0.334 0.090 0.064 
 78   I13885   (16)   :  0.399 0.279 0.237 0.015 0.070 
 79   I13886    (8)   :  0.237 0.324 0.308 0.025 0.107 
 80   I13887    (0)   :  0.245 0.234 0.320 0.151 0.050 
 81   I13888    (0)   :  0.331 0.254 0.219 0.146 0.050 
 82   I13889    (0)   :  0.087 0.147 0.125 0.631 0.011 
 83   I13890   (33)   :  0.170 0.195 0.197 0.424 0.014 
 84   I13891    (0)   :  0.335 0.285 0.319 0.038 0.023 
 85   I13892    (0)   :  0.260 0.303 0.224 0.205 0.007 
 86   I13893    (8)   :  0.236 0.269 0.218 0.119 0.159 
 87   I13894    (0)   :  0.256 0.258 0.366 0.025 0.095 
 88   I13895    (4)   :  0.282 0.256 0.224 0.198 0.039 
 89   I13896    (0)   :  0.230 0.244 0.313 0.184 0.029 
 90   I13897    (0)   :  0.246 0.309 0.299 0.012 0.134 
 91   I13898    (4)   :  0.308 0.244 0.296 0.054 0.098 
 92   I13899    (0)   :  0.165 0.182 0.210 0.023 0.420 
 93   I13900   (33)   :  0.194 0.286 0.255 0.148 0.117 
 94   I13837    (0)   :  0.273 0.365 0.305 0.041 0.016 
 95   I13838    (0)   :  0.087 0.080 0.092 0.712 0.029 
 96   I13839    (0)   :  0.261 0.315 0.281 0.108 0.035 
 97   I13840    (0)   :  0.235 0.360 0.299 0.100 0.006 
 98   I13841    (0)   :  0.230 0.175 0.188 0.399 0.008 
 99   I13842    (0)   :  0.158 0.230 0.196 0.409 0.008 
100   I13843    (4)   :  0.171 0.133 0.134 0.552 0.010 
101   I13844   (16)   :  0.246 0.344 0.309 0.087 0.015 
102   I13845    (0)   :  0.353 0.312 0.305 0.019 0.011 
103   I13846    (0)   :  0.382 0.322 0.262 0.029 0.006 
104   I13847    (0)   :  0.137 0.152 0.164 0.495 0.052 
105   I13848    (0)   :  0.225 0.279 0.269 0.223 0.005 
106   I13849    (0)   :  0.257 0.248 0.314 0.130 0.050 
107   I13850    (0)   :  0.222 0.224 0.294 0.255 0.006 
108   I12577    (4)   :  0.030 0.031 0.032 0.900 0.007 
109   I12578    (4)   :  0.041 0.054 0.053 0.841 0.010 
110   I12579    (8)   :  0.042 0.050 0.045 0.854 0.009 
111   I12580    (8)   :  0.032 0.033 0.030 0.898 0.006 
112   I12581    (4)   :  0.158 0.217 0.198 0.421 0.006 
113   I12582    (4)   :  0.026 0.026 0.026 0.918 0.004 
114   I12583    (8)   :  0.113 0.115 0.124 0.640 0.009 
115   I12584    (4)   :  0.087 0.081 0.108 0.718 0.005 
116   I12585    (4)   :  0.022 0.021 0.023 0.928 0.006 
117   I12586    (4)   :  0.033 0.030 0.028 0.903 0.006 
118   I12587    (8)   :  0.023 0.022 0.022 0.927 0.006 
119   I12588    (4)   :  0.019 0.022 0.021 0.930 0.008 
120   I12589    (0)   :  0.034 0.036 0.035 0.878 0.016 
121   I12590    (0)   :  0.047 0.047 0.048 0.846 0.012 
122   I12591   (12)   :  0.012 0.012 0.012 0.957 0.007 
123   I12592    (4)   :  0.032 0.033 0.030 0.889 0.016 
124   I12593    (4)   :  0.020 0.018 0.021 0.932 0.008 
125   I12594    (8)   :  0.018 0.017 0.017 0.941 0.007 
126   I12595    (0)   :  0.073 0.080 0.074 0.767 0.005 
127   I12596    (0)   :  0.021 0.018 0.019 0.938 0.004 
128   I12597    (4)   :  0.068 0.074 0.081 0.769 0.008 
129   I12598    (0)   :  0.080 0.069 0.065 0.778 0.008 
130   I12599    (0)   :  0.065 0.064 0.074 0.779 0.018 
131   I12600    (4)   :  0.036 0.035 0.037 0.884 0.008 
132   I12601    (8)   :  0.027 0.032 0.031 0.902 0.009 
133   I12602   (12)   :  0.031 0.036 0.035 0.892 0.006 
134   I12603    (0)   :  0.042 0.042 0.040 0.869 0.007 
135   I12604    (4)   :  0.042 0.043 0.048 0.857 0.011 
136   I12605    (4)   :  0.057 0.052 0.071 0.812 0.007 
137   I12606    (8)   :  0.021 0.021 0.020 0.927 0.011 
138   I12607    (4)   :  0.040 0.042 0.044 0.850 0.024 
139   I12608    (8)   :  0.033 0.036 0.035 0.890 0.006 
140   I12609    (8)   :  0.020 0.020 0.021 0.932 0.006 
141   I12610   (50)   :  0.035 0.040 0.036 0.880 0.009 
142   I12611    (0)   :  0.013 0.014 0.014 0.955 0.004 
143   I12612    (0)   :  0.019 0.020 0.021 0.934 0.005 
144   I12613    (0)   :  0.021 0.023 0.021 0.926 0.008 
145   I12614    (4)   :  0.086 0.056 0.055 0.787 0.016 
146   I12615    (0)   :  0.062 0.085 0.074 0.768 0.011 
147   I12616    (4)   :  0.072 0.068 0.055 0.790 0.015 
148   I12617    (4)   :  0.013 0.013 0.013 0.955 0.006 
149   I12618   (45)   :  0.021 0.023 0.022 0.924 0.009 
150   I14107    (0)   :  0.103 0.121 0.119 0.063 0.594 
151   I14108    (4)   :  0.022 0.022 0.023 0.043 0.890 
152   I14109    (0)   :  0.152 0.122 0.146 0.056 0.525 
153   I14110    (0)   :  0.056 0.047 0.055 0.020 0.822 
154   I14111   (25)   :  0.219 0.195 0.231 0.026 0.329 
155   I14113    (0)   :  0.008 0.008 0.008 0.006 0.971 
156   I14114    (0)   :  0.034 0.033 0.034 0.026 0.873 
157   I14115    (8)   :  0.182 0.138 0.134 0.029 0.518 
158   I14116    (0)   :  0.072 0.073 0.064 0.029 0.763 
159   I14117    (0)   :  0.119 0.124 0.137 0.050 0.569 
160   I14118    (0)   :  0.029 0.029 0.029 0.028 0.886 
161   I14119   (20)   :  0.127 0.118 0.145 0.026 0.584 
162   I14120    (4)   :  0.018 0.018 0.017 0.039 0.908 
163   I14121    (8)   :  0.099 0.094 0.077 0.026 0.704 
164   I14122    (4)   :  0.010 0.010 0.010 0.007 0.963 
165   I14123    (0)   :  0.074 0.072 0.077 0.063 0.714 
166   I14124    (4)   :  0.089 0.093 0.110 0.052 0.656 
167   I14125    (4)   :  0.107 0.139 0.123 0.019 0.612 
168   I14126    (0)   :  0.152 0.121 0.100 0.026 0.600 
169   I14127    (0)   :  0.029 0.026 0.027 0.011 0.907 
170   I14128    (0)   :  0.115 0.095 0.087 0.027 0.676 
171   I14129    (0)   :  0.055 0.055 0.058 0.026 0.807 
172   I14130    (0)   :  0.091 0.096 0.089 0.081 0.643 
173   I14131   (20)   :  0.117 0.095 0.102 0.074 0.611 
174   I14132   (33)   :  0.161 0.166 0.194 0.069 0.410 
175   I14017    (0)   :  0.139 0.123 0.111 0.050 0.576 
176   I14018   (25)   :  0.045 0.057 0.054 0.045 0.800 
177   I14019    (0)   :  0.105 0.099 0.109 0.022 0.665 
178   I14020    (0)   :  0.177 0.170 0.223 0.015 0.415 
179   I14021    (0)   :  0.091 0.100 0.094 0.056 0.659 
180   I14022    (0)   :  0.062 0.056 0.066 0.018 0.799 
181   I14023    (0)   :  0.060 0.062 0.057 0.010 0.812 
182   I14024   (12)   :  0.133 0.119 0.129 0.277 0.344 
183   I14025    (0)   :  0.049 0.043 0.040 0.078 0.789 
184   I14026    (0)   :  0.095 0.138 0.117 0.021 0.628 
185   I14027    (0)   :  0.143 0.156 0.136 0.036 0.529 
186   I14028    (4)   :  0.036 0.043 0.040 0.031 0.851 
187   I14029    (4)   :  0.067 0.060 0.070 0.042 0.761 
188   I14030    (0)   :  0.238 0.175 0.146 0.014 0.427 
189   I14031    (4)   :  0.036 0.028 0.027 0.011 0.898 
190   I14032    (0)   :  0.157 0.130 0.119 0.027 0.567 
191   I14033    (0)   :  0.142 0.100 0.098 0.012 0.648 
192   I14034    (8)   :  0.076 0.070 0.072 0.017 0.766 
193   I14035    (4)   :  0.063 0.067 0.065 0.051 0.753 
194   I14036    (0)   :  0.200 0.146 0.152 0.016 0.486 
195   I14037    (0)   :  0.096 0.095 0.090 0.182 0.537 
196   I14038    (0)   :  0.064 0.076 0.072 0.055 0.734 
197   I14039    (4)   :  0.133 0.121 0.116 0.012 0.619 
198   I14040    (8)   :  0.047 0.049 0.048 0.118 0.738 
199   I14041    (4)   :  0.014 0.013 0.014 0.055 0.904 
200   I14042    (4)   :  0.124 0.104 0.107 0.027 0.638 
201   I14043    (0)   :  0.043 0.038 0.042 0.021 0.855 
202   I14044    (0)   :  0.008 0.008 0.008 0.006 0.971 
203   I14045    (4)   :  0.007 0.007 0.007 0.004 0.976 
204   I14046    (0)   :  0.013 0.012 0.013 0.008 0.955 
205   I14047    (4)   :  0.018 0.017 0.017 0.057 0.891 
206   I14048    (0)   :  0.017 0.016 0.018 0.016 0.933 
207   I14049    (0)   :  0.017 0.017 0.020 0.015 0.931 
208   I14050    (0)   :  0.009 0.008 0.009 0.007 0.968 
209   I14051    (0)   :  0.009 0.008 0.008 0.005 0.971 
210   I14052    (0)   :  0.301 0.254 0.198 0.027 0.220 
211   I14054    (4)   :  0.137 0.185 0.176 0.098 0.404 
212   I14055    (4)   :  0.351 0.273 0.250 0.010 0.116 
213   I14056    (0)   :  0.164 0.119 0.108 0.070 0.540 
214   I14057    (0)   :  0.027 0.025 0.030 0.010 0.908 
215   I14058    (0)   :  0.019 0.018 0.018 0.015 0.931 
216   I14059    (4)   :  0.011 0.010 0.011 0.013 0.955 
217   I14060   (16)   :  0.011 0.010 0.011 0.008 0.959 
218   I14062    (0)   :  0.011 0.011 0.011 0.009 0.959 
219   I14063    (0)   :  0.006 0.005 0.005 0.004 0.979 
220   I14064    (4)   :  0.005 0.005 0.005 0.004 0.980 
221   I14065    (0)   :  0.007 0.007 0.007 0.005 0.974 
222   I14066    (0)   :  0.028 0.025 0.025 0.018 0.903 
223   I14067    (8)   :  0.011 0.011 0.011 0.009 0.958 
224   I14068    (4)   :  0.029 0.026 0.030 0.042 0.873 
225   I14069    (0)   :  0.009 0.009 0.009 0.005 0.967 
226   I14070    (4)   :  0.011 0.010 0.010 0.006 0.963 
227   I14071    (0)   :  0.007 0.006 0.006 0.005 0.976 
228   I14072    (0)   :  0.008 0.008 0.008 0.007 0.967 
229   I14073    (0)   :  0.048 0.050 0.047 0.011 0.844 
230   I14074    (0)   :  0.017 0.018 0.018 0.014 0.933 
231   I14075    (0)   :  0.008 0.008 0.008 0.005 0.971 
232   I14076    (4)   :  0.017 0.019 0.018 0.010 0.936 
233   I14077    (4)   :  0.055 0.039 0.041 0.008 0.858 
234   I14078    (0)   :  0.013 0.014 0.014 0.008 0.951 
235   I14079    (0)   :  0.016 0.015 0.016 0.008 0.945 
236   I14080    (0)   :  0.012 0.012 0.012 0.014 0.950 
237   I14081    (4)   :  0.057 0.044 0.046 0.017 0.836 
238   I14082    (0)   :  0.012 0.011 0.011 0.007 0.960 
239   I14083    (4)   :  0.056 0.061 0.070 0.058 0.754 


Estimated Allele Frequencies in each cluster
First column gives estimated ancestral frequencies


Locus 1 : A8 
8 alleles
5.0% missing data
 177   (0.421) 0.456 0.484 0.520 0.575 0.119 
 179   (0.108) 0.135 0.114 0.105 0.053 0.011 
 175   (0.151) 0.226 0.189 0.176 0.012 0.700 
 173   (0.083) 0.044 0.056 0.057 0.009 0.157 
 181   (0.138) 0.098 0.122 0.108 0.315 0.009 
 165   (0.048) 0.016 0.015 0.016 0.032 0.003 
 183   (0.028) 0.020 0.015 0.013 0.003 0.001 
 171   (0.023) 0.006 0.005 0.006 0.002 0.001 

Locus 2 : A14 
5 alleles
0.4% missing data
 112   (0.268) 0.294 0.256 0.276 0.031 0.905 
 110   (0.596) 0.676 0.713 0.690 0.824 0.046 
 114   (0.052) 0.016 0.016 0.020 0.004 0.045 
 118   (0.044) 0.008 0.007 0.008 0.103 0.001 
 116   (0.040) 0.007 0.007 0.007 0.038 0.002 

Locus 3 : A24 
6 alleles
2.5% missing data
 104   (0.365) 0.364 0.381 0.406 0.359 0.320 
 106   (0.488) 0.601 0.585 0.554 0.575 0.575 
 101   (0.022) 0.006 0.006 0.007 0.001 0.001 
 108   (0.048) 0.017 0.018 0.022 0.004 0.050 
  96   (0.049) 0.006 0.006 0.007 0.058 0.045 
 102   (0.028) 0.005 0.005 0.005 0.002 0.010 

Locus 4 : A29 
31 alleles
6.7% missing data
 143   (0.041) 0.044 0.047 0.050 0.004 0.225 
 149   (0.040) 0.026 0.031 0.036 0.058 0.007 
 147   (0.035) 0.017 0.012 0.012 0.035 0.047 
 153   (0.056) 0.070 0.076 0.070 0.093 0.036 
 169   (0.036) 0.042 0.042 0.054 0.037 0.002 
 151   (0.040) 0.061 0.051 0.048 0.037 0.008 
 145   (0.036) 0.012 0.012 0.013 0.024 0.092 
 157   (0.049) 0.071 0.087 0.072 0.146 0.007 
 155   (0.075) 0.090 0.091 0.092 0.178 0.073 
 159   (0.058) 0.081 0.076 0.095 0.036 0.057 
 161   (0.039) 0.085 0.066 0.074 0.006 0.021 
 141   (0.039) 0.025 0.030 0.030 0.009 0.259 
 139   (0.025) 0.019 0.011 0.011 0.002 0.039 
 144   (0.024) 0.035 0.038 0.032 0.002 0.001 
 171   (0.037) 0.073 0.077 0.058 0.027 0.003 
 163   (0.052) 0.086 0.094 0.099 0.050 0.002 
 167   (0.047) 0.032 0.035 0.033 0.057 0.035 
 173   (0.020) 0.027 0.022 0.017 0.005 0.001 
 142   (0.014) 0.005 0.005 0.005 0.001 0.001 
 177   (0.022) 0.005 0.006 0.007 0.042 0.001 
 175   (0.020) 0.006 0.011 0.009 0.015 0.001 
 165   (0.050) 0.045 0.041 0.044 0.041 0.037 
 146   (0.019) 0.020 0.018 0.017 0.001 0.001 
 137   (0.020) 0.005 0.005 0.006 0.013 0.001 
 183   (0.016) 0.002 0.002 0.002 0.020 0.000 
 179   (0.016) 0.003 0.003 0.003 0.017 0.000 
 191   (0.015) 0.002 0.002 0.002 0.009 0.000 
 185   (0.015) 0.003 0.002 0.002 0.009 0.000 
 180   (0.015) 0.001 0.001 0.001 0.021 0.000 
 129   (0.016) 0.002 0.001 0.002 0.001 0.043 
 187   (0.014) 0.004 0.004 0.004 0.002 0.002 

Locus 5 : A43 
7 alleles
2.1% missing data
 123   (0.152) 0.137 0.130 0.147 0.155 0.020 
 141   (0.035) 0.007 0.007 0.008 0.002 0.048 
 137   (0.646) 0.793 0.819 0.800 0.696 0.777 
 139   (0.085) 0.052 0.034 0.034 0.066 0.148 
 124   (0.028) 0.003 0.003 0.003 0.064 0.001 
 143   (0.031) 0.005 0.005 0.006 0.009 0.005 
 128   (0.022) 0.002 0.002 0.002 0.010 0.001 

Locus 6 : A79 
13 alleles
2.9% missing data
 103   (0.230) 0.334 0.304 0.320 0.185 0.251 
  97   (0.130) 0.115 0.111 0.135 0.059 0.438 
 101   (0.112) 0.126 0.171 0.148 0.035 0.232 
 107   (0.103) 0.181 0.126 0.115 0.069 0.026 
 109   (0.074) 0.059 0.080 0.071 0.088 0.002 
 105   (0.151) 0.118 0.140 0.146 0.409 0.044 
 111   (0.043) 0.019 0.021 0.021 0.032 0.001 
 113   (0.024) 0.011 0.009 0.009 0.003 0.002 
  91   (0.026) 0.003 0.003 0.003 0.077 0.001 
  99   (0.039) 0.015 0.014 0.013 0.026 0.001 
 115   (0.027) 0.012 0.014 0.011 0.008 0.001 
 117   (0.020) 0.005 0.004 0.005 0.004 0.001 
 121   (0.020) 0.004 0.003 0.004 0.006 0.001 

Locus 7 : A88 
9 alleles
6.3% missing data
 133   (0.036) 0.008 0.008 0.009 0.003 0.020 
 149   (0.435) 0.497 0.530 0.528 0.780 0.067 
 137   (0.121) 0.131 0.102 0.105 0.016 0.339 
 147   (0.181) 0.307 0.301 0.299 0.083 0.009 
 141   (0.105) 0.036 0.036 0.036 0.084 0.523 
 152   (0.023) 0.005 0.007 0.006 0.002 0.001 
 143   (0.034) 0.007 0.007 0.007 0.003 0.021 
 151   (0.038) 0.006 0.005 0.006 0.011 0.019 
 144   (0.026) 0.004 0.003 0.004 0.018 0.001 

Locus 8 : A113 
15 alleles
5.4% missing data
 214   (0.385) 0.763 0.761 0.759 0.722 0.066 
 226   (0.088) 0.065 0.051 0.055 0.040 0.160 
 218   (0.028) 0.006 0.007 0.006 0.002 0.007 
 220   (0.071) 0.022 0.031 0.029 0.133 0.047 
 216   (0.061) 0.020 0.023 0.024 0.047 0.014 
 230   (0.063) 0.040 0.047 0.040 0.008 0.075 
 234   (0.050) 0.021 0.022 0.024 0.005 0.073 
 232   (0.042) 0.011 0.014 0.012 0.006 0.087 
 228   (0.053) 0.018 0.016 0.017 0.015 0.270 
 224   (0.024) 0.003 0.003 0.003 0.002 0.054 
 222   (0.042) 0.012 0.011 0.014 0.010 0.058 
 208   (0.021) 0.007 0.006 0.005 0.002 0.000 
 236   (0.024) 0.003 0.002 0.003 0.002 0.062 
 212   (0.024) 0.005 0.004 0.005 0.002 0.010 
 239   (0.025) 0.004 0.003 0.003 0.003 0.019 

Locus 9 : Ac11 
11 alleles
3.8% missing data
 111   (0.165) 0.183 0.168 0.168 0.028 0.874 
 117   (0.257) 0.377 0.380 0.378 0.189 0.056 
 115   (0.226) 0.307 0.298 0.299 0.232 0.025 
 113   (0.126) 0.082 0.108 0.106 0.272 0.015 
 119   (0.060) 0.020 0.019 0.019 0.169 0.007 
 121   (0.035) 0.007 0.006 0.006 0.059 0.002 
 123   (0.032) 0.008 0.007 0.008 0.020 0.001 
 127   (0.031) 0.007 0.006 0.006 0.021 0.001 
 125   (0.022) 0.004 0.004 0.004 0.007 0.001 
 105   (0.023) 0.003 0.002 0.002 0.001 0.013 
 109   (0.022) 0.003 0.003 0.003 0.002 0.005 

Locus 10 : Ac88 
10 alleles
0.4% missing data
 214   (0.640) 0.847 0.851 0.837 0.893 0.222 
 216   (0.035) 0.023 0.017 0.016 0.003 0.002 
 220   (0.143) 0.100 0.104 0.117 0.029 0.747 
 230   (0.032) 0.009 0.009 0.009 0.015 0.001 
 221   (0.022) 0.002 0.002 0.002 0.010 0.001 
 212   (0.024) 0.002 0.002 0.002 0.020 0.001 
 217   (0.031) 0.008 0.007 0.008 0.008 0.002 
 224   (0.024) 0.003 0.003 0.003 0.019 0.001 
 222   (0.023) 0.003 0.003 0.003 0.002 0.005 
 210   (0.025) 0.002 0.002 0.002 0.002 0.020 

Locus 11 : Ac139 
9 alleles
9.6% missing data
 327   (0.342) 0.423 0.490 0.498 0.756 0.011 
 329   (0.343) 0.429 0.387 0.373 0.126 0.605 
 331   (0.106) 0.063 0.062 0.070 0.026 0.187 
 328   (0.061) 0.063 0.040 0.038 0.005 0.125 
 341   (0.025) 0.003 0.003 0.003 0.010 0.001 
 337   (0.029) 0.004 0.003 0.003 0.050 0.001 
 323   (0.025) 0.004 0.004 0.004 0.009 0.001 
 339   (0.039) 0.006 0.006 0.006 0.016 0.015 
 333   (0.031) 0.005 0.004 0.005 0.002 0.056 

Locus 12 : Ap15 
7 alleles
4.6% missing data
 202   (0.777) 0.951 0.949 0.943 0.803 0.942 
 212   (0.043) 0.016 0.016 0.020 0.003 0.020 
 204   (0.062) 0.015 0.017 0.017 0.039 0.033 
 208   (0.034) 0.005 0.006 0.006 0.062 0.001 
 220   (0.031) 0.004 0.004 0.004 0.073 0.001 
 219   (0.023) 0.003 0.003 0.003 0.009 0.001 
 210   (0.030) 0.006 0.006 0.006 0.010 0.003 

Locus 13 : Ap68 
9 alleles
5.9% missing data
 158   (0.341) 0.374 0.397 0.418 0.306 0.560 
 160   (0.106) 0.118 0.121 0.111 0.022 0.043 
 156   (0.260) 0.331 0.290 0.285 0.347 0.177 
 162   (0.054) 0.019 0.017 0.021 0.012 0.119 
 154   (0.068) 0.097 0.123 0.110 0.010 0.002 
 152   (0.066) 0.039 0.028 0.028 0.257 0.003 
 164   (0.059) 0.016 0.017 0.019 0.023 0.094 
 170   (0.022) 0.004 0.005 0.005 0.005 0.001 
 166   (0.024) 0.003 0.002 0.003 0.019 0.001 

Locus 14 : Ap85 
11 alleles
4.2% missing data
 202   (0.281) 0.296 0.299 0.325 0.528 0.094 
 186   (0.261) 0.416 0.427 0.370 0.098 0.838 
 204   (0.070) 0.038 0.042 0.041 0.038 0.010 
 188   (0.089) 0.123 0.119 0.136 0.023 0.004 
 194   (0.091) 0.071 0.063 0.076 0.028 0.031 
 196   (0.062) 0.021 0.017 0.019 0.117 0.012 
 200   (0.043) 0.013 0.013 0.012 0.094 0.001 
 192   (0.028) 0.008 0.007 0.007 0.010 0.001 
 190   (0.022) 0.007 0.006 0.006 0.002 0.001 
 198   (0.032) 0.004 0.004 0.004 0.061 0.004 
 208   (0.022) 0.004 0.003 0.004 0.002 0.004 

Locus 15 : Ap90 
14 alleles
0.4% missing data
 131   (0.328) 0.476 0.485 0.484 0.529 0.592 
 135   (0.094) 0.070 0.063 0.061 0.082 0.069 
 133   (0.210) 0.271 0.286 0.290 0.213 0.191 
 129   (0.113) 0.122 0.100 0.098 0.084 0.075 
 137   (0.050) 0.016 0.022 0.019 0.014 0.060 
 141   (0.020) 0.005 0.005 0.007 0.002 0.000 
 143   (0.024) 0.010 0.010 0.010 0.002 0.001 
 151   (0.027) 0.007 0.007 0.009 0.008 0.001 
 155   (0.020) 0.004 0.005 0.005 0.003 0.001 
 145   (0.021) 0.002 0.002 0.002 0.010 0.000 
 130   (0.022) 0.002 0.002 0.002 0.019 0.000 
 139   (0.032) 0.008 0.007 0.006 0.012 0.007 
 153   (0.021) 0.002 0.002 0.002 0.019 0.000 
 147   (0.020) 0.004 0.004 0.004 0.004 0.001 

Locus 16 : Ap223 
9 alleles
1.7% missing data
 183   (0.548) 0.674 0.662 0.662 0.882 0.254 
 187   (0.175) 0.237 0.255 0.245 0.018 0.397 
 189   (0.047) 0.019 0.019 0.020 0.003 0.035 
 173   (0.089) 0.033 0.029 0.033 0.050 0.291 
 182   (0.031) 0.014 0.013 0.015 0.004 0.001 
 180   (0.029) 0.008 0.007 0.009 0.008 0.001 
 179   (0.032) 0.006 0.006 0.007 0.031 0.001 
 177   (0.022) 0.004 0.004 0.004 0.002 0.004 
 185   (0.026) 0.005 0.004 0.004 0.002 0.017 

Locus 17 : Ap224 
7 alleles
2.5% missing data
 283   (0.134) 0.140 0.190 0.178 0.020 0.083 
 287   (0.362) 0.484 0.467 0.470 0.467 0.033 
 281   (0.185) 0.191 0.154 0.149 0.049 0.791 
 289   (0.206) 0.144 0.148 0.151 0.411 0.058 
 291   (0.052) 0.033 0.033 0.042 0.004 0.006 
 285   (0.033) 0.006 0.006 0.006 0.002 0.028 
 279   (0.028) 0.003 0.003 0.003 0.047 0.001 

Locus 18 : Ap226 
7 alleles
11.7% missing data
 237   (0.309) 0.370 0.374 0.362 0.356 0.018 
 239   (0.401) 0.463 0.473 0.489 0.582 0.022 
 247   (0.182) 0.145 0.135 0.131 0.038 0.919 
 235   (0.025) 0.007 0.006 0.006 0.003 0.001 
 241   (0.025) 0.003 0.003 0.003 0.015 0.001 
 249   (0.031) 0.004 0.003 0.004 0.004 0.038 
 233   (0.025) 0.007 0.006 0.005 0.003 0.001 

Locus 19 : Ap249 
10 alleles
2.5% missing data
 209   (0.460) 0.636 0.669 0.633 0.701 0.067 
 211   (0.057) 0.048 0.045 0.048 0.005 0.001 
 217   (0.122) 0.111 0.105 0.126 0.022 0.134 
 219   (0.144) 0.139 0.120 0.133 0.019 0.651 
 215   (0.081) 0.034 0.034 0.032 0.235 0.006 
 208   (0.023) 0.005 0.006 0.007 0.002 0.001 
 225   (0.030) 0.004 0.004 0.004 0.003 0.030 
 223   (0.038) 0.014 0.010 0.009 0.003 0.107 
 213   (0.023) 0.003 0.003 0.003 0.009 0.001 
 207   (0.022) 0.005 0.005 0.005 0.002 0.002 

Locus 20 : Ap273 
4 alleles
3.3% missing data
 106   (0.837) 0.946 0.951 0.950 0.945 0.628 
 108   (0.072) 0.030 0.026 0.026 0.024 0.015 
 104   (0.046) 0.012 0.012 0.011 0.003 0.353 
 102   (0.045) 0.012 0.011 0.013 0.028 0.004 

Locus 21 : Ap274 
3 alleles
2.5% missing data
 120   (0.930) 0.985 0.986 0.986 0.909 0.993 
 122   (0.046) 0.013 0.011 0.011 0.089 0.001 
 112   (0.024) 0.003 0.003 0.003 0.002 0.006 

Locus 22 : Ap288 
7 alleles
0.0% missing data
 123   (0.600) 0.711 0.730 0.721 0.938 0.103 
 131   (0.243) 0.250 0.233 0.239 0.051 0.742 
 139   (0.052) 0.019 0.019 0.022 0.004 0.047 
 121   (0.023) 0.007 0.006 0.005 0.002 0.001 
 124   (0.024) 0.006 0.007 0.006 0.002 0.001 
 133   (0.031) 0.004 0.004 0.005 0.002 0.055 
 127   (0.027) 0.003 0.002 0.002 0.002 0.052 

Locus 23 : At163 
7 alleles
1.3% missing data
 128   (0.637) 0.742 0.728 0.717 0.913 0.422 
 134   (0.235) 0.230 0.246 0.254 0.061 0.562 
 130   (0.026) 0.009 0.010 0.012 0.002 0.001 
 136   (0.033) 0.009 0.007 0.006 0.002 0.014 
 140   (0.023) 0.004 0.004 0.004 0.007 0.001 
 146   (0.023) 0.004 0.003 0.004 0.007 0.001 
 142   (0.023) 0.003 0.003 0.003 0.008 0.001 

Locus 24 : At188 
15 alleles
2.9% missing data
 189   (0.436) 0.746 0.739 0.731 0.882 0.069 
 205   (0.050) 0.026 0.026 0.033 0.003 0.111 
 207   (0.038) 0.041 0.046 0.044 0.003 0.002 
 219   (0.040) 0.013 0.013 0.014 0.003 0.019 
 209   (0.054) 0.027 0.036 0.031 0.005 0.144 
 217   (0.051) 0.021 0.025 0.028 0.004 0.063 
 215   (0.039) 0.014 0.012 0.011 0.003 0.087 
 199   (0.084) 0.051 0.037 0.039 0.055 0.167 
 212   (0.035) 0.016 0.024 0.022 0.004 0.004 
 213   (0.049) 0.023 0.022 0.026 0.004 0.145 
 211   (0.032) 0.007 0.006 0.007 0.002 0.122 
 191   (0.021) 0.007 0.006 0.006 0.001 0.001 
 187   (0.023) 0.003 0.002 0.002 0.027 0.001 
 203   (0.023) 0.003 0.003 0.003 0.002 0.012 
 221   (0.024) 0.002 0.002 0.002 0.001 0.054 

Values of parameters used in structure:
DATAFILE=E:\AU\Alexander\alex3\STRUCTURE\alex3\project_data,	OUTFILE=E:\AU\Alexander\alex3\STRUCTURE\alex3\long\Results\long_run_4,	NUMINDS=239,	NUMLOCI=24,	MISSING=-9,	LABEL=1,	POPDATA=0,	POPFLAG=1,	PHENOTYPE=0,	EXTRACOLS=1,	MAXPOPS=5,	BURNIN=100000,	NUMREPS=1000000,	USEPOPINFO=0,	INFERALPHA=1,	INFERLAMBDA=0,	POPSPECIFICLAMBDA=0,	POPALPHAS=0,	COMPUTEPROB=1,	NOADMIX=0,	ADMBURNIN=2500,	UPDATEFREQ=1,	PRINTLIKES=0,	INTERMEDSAVE=0,	PRINTKLD=0,	PRINTNET=0,	PRINTLAMBDA=0,	ANCESTDIST=0,	NUMBOXES=1000,	ANCESTPINT=0.90000,	GENSBACK=2,	MIGRPRIOR=0.05000,	PRINTQHAT=0,	PRINTQSUM=0,	ALPHA=1.0000,	FREQSCORR=1,	FPRIORMEAN=0.0100,	FPRIORSD=0.0500,	ONEFST=0,	LAMBDA=1.0000,	UNIFPRIORALPHA=1,	ALPHAMAX=10.0000,	ALPHAPRIORA=1.0000,	ALPHAPRIORB=2.0000,	ALPHAPROPSD=0.0250,	STARTATPOPINFO=0,	RANDOMIZE=1,	LINKAGE=0,	METROFREQ=10,	REPORTHITRATE=0,	MARKOVPHASE=-1,	PHASED=0,	PLOIDY=2,	PHASEINFO=0	LOCPRIOR=0, 	LOCPRIORINIT=1.000000, 	LOCDATA=0, 	LOCISPOP=0, 	LOCPRIORSTEP=0.100000, 	MAXLOCPRIOR=20.000000, 	SEED=1335139730,	
[STRAT parameters]:    NUMSIMSTATS=1000,	PHENOTYPECOL=-9,	POOLFREQ=10,	LOCUSxONLY=0,	EMERROR=0.00100,	MISSINGPHENO=-9,	