

----------------------------------------------------
STRUCTURE by Pritchard, Stephens and Donnelly (2000)
     and Falush, Stephens and Pritchard (2003)
       Code by Pritchard, Falush and Hubisz
             Version 2.3.2.1 (Oct 2009)
----------------------------------------------------



Command line arguments:   bin\structure -m E:\AU\Alexander\alex3\STRUCTURE\alex3\long\mainparams -e E:\AU\Alexander\alex3\STRUCTURE\alex3\long\extraparams 
Input File:    E:\AU\Alexander\alex3\STRUCTURE\alex3\project_data

Run parameters:
   239 individuals
   24 loci
   3 populations assumed
   100000 Burn-in period
   1000000 Reps


--------------------------------------------
Overall proportion of membership of the
sample in each of the 3 clusters

Inferred Clusters
  1      2      3    
0.372  0.348  0.280  

--------------------------------------------

Allele-freq. divergence among pops (Net nucleotide distance),
computed using point estimates of P.

      1       2       3      
 1      -    0.1941  0.0315  
 2   0.1941     -    0.2830  
 3   0.0315  0.2830     -    

Average distances (expected heterozygosity) between individuals in same cluster:
cluster  1  : 0.4859 
cluster  2  : 0.4867 
cluster  3  : 0.4502 

--------------------------------------------
Estimated Ln Prob of Data   = -12068.0
Mean value of ln likelihood = -11852.6
Variance of ln likelihood   = 430.7
Mean value of alpha         = 0.1955

Mean value of Fst_1         = 0.1755
Mean value of Fst_2         = 0.2232
Mean value of Fst_3         = 0.1559


Inferred ancestry of individuals:
        Label (%Miss) :  Inferred clusters
  1   I13825    (0)   :  0.749 0.173 0.078 
  2   I13826    (0)   :  0.489 0.389 0.122 
  3   I13827   (20)   :  0.864 0.080 0.056 
  4   I13828    (0)   :  0.856 0.082 0.062 
  5   I13829    (8)   :  0.940 0.030 0.030 
  6   I13830    (0)   :  0.612 0.309 0.079 
  7   I13831    (0)   :  0.918 0.040 0.042 
  8   I13832   (16)   :  0.905 0.016 0.080 
  9   I13833    (0)   :  0.938 0.022 0.040 
 10   I13834    (0)   :  0.922 0.054 0.024 
 11   I13835    (0)   :  0.946 0.026 0.029 
 12   I13836    (0)   :  0.917 0.041 0.042 
 13   I13377    (0)   :  0.882 0.017 0.102 
 14   I13378    (0)   :  0.842 0.029 0.129 
 15   I13379    (0)   :  0.865 0.077 0.058 
 16   I13380    (0)   :  0.835 0.021 0.144 
 17   I13381    (0)   :  0.832 0.047 0.121 
 18   I13382    (0)   :  0.929 0.045 0.026 
 19   I13383    (0)   :  0.765 0.049 0.185 
 20   I13384    (0)   :  0.880 0.048 0.072 
 21   I13385    (0)   :  0.967 0.011 0.022 
 22   I13386    (0)   :  0.761 0.176 0.063 
 23   I13387    (0)   :  0.727 0.209 0.064 
 24   I13388    (0)   :  0.318 0.149 0.533 
 25   I13389    (0)   :  0.889 0.010 0.101 
 26   I13390    (0)   :  0.918 0.032 0.050 
 27   I13391    (0)   :  0.705 0.039 0.257 
 28   I13392    (0)   :  0.854 0.027 0.119 
 29   I13393    (0)   :  0.719 0.014 0.267 
 30   I13394    (4)   :  0.407 0.026 0.567 
 31   I13395    (0)   :  0.516 0.036 0.448 
 32   I13396    (0)   :  0.616 0.044 0.340 
 33   I13397    (0)   :  0.767 0.176 0.058 
 34   I13398    (0)   :  0.896 0.070 0.035 
 35   I13399    (4)   :  0.687 0.142 0.171 
 36   I13400    (0)   :  0.824 0.026 0.150 
 37   I13401    (0)   :  0.588 0.013 0.399 
 38   I13402    (0)   :  0.764 0.068 0.168 
 39   I13403    (0)   :  0.790 0.026 0.184 
 40   I13404    (0)   :  0.895 0.074 0.031 
 41   I13405    (0)   :  0.945 0.012 0.044 
 42   I13406   (16)   :  0.880 0.083 0.037 
 43   I13407    (0)   :  0.745 0.172 0.084 
 44   I13408    (0)   :  0.959 0.011 0.029 
 45   I13409    (0)   :  0.781 0.025 0.194 
 46   I13410    (0)   :  0.830 0.140 0.030 
 47   I13411    (0)   :  0.790 0.187 0.023 
 48   I13412    (0)   :  0.585 0.025 0.390 
 49   I13413    (0)   :  0.616 0.099 0.286 
 50   I13414    (0)   :  0.577 0.273 0.150 
 51   I13415    (4)   :  0.890 0.023 0.087 
 52   I13416    (4)   :  0.789 0.020 0.190 
 53   I13417    (4)   :  0.807 0.034 0.159 
 54   I13418    (0)   :  0.604 0.117 0.279 
 55   I13419    (0)   :  0.745 0.181 0.074 
 56   I13420    (0)   :  0.627 0.087 0.286 
 57   I13421    (0)   :  0.760 0.010 0.229 
 58   I13422    (0)   :  0.609 0.048 0.343 
 59   I13423    (0)   :  0.692 0.026 0.282 
 60   I13424    (0)   :  0.901 0.030 0.068 
 61   I13425    (0)   :  0.851 0.051 0.098 
 62   I13426    (0)   :  0.386 0.012 0.602 
 63   I13870    (0)   :  0.288 0.191 0.522 
 64   I13871   (12)   :  0.882 0.034 0.084 
 65   I13872    (0)   :  0.626 0.224 0.150 
 66   I13873    (4)   :  0.610 0.078 0.313 
 67   I13874    (0)   :  0.291 0.308 0.401 
 68   I13875    (8)   :  0.561 0.212 0.227 
 69   I13876    (0)   :  0.096 0.227 0.676 
 70   I13877   (20)   :  0.746 0.146 0.108 
 71   I13878   (29)   :  0.830 0.109 0.061 
 72   I13879    (4)   :  0.922 0.054 0.024 
 73   I13880    (4)   :  0.441 0.363 0.196 
 74   I13881    (0)   :  0.209 0.332 0.459 
 75   I13882    (0)   :  0.711 0.178 0.111 
 76   I13883    (4)   :  0.218 0.329 0.452 
 77   I13884   (16)   :  0.555 0.149 0.296 
 78   I13885   (16)   :  0.813 0.156 0.030 
 79   I13886    (8)   :  0.811 0.144 0.045 
 80   I13887    (0)   :  0.282 0.160 0.558 
 81   I13888    (0)   :  0.555 0.130 0.315 
 82   I13889    (0)   :  0.313 0.018 0.670 
 83   I13890   (33)   :  0.445 0.026 0.528 
 84   I13891    (0)   :  0.876 0.050 0.074 
 85   I13892    (0)   :  0.597 0.015 0.388 
 86   I13893    (8)   :  0.522 0.209 0.269 
 87   I13894    (0)   :  0.493 0.311 0.196 
 88   I13895    (4)   :  0.515 0.092 0.394 
 89   I13896    (0)   :  0.466 0.111 0.423 
 90   I13897    (0)   :  0.757 0.219 0.024 
 91   I13898    (4)   :  0.697 0.190 0.114 
 92   I13899    (0)   :  0.502 0.452 0.046 
 93   I13900   (33)   :  0.319 0.238 0.443 
 94   I13837    (0)   :  0.901 0.030 0.070 
 95   I13838    (0)   :  0.163 0.057 0.780 
 96   I13839    (0)   :  0.747 0.070 0.183 
 97   I13840    (0)   :  0.829 0.010 0.161 
 98   I13841    (0)   :  0.567 0.014 0.419 
 99   I13842    (0)   :  0.520 0.014 0.466 
100   I13843    (4)   :  0.347 0.019 0.634 
101   I13844   (16)   :  0.850 0.021 0.129 
102   I13845    (0)   :  0.949 0.018 0.033 
103   I13846    (0)   :  0.948 0.010 0.043 
104   I13847    (0)   :  0.265 0.094 0.641 
105   I13848    (0)   :  0.599 0.009 0.392 
106   I13849    (0)   :  0.419 0.149 0.432 
107   I13850    (0)   :  0.623 0.010 0.367 
108   I12577    (4)   :  0.040 0.011 0.949 
109   I12578    (4)   :  0.077 0.018 0.905 
110   I12579    (8)   :  0.072 0.015 0.913 
111   I12580    (8)   :  0.057 0.010 0.933 
112   I12581    (4)   :  0.444 0.011 0.545 
113   I12582    (4)   :  0.047 0.007 0.946 
114   I12583    (8)   :  0.169 0.019 0.811 
115   I12584    (4)   :  0.097 0.010 0.894 
116   I12585    (4)   :  0.032 0.010 0.957 
117   I12586    (4)   :  0.040 0.010 0.950 
118   I12587    (8)   :  0.039 0.010 0.951 
119   I12588    (4)   :  0.031 0.012 0.957 
120   I12589    (0)   :  0.053 0.028 0.919 
121   I12590    (0)   :  0.073 0.021 0.905 
122   I12591   (12)   :  0.018 0.012 0.970 
123   I12592    (4)   :  0.047 0.027 0.927 
124   I12593    (4)   :  0.022 0.014 0.964 
125   I12594    (8)   :  0.024 0.013 0.963 
126   I12595    (0)   :  0.121 0.009 0.870 
127   I12596    (0)   :  0.028 0.007 0.965 
128   I12597    (4)   :  0.072 0.016 0.912 
129   I12598    (0)   :  0.150 0.015 0.835 
130   I12599    (0)   :  0.083 0.035 0.882 
131   I12600    (4)   :  0.063 0.014 0.923 
132   I12601    (8)   :  0.034 0.014 0.952 
133   I12602   (12)   :  0.050 0.009 0.940 
134   I12603    (0)   :  0.053 0.012 0.936 
135   I12604    (4)   :  0.067 0.019 0.914 
136   I12605    (4)   :  0.059 0.014 0.927 
137   I12606    (8)   :  0.027 0.019 0.954 
138   I12607    (4)   :  0.046 0.034 0.920 
139   I12608    (8)   :  0.052 0.011 0.938 
140   I12609    (8)   :  0.029 0.011 0.960 
141   I12610   (50)   :  0.061 0.015 0.924 
142   I12611    (0)   :  0.021 0.007 0.972 
143   I12612    (0)   :  0.031 0.009 0.960 
144   I12613    (0)   :  0.041 0.014 0.945 
145   I12614    (4)   :  0.089 0.031 0.880 
146   I12615    (0)   :  0.126 0.020 0.853 
147   I12616    (4)   :  0.109 0.031 0.860 
148   I12617    (4)   :  0.019 0.011 0.970 
149   I12618   (45)   :  0.031 0.015 0.954 
150   I14107    (0)   :  0.279 0.613 0.108 
151   I14108    (4)   :  0.031 0.903 0.066 
152   I14109    (0)   :  0.244 0.610 0.145 
153   I14110    (0)   :  0.074 0.880 0.046 
154   I14111   (25)   :  0.406 0.488 0.106 
155   I14113    (0)   :  0.012 0.978 0.009 
156   I14114    (0)   :  0.055 0.900 0.045 
157   I14115    (8)   :  0.408 0.542 0.050 
158   I14116    (0)   :  0.123 0.817 0.060 
159   I14117    (0)   :  0.267 0.619 0.115 
160   I14118    (0)   :  0.045 0.908 0.047 
161   I14119   (20)   :  0.287 0.643 0.070 
162   I14120    (4)   :  0.025 0.920 0.054 
163   I14121    (8)   :  0.190 0.752 0.058 
164   I14122    (4)   :  0.015 0.974 0.011 
165   I14123    (0)   :  0.124 0.751 0.125 
166   I14124    (4)   :  0.190 0.698 0.112 
167   I14125    (4)   :  0.355 0.615 0.030 
168   I14126    (0)   :  0.289 0.653 0.058 
169   I14127    (0)   :  0.043 0.938 0.019 
170   I14128    (0)   :  0.223 0.718 0.058 
171   I14129    (0)   :  0.088 0.857 0.055 
172   I14130    (0)   :  0.181 0.677 0.142 
173   I14131   (20)   :  0.172 0.674 0.155 
174   I14132   (33)   :  0.411 0.452 0.137 
175   I14017    (0)   :  0.273 0.618 0.109 
176   I14018   (25)   :  0.095 0.820 0.085 
177   I14019    (0)   :  0.252 0.702 0.046 
178   I14020    (0)   :  0.479 0.485 0.036 
179   I14021    (0)   :  0.197 0.690 0.113 
180   I14022    (0)   :  0.107 0.854 0.038 
181   I14023    (0)   :  0.130 0.848 0.023 
182   I14024   (12)   :  0.068 0.425 0.507 
183   I14025    (0)   :  0.057 0.823 0.120 
184   I14026    (0)   :  0.324 0.638 0.038 
185   I14027    (0)   :  0.324 0.579 0.097 
186   I14028    (4)   :  0.079 0.866 0.055 
187   I14029    (4)   :  0.115 0.794 0.091 
188   I14030    (0)   :  0.503 0.467 0.030 
189   I14031    (4)   :  0.051 0.929 0.020 
190   I14032    (0)   :  0.240 0.647 0.113 
191   I14033    (0)   :  0.260 0.712 0.027 
192   I14034    (8)   :  0.160 0.808 0.031 
193   I14035    (4)   :  0.122 0.789 0.089 
194   I14036    (0)   :  0.446 0.524 0.031 
195   I14037    (0)   :  0.127 0.591 0.282 
196   I14038    (0)   :  0.128 0.764 0.108 
197   I14039    (4)   :  0.332 0.647 0.021 
198   I14040    (8)   :  0.064 0.770 0.166 
199   I14041    (4)   :  0.016 0.925 0.059 
200   I14042    (4)   :  0.260 0.688 0.052 
201   I14043    (0)   :  0.052 0.904 0.043 
202   I14044    (0)   :  0.012 0.978 0.010 
203   I14045    (4)   :  0.009 0.985 0.006 
204   I14046    (0)   :  0.019 0.968 0.013 
205   I14047    (4)   :  0.019 0.914 0.067 
206   I14048    (0)   :  0.017 0.956 0.027 
207   I14049    (0)   :  0.023 0.950 0.027 
208   I14050    (0)   :  0.013 0.976 0.011 
209   I14051    (0)   :  0.012 0.980 0.007 
210   I14052    (0)   :  0.633 0.304 0.063 
211   I14054    (4)   :  0.272 0.486 0.242 
212   I14055    (4)   :  0.741 0.240 0.019 
213   I14056    (0)   :  0.262 0.590 0.148 
214   I14057    (0)   :  0.035 0.946 0.019 
215   I14058    (0)   :  0.030 0.946 0.024 
216   I14059    (4)   :  0.015 0.966 0.020 
217   I14060   (16)   :  0.018 0.967 0.015 
218   I14062    (0)   :  0.018 0.967 0.015 
219   I14063    (0)   :  0.009 0.984 0.007 
220   I14064    (4)   :  0.009 0.985 0.006 
221   I14065    (0)   :  0.011 0.981 0.008 
222   I14066    (0)   :  0.053 0.916 0.031 
223   I14067    (8)   :  0.018 0.967 0.015 
224   I14068    (4)   :  0.029 0.910 0.060 
225   I14069    (0)   :  0.015 0.976 0.009 
226   I14070    (4)   :  0.014 0.977 0.010 
227   I14071    (0)   :  0.010 0.983 0.007 
228   I14072    (0)   :  0.014 0.974 0.013 
229   I14073    (0)   :  0.114 0.866 0.019 
230   I14074    (0)   :  0.026 0.950 0.024 
231   I14075    (0)   :  0.011 0.980 0.008 
232   I14076    (4)   :  0.028 0.955 0.017 
233   I14077    (4)   :  0.067 0.919 0.014 
234   I14078    (0)   :  0.024 0.963 0.014 
235   I14079    (0)   :  0.022 0.964 0.014 
236   I14080    (0)   :  0.015 0.965 0.020 
237   I14081    (4)   :  0.068 0.902 0.030 
238   I14082    (0)   :  0.017 0.971 0.011 
239   I14083    (4)   :  0.071 0.815 0.114 


Estimated Allele Frequencies in each cluster
First column gives estimated ancestral frequencies


Locus 1 : A8 
8 alleles
5.0% missing data
 177   (0.352) 0.492 0.125 0.586 
 179   (0.124) 0.133 0.017 0.051 
 175   (0.138) 0.197 0.690 0.008 
 173   (0.100) 0.057 0.150 0.008 
 181   (0.142) 0.094 0.009 0.303 
 165   (0.064) 0.009 0.003 0.034 
 183   (0.044) 0.014 0.001 0.007 
 171   (0.036) 0.004 0.003 0.002 

Locus 2 : A14 
5 alleles
0.4% missing data
 112   (0.264) 0.256 0.900 0.028 
 110   (0.522) 0.726 0.046 0.845 
 114   (0.078) 0.010 0.049 0.006 
 118   (0.072) 0.005 0.002 0.086 
 116   (0.063) 0.003 0.003 0.035 

Locus 3 : A24 
6 alleles
2.5% missing data
 104   (0.329) 0.376 0.321 0.378 
 106   (0.452) 0.603 0.570 0.562 
 101   (0.036) 0.006 0.001 0.002 
 108   (0.064) 0.010 0.055 0.006 
  96   (0.079) 0.003 0.041 0.050 
 102   (0.040) 0.002 0.012 0.002 

Locus 4 : A29 
31 alleles
6.7% missing data
 143   (0.038) 0.050 0.215 0.003 
 149   (0.041) 0.027 0.008 0.060 
 147   (0.036) 0.004 0.051 0.032 
 153   (0.053) 0.083 0.035 0.084 
 169   (0.037) 0.045 0.003 0.048 
 151   (0.040) 0.062 0.007 0.036 
 145   (0.038) 0.006 0.088 0.021 
 157   (0.043) 0.069 0.006 0.152 
 155   (0.060) 0.081 0.074 0.174 
 159   (0.051) 0.088 0.061 0.043 
 161   (0.035) 0.081 0.036 0.005 
 141   (0.041) 0.027 0.243 0.008 
 139   (0.028) 0.009 0.043 0.002 
 144   (0.021) 0.045 0.001 0.001 
 171   (0.036) 0.078 0.004 0.032 
 163   (0.037) 0.111 0.002 0.051 
 167   (0.047) 0.026 0.035 0.060 
 173   (0.024) 0.026 0.001 0.005 
 142   (0.019) 0.005 0.002 0.002 
 177   (0.025) 0.004 0.001 0.035 
 175   (0.024) 0.005 0.001 0.019 
 165   (0.048) 0.037 0.041 0.044 
 146   (0.020) 0.023 0.001 0.001 
 137   (0.021) 0.002 0.001 0.014 
 183   (0.020) 0.001 0.000 0.016 
 179   (0.021) 0.001 0.000 0.016 
 191   (0.019) 0.001 0.000 0.008 
 185   (0.019) 0.001 0.000 0.008 
 180   (0.020) 0.001 0.000 0.017 
 129   (0.020) 0.001 0.039 0.001 
 187   (0.018) 0.002 0.003 0.003 

Locus 5 : A43 
7 alleles
2.1% missing data
 123   (0.152) 0.127 0.024 0.170 
 141   (0.046) 0.003 0.047 0.002 
 137   (0.542) 0.835 0.777 0.694 
 139   (0.130) 0.030 0.143 0.063 
 124   (0.045) 0.001 0.001 0.052 
 143   (0.050) 0.002 0.006 0.010 
 128   (0.035) 0.001 0.001 0.008 

Locus 6 : A79 
13 alleles
2.9% missing data
 103   (0.173) 0.332 0.256 0.198 
  97   (0.128) 0.095 0.435 0.068 
 101   (0.115) 0.177 0.222 0.034 
 107   (0.108) 0.151 0.031 0.072 
 109   (0.073) 0.075 0.002 0.087 
 105   (0.136) 0.122 0.042 0.383 
 111   (0.051) 0.015 0.001 0.036 
 113   (0.035) 0.004 0.004 0.007 
  91   (0.037) 0.001 0.001 0.063 
  99   (0.049) 0.012 0.001 0.025 
 115   (0.036) 0.009 0.001 0.013 
 117   (0.030) 0.002 0.002 0.005 
 121   (0.029) 0.001 0.001 0.007 

Locus 7 : A88 
9 alleles
6.3% missing data
 133   (0.049) 0.003 0.023 0.003 
 149   (0.353) 0.516 0.073 0.770 
 137   (0.136) 0.102 0.346 0.017 
 147   (0.144) 0.354 0.009 0.100 
 141   (0.133) 0.013 0.504 0.076 
 152   (0.037) 0.005 0.002 0.003 
 143   (0.048) 0.003 0.024 0.004 
 151   (0.060) 0.003 0.019 0.010 
 144   (0.040) 0.001 0.001 0.017 

Locus 8 : A113 
15 alleles
5.4% missing data
 214   (0.229) 0.834 0.072 0.730 
 226   (0.100) 0.040 0.164 0.047 
 218   (0.040) 0.005 0.009 0.002 
 220   (0.096) 0.023 0.044 0.115 
 216   (0.073) 0.015 0.016 0.047 
 230   (0.069) 0.047 0.072 0.006 
 234   (0.056) 0.012 0.080 0.006 
 232   (0.053) 0.005 0.086 0.008 
 228   (0.061) 0.005 0.259 0.013 
 224   (0.036) 0.001 0.050 0.002 
 222   (0.053) 0.003 0.060 0.014 
 208   (0.030) 0.006 0.001 0.002 
 236   (0.036) 0.001 0.057 0.002 
 212   (0.033) 0.002 0.012 0.002 
 239   (0.035) 0.001 0.019 0.003 

Locus 9 : Ac11 
11 alleles
3.8% missing data
 111   (0.154) 0.151 0.857 0.025 
 117   (0.211) 0.421 0.067 0.204 
 115   (0.181) 0.326 0.027 0.246 
 113   (0.134) 0.081 0.015 0.269 
 119   (0.080) 0.010 0.009 0.148 
 121   (0.050) 0.002 0.003 0.051 
 123   (0.041) 0.002 0.001 0.023 
 127   (0.043) 0.003 0.001 0.022 
 125   (0.034) 0.002 0.001 0.008 
 105   (0.037) 0.001 0.013 0.002 
 109   (0.035) 0.001 0.006 0.002 

Locus 10 : Ac88 
10 alleles
0.4% missing data
 214   (0.509) 0.886 0.237 0.892 
 216   (0.048) 0.020 0.003 0.003 
 220   (0.159) 0.082 0.729 0.030 
 230   (0.044) 0.002 0.001 0.022 
 221   (0.036) 0.001 0.001 0.009 
 212   (0.039) 0.001 0.001 0.016 
 217   (0.049) 0.005 0.003 0.009 
 224   (0.040) 0.001 0.001 0.016 
 222   (0.036) 0.001 0.006 0.002 
 210   (0.039) 0.001 0.019 0.002 

Locus 11 : Ac139 
9 alleles
9.6% missing data
 327   (0.228) 0.517 0.007 0.732 
 329   (0.314) 0.380 0.611 0.152 
 331   (0.134) 0.054 0.187 0.029 
 328   (0.094) 0.041 0.124 0.007 
 341   (0.038) 0.001 0.001 0.010 
 337   (0.046) 0.002 0.001 0.043 
 323   (0.038) 0.002 0.001 0.009 
 339   (0.061) 0.002 0.015 0.016 
 333   (0.048) 0.002 0.053 0.003 

Locus 12 : Ap15 
7 alleles
4.6% missing data
 202   (0.669) 0.971 0.935 0.820 
 212   (0.062) 0.013 0.025 0.003 
 204   (0.088) 0.008 0.033 0.041 
 208   (0.050) 0.003 0.001 0.053 
 220   (0.048) 0.002 0.001 0.062 
 219   (0.036) 0.001 0.001 0.009 
 210   (0.047) 0.002 0.004 0.012 

Locus 13 : Ap68 
9 alleles
5.9% missing data
 158   (0.290) 0.367 0.564 0.337 
 160   (0.108) 0.134 0.047 0.023 
 156   (0.239) 0.321 0.175 0.334 
 162   (0.071) 0.006 0.117 0.017 
 154   (0.059) 0.140 0.002 0.011 
 152   (0.081) 0.019 0.004 0.230 
 164   (0.082) 0.009 0.089 0.025 
 170   (0.033) 0.003 0.001 0.006 
 166   (0.036) 0.001 0.001 0.017 

Locus 14 : Ap85 
11 alleles
4.2% missing data
 202   (0.225) 0.297 0.096 0.523 
 186   (0.228) 0.425 0.821 0.110 
 204   (0.086) 0.040 0.011 0.040 
 188   (0.080) 0.148 0.005 0.032 
 194   (0.102) 0.066 0.038 0.033 
 196   (0.078) 0.009 0.014 0.106 
 200   (0.049) 0.003 0.001 0.089 
 192   (0.038) 0.003 0.001 0.013 
 190   (0.033) 0.006 0.001 0.002 
 198   (0.048) 0.001 0.004 0.051 
 208   (0.032) 0.001 0.006 0.002 

Locus 15 : Ap90 
14 alleles
0.4% missing data
 131   (0.249) 0.512 0.581 0.498 
 135   (0.104) 0.048 0.077 0.084 
 133   (0.168) 0.286 0.192 0.236 
 129   (0.114) 0.109 0.075 0.086 
 137   (0.070) 0.017 0.058 0.015 
 141   (0.029) 0.005 0.001 0.003 
 143   (0.034) 0.009 0.001 0.004 
 151   (0.037) 0.004 0.001 0.011 
 155   (0.030) 0.002 0.002 0.005 
 145   (0.029) 0.001 0.001 0.008 
 130   (0.031) 0.001 0.001 0.016 
 139   (0.044) 0.003 0.009 0.011 
 153   (0.032) 0.001 0.001 0.016 
 147   (0.029) 0.001 0.002 0.006 

Locus 16 : Ap223 
9 alleles
1.7% missing data
 183   (0.458) 0.659 0.264 0.884 
 187   (0.146) 0.275 0.398 0.014 
 189   (0.069) 0.021 0.034 0.003 
 173   (0.122) 0.019 0.278 0.048 
 182   (0.043) 0.016 0.001 0.004 
 180   (0.043) 0.004 0.001 0.013 
 179   (0.045) 0.002 0.001 0.030 
 177   (0.035) 0.002 0.005 0.002 
 185   (0.041) 0.002 0.017 0.002 

Locus 17 : Ap224 
7 alleles
2.5% missing data
 283   (0.137) 0.199 0.090 0.021 
 287   (0.277) 0.481 0.037 0.499 
 281   (0.202) 0.146 0.777 0.046 
 289   (0.222) 0.132 0.058 0.387 
 291   (0.068) 0.037 0.010 0.006 
 285   (0.048) 0.003 0.028 0.002 
 279   (0.044) 0.001 0.001 0.039 

Locus 18 : Ap226 
7 alleles
11.7% missing data
 237   (0.273) 0.389 0.021 0.361 
 239   (0.336) 0.488 0.023 0.584 
 247   (0.212) 0.108 0.915 0.032 
 235   (0.042) 0.006 0.001 0.003 
 241   (0.043) 0.001 0.001 0.013 
 249   (0.052) 0.002 0.037 0.004 
 233   (0.042) 0.005 0.002 0.004 

Locus 19 : Ap249 
10 alleles
2.5% missing data
 209   (0.355) 0.666 0.071 0.729 
 211   (0.056) 0.055 0.002 0.006 
 217   (0.134) 0.122 0.140 0.023 
 219   (0.146) 0.117 0.641 0.018 
 215   (0.103) 0.027 0.006 0.204 
 208   (0.036) 0.005 0.001 0.003 
 225   (0.046) 0.002 0.029 0.004 
 223   (0.053) 0.004 0.106 0.002 
 213   (0.036) 0.001 0.001 0.008 
 207   (0.036) 0.003 0.004 0.002 

Locus 20 : Ap273 
4 alleles
3.3% missing data
 106   (0.770) 0.967 0.648 0.941 
 108   (0.101) 0.023 0.017 0.026 
 104   (0.064) 0.005 0.330 0.003 
 102   (0.065) 0.005 0.005 0.030 

Locus 21 : Ap274 
3 alleles
2.5% missing data
 120   (0.897) 0.993 0.992 0.919 
 122   (0.064) 0.006 0.001 0.079 
 112   (0.039) 0.001 0.006 0.002 

Locus 22 : Ap288 
7 alleles
0.0% missing data
 123   (0.506) 0.741 0.109 0.936 
 131   (0.247) 0.227 0.742 0.051 
 139   (0.077) 0.019 0.047 0.004 
 121   (0.038) 0.004 0.002 0.003 
 124   (0.038) 0.006 0.001 0.002 
 133   (0.048) 0.002 0.053 0.002 
 127   (0.046) 0.001 0.048 0.002 

Locus 23 : At163 
7 alleles
1.3% missing data
 128   (0.570) 0.737 0.425 0.903 
 134   (0.231) 0.245 0.555 0.066 
 130   (0.042) 0.009 0.001 0.005 
 136   (0.048) 0.004 0.016 0.002 
 140   (0.037) 0.002 0.001 0.008 
 146   (0.037) 0.002 0.001 0.008 
 142   (0.037) 0.001 0.001 0.008 

Locus 24 : At188 
15 alleles
2.9% missing data
 189   (0.265) 0.789 0.070 0.879 
 205   (0.057) 0.014 0.122 0.003 
 207   (0.044) 0.056 0.003 0.002 
 219   (0.054) 0.013 0.018 0.004 
 209   (0.073) 0.035 0.135 0.005 
 217   (0.066) 0.021 0.064 0.005 
 215   (0.054) 0.009 0.084 0.003 
 199   (0.096) 0.016 0.175 0.056 
 212   (0.049) 0.020 0.007 0.008 
 213   (0.060) 0.015 0.145 0.004 
 211   (0.044) 0.002 0.115 0.002 
 191   (0.031) 0.006 0.001 0.002 
 187   (0.035) 0.001 0.001 0.023 
 203   (0.034) 0.001 0.012 0.002 
 221   (0.036) 0.001 0.049 0.002 

Values of parameters used in structure:
DATAFILE=E:\AU\Alexander\alex3\STRUCTURE\alex3\project_data,	OUTFILE=E:\AU\Alexander\alex3\STRUCTURE\alex3\long\Results\long_run_2,	NUMINDS=239,	NUMLOCI=24,	MISSING=-9,	LABEL=1,	POPDATA=0,	POPFLAG=1,	PHENOTYPE=0,	EXTRACOLS=1,	MAXPOPS=3,	BURNIN=100000,	NUMREPS=1000000,	USEPOPINFO=0,	INFERALPHA=1,	INFERLAMBDA=0,	POPSPECIFICLAMBDA=0,	POPALPHAS=0,	COMPUTEPROB=1,	NOADMIX=0,	ADMBURNIN=2500,	UPDATEFREQ=1,	PRINTLIKES=0,	INTERMEDSAVE=0,	PRINTKLD=0,	PRINTNET=0,	PRINTLAMBDA=0,	ANCESTDIST=0,	NUMBOXES=1000,	ANCESTPINT=0.90000,	GENSBACK=2,	MIGRPRIOR=0.05000,	PRINTQHAT=0,	PRINTQSUM=0,	ALPHA=1.0000,	FREQSCORR=1,	FPRIORMEAN=0.0100,	FPRIORSD=0.0500,	ONEFST=0,	LAMBDA=1.0000,	UNIFPRIORALPHA=1,	ALPHAMAX=10.0000,	ALPHAPRIORA=1.0000,	ALPHAPRIORB=2.0000,	ALPHAPROPSD=0.0250,	STARTATPOPINFO=0,	RANDOMIZE=1,	LINKAGE=0,	METROFREQ=10,	REPORTHITRATE=0,	MARKOVPHASE=-1,	PHASED=0,	PLOIDY=2,	PHASEINFO=0	LOCPRIOR=0, 	LOCPRIORINIT=1.000000, 	LOCDATA=0, 	LOCISPOP=0, 	LOCPRIORSTEP=0.100000, 	MAXLOCPRIOR=20.000000, 	SEED=1335131429,	
[STRAT parameters]:    NUMSIMSTATS=1000,	PHENOTYPECOL=-9,	POOLFREQ=10,	LOCUSxONLY=0,	EMERROR=0.00100,	MISSINGPHENO=-9,	