 1:   0.0217  0.7877  0.1490  0.0061  0.0355  1
 2:   0.0226  0.8176  0.0541  0.0102  0.0955  1
 3:   0.0070  0.9355  0.0307  0.0017  0.0252  1
 4:   0.0299  0.7678  0.1316  0.0061  0.0646  1
 5:   0.0428  0.8366  0.0952  0.0024  0.0231  1
 6:   0.0118  0.9169  0.0562  0.0026  0.0125  1
 7:   0.1507  0.4146  0.3227  0.0045  0.1075  1
 8:   0.0707  0.7231  0.1031  0.0054  0.0977  1
 9:   0.1301  0.7621  0.0620  0.0028  0.0429  1
10:   0.0564  0.7007  0.1619  0.0093  0.0717  1
11:   0.0550  0.5866  0.2967  0.0074  0.0543  1
12:   0.0162  0.8653  0.0494  0.0048  0.0642  1
13:   0.0256  0.7424  0.1386  0.0072  0.0863  1
14:   0.0165  0.8477  0.0981  0.0063  0.0314  1
15:   0.0200  0.8146  0.0938  0.0076  0.0640  1
16:   0.0100  0.9374  0.0290  0.0024  0.0212  1
17:   0.0303  0.7487  0.1251  0.0093  0.0865  1
18:   0.0317  0.8006  0.1025  0.0119  0.0533  1
19:   0.0242  0.5744  0.3303  0.0149  0.0562  1
20:   0.0353  0.7326  0.1417  0.0158  0.0745  1
21:   0.0221  0.5035  0.2858  0.0144  0.1742  1
22:   0.0336  0.3958  0.2804  0.0195  0.2707  1
23:   0.0020  0.9226  0.0658  0.0015  0.0081  1
24:   0.0077  0.8097  0.1107  0.0046  0.0673  1
25:   0.0079  0.8692  0.0792  0.0050  0.0388  1
26:   0.0127  0.7785  0.0945  0.0059  0.1084  1
27:   0.0089  0.8957  0.0426  0.0083  0.0445  1
28:   0.0052  0.9083  0.0418  0.0023  0.0424  1
29:   0.0067  0.8683  0.0319  0.0150  0.0780  1
30:   0.0093  0.5627  0.0205  0.0098  0.3976  1
31:   0.0058  0.5112  0.0139  0.0011  0.4681  1
32:   0.0106  0.7734  0.0153  0.0024  0.1982  1
33:   0.0151  0.4200  0.0102  0.0039  0.5509  1
34:   0.0052  0.4017  0.0053  0.0022  0.5856  1
35:   0.0106  0.7192  0.0320  0.0063  0.2319  1
36:   0.0257  0.8384  0.0601  0.0111  0.0647  1
37:   0.0162  0.8669  0.0585  0.0050  0.0535  1
38:   0.0254  0.8885  0.0274  0.0025  0.0561  1
39:   0.0068  0.8497  0.0108  0.0058  0.1269  1
40:   0.0025  0.9362  0.0211  0.0037  0.0365  1
41:   0.0100  0.9406  0.0131  0.0023  0.0341  1
42:   0.0090  0.7539  0.0136  0.0012  0.2223  1
43:   0.0134  0.8961  0.0546  0.0018  0.0342  1
44:   0.0238  0.8957  0.0227  0.0023  0.0555  1
45:   0.1015  0.7445  0.1400  0.0052  0.0088  1
46:   0.0233  0.8192  0.1521  0.0019  0.0035  1
47:   0.0499  0.8545  0.0813  0.0042  0.0102  1
48:   0.3931  0.5951  0.0111  0.0003  0.0005  1
49:   0.1428  0.5959  0.2327  0.0037  0.0249  1
50:   0.1004  0.6127  0.2692  0.0030  0.0147  1
51:   0.1175  0.7095  0.1434  0.0043  0.0253  1
52:   0.0324  0.8671  0.0950  0.0009  0.0047  1
53:   0.0205  0.8871  0.0707  0.0035  0.0183  1
54:   0.1639  0.6682  0.1426  0.0074  0.0179  1
55:   0.0813  0.7168  0.1701  0.0068  0.0250  1
56:   0.0434  0.8120  0.1238  0.0058  0.0150  1
57:   0.0340  0.6568  0.2966  0.0057  0.0069  1
58:   0.0163  0.8736  0.1023  0.0026  0.0052  1
59:   0.0397  0.5721  0.3592  0.0064  0.0227  1
60:   0.0632  0.5645  0.2891  0.0108  0.0723  1
61:   0.0328  0.8698  0.0660  0.0107  0.0207  1
62:   0.0512  0.5776  0.2127  0.0223  0.1362  1
63:   0.0281  0.6658  0.2685  0.0104  0.0272  1
64:   0.0926  0.5004  0.3456  0.0193  0.0420  1
65:   0.0036  0.4667  0.4980  0.0078  0.0239  1
66:   0.0060  0.7695  0.1816  0.0056  0.0374  1
67:   0.0037  0.8562  0.1089  0.0040  0.0272  1
68:   0.0049  0.8321  0.1223  0.0094  0.0313  1
69:   0.0044  0.9140  0.0609  0.0070  0.0137  1
70:   0.0062  0.8378  0.1171  0.0112  0.0278  1
71:   0.0035  0.9365  0.0429  0.0044  0.0127  1
72:   0.0045  0.9062  0.0291  0.0040  0.0562  1
73:   0.0004  0.2769  0.0004  0.0003  0.7219  1
74:   0.0054  0.7236  0.0255  0.0046  0.2409  1
75:   0.0104  0.8404  0.0330  0.0087  0.1074  1

 1:   0.0083  0.9713  0.0076  0.0059  0.0069  1
 2:   0.0070  0.9748  0.0069  0.0050  0.0063  1
 3:   0.0033  0.9869  0.0036  0.0029  0.0034  1
 4:   0.0110  0.9593  0.0109  0.0091  0.0097  1
 5:   0.0099  0.9656  0.0091  0.0069  0.0086  1
 6:   0.0041  0.9850  0.0039  0.0028  0.0043  1
 7:   0.0616  0.7769  0.0609  0.0424  0.0582  1
 8:   0.0141  0.9489  0.0135  0.0111  0.0123  1
 9:   0.0218  0.9202  0.0211  0.0185  0.0183  1
10:   0.0192  0.9298  0.0187  0.0150  0.0174  1
11:   0.0250  0.9172  0.0226  0.0150  0.0201  1
12:   0.0058  0.9789  0.0052  0.0048  0.0054  1
13:   0.0126  0.9560  0.0109  0.0090  0.0116  1
14:   0.0107  0.9585  0.0107  0.0087  0.0114  1
15:   0.0111  0.9595  0.0106  0.0082  0.0106  1
16:   0.0026  0.9898  0.0027  0.0021  0.0028  1
17:   0.0105  0.9595  0.0101  0.0091  0.0108  1
18:   0.0128  0.9523  0.0126  0.0097  0.0125  1
19:   0.0434  0.8218  0.0457  0.0442  0.0449  1
20:   0.0230  0.9081  0.0237  0.0203  0.0249  1
21:   0.0286  0.8874  0.0305  0.0239  0.0296  1
22:   0.0549  0.7848  0.0529  0.0489  0.0585  1
23:   0.0032  0.9863  0.0036  0.0032  0.0036  1
24:   0.0058  0.9781  0.0055  0.0050  0.0056  1
25:   0.0067  0.9710  0.0073  0.0067  0.0083  1
26:   0.0077  0.9695  0.0077  0.0067  0.0084  1
27:   0.0080  0.9684  0.0083  0.0071  0.0082  1
28:   0.0030  0.9879  0.0031  0.0026  0.0034  1
29:   0.0084  0.9613  0.0102  0.0092  0.0110  1
30:   0.0128  0.9467  0.0143  0.0115  0.0147  1
31:   0.0053  0.9803  0.0050  0.0041  0.0053  1
32:   0.0034  0.9868  0.0035  0.0028  0.0036  1
33:   0.0088  0.9663  0.0091  0.0067  0.0091  1
34:   0.0048  0.9816  0.0046  0.0039  0.0051  1
35:   0.0069  0.9745  0.0068  0.0049  0.0069  1
36:   0.0057  0.9773  0.0060  0.0046  0.0063  1
37:   0.0063  0.9751  0.0066  0.0054  0.0066  1
38:   0.0096  0.9642  0.0097  0.0068  0.0097  1
39:   0.0111  0.9583  0.0108  0.0080  0.0118  1
40:   0.0044  0.9839  0.0043  0.0030  0.0045  1
41:   0.0066  0.9720  0.0083  0.0057  0.0075  1
42:   0.0049  0.9818  0.0050  0.0034  0.0048  1
43:   0.0061  0.9771  0.0062  0.0047  0.0059  1
44:   0.0046  0.9828  0.0046  0.0036  0.0044  1
45:   0.0288  0.8981  0.0271  0.0235  0.0224  1
46:   0.0106  0.9616  0.0105  0.0087  0.0087  1
47:   0.0314  0.8898  0.0293  0.0250  0.0246  1
48:   0.0457  0.8309  0.0454  0.0396  0.0383  1
49:   0.0483  0.8329  0.0447  0.0342  0.0399  1
50:   0.0395  0.8567  0.0386  0.0294  0.0358  1
51:   0.0523  0.8064  0.0487  0.0447  0.0479  1
52:   0.0133  0.9510  0.0130  0.0117  0.0111  1
53:   0.0073  0.9737  0.0067  0.0060  0.0063  1
54:   0.0382  0.8610  0.0371  0.0296  0.0341  1
55:   0.0149  0.9457  0.0141  0.0107  0.0146  1
56:   0.0156  0.9448  0.0143  0.0118  0.0134  1
57:   0.0289  0.8959  0.0266  0.0252  0.0235  1
58:   0.0107  0.9620  0.0098  0.0089  0.0086  1
59:   0.0439  0.8443  0.0429  0.0316  0.0372  1
60:   0.0341  0.8779  0.0343  0.0231  0.0305  1
61:   0.0126  0.9497  0.0135  0.0114  0.0128  1
62:   0.0429  0.8396  0.0406  0.0375  0.0395  1
63:   0.0211  0.9215  0.0213  0.0170  0.0192  1
64:   0.0690  0.7436  0.0693  0.0553  0.0627  1
65:   0.0184  0.9121  0.0238  0.0214  0.0243  1
66:   0.0100  0.9493  0.0130  0.0126  0.0151  1
67:   0.0037  0.9837  0.0040  0.0037  0.0048  1
68:   0.0097  0.9564  0.0113  0.0104  0.0122  1
69:   0.0039  0.9825  0.0047  0.0044  0.0046  1
70:   0.0063  0.9705  0.0081  0.0070  0.0081  1
71:   0.0031  0.9862  0.0036  0.0033  0.0038  1
72:   0.0034  0.9864  0.0035  0.0028  0.0039  1
73:   0.0043  0.9844  0.0037  0.0034  0.0042  1
74:   0.0081  0.9686  0.0082  0.0068  0.0083  1
75:   0.0059  0.9763  0.0064  0.0049  0.0065  1

 1:   0.0005  0.9987  0.0008  0.0000  0.0001  1
 2:   0.0000  0.9999  0.0000  0.0000  0.0001  1
 3:   0.0000  1.0000  0.0000  0.0000  0.0000  1
 4:   0.0005  0.9981  0.0003  0.0002  0.0009  1
 5:   0.0012  0.9944  0.0009  0.0024  0.0012  1
 6:   0.0000  1.0000  0.0000  0.0000  0.0000  1
 7:   0.0337  0.8689  0.0336  0.0277  0.0361  1
 8:   0.0000  0.9998  0.0000  0.0000  0.0002  1
 9:   0.0006  0.9936  0.0017  0.0019  0.0022  1
10:   0.0052  0.9752  0.0077  0.0083  0.0036  1
11:   0.0001  0.9986  0.0008  0.0003  0.0003  1
12:   0.0000  1.0000  0.0000  0.0000  0.0000  1
13:   0.0000  1.0000  0.0000  0.0000  0.0000  1
14:   0.0000  1.0000  0.0000  0.0000  0.0000  1
15:   0.0079  0.9681  0.0090  0.0066  0.0084  1
16:   0.0000  1.0000  0.0000  0.0000  0.0000  1
17:   0.0016  0.9961  0.0008  0.0006  0.0009  1
18:   0.0004  0.9955  0.0018  0.0008  0.0015  1
19:   0.0256  0.8800  0.0271  0.0314  0.0359  1
20:   0.0166  0.9374  0.0140  0.0103  0.0217  1
21:   0.0066  0.9725  0.0085  0.0058  0.0066  1
22:   0.2326  0.1078  0.1923  0.2563  0.2110  1
23:   0.0000  0.9999  0.0000  0.0001  0.0000  1
24:   0.0000  1.0000  0.0000  0.0000  0.0000  1
25:   0.0000  0.9999  0.0001  0.0000  0.0000  1
26:   0.0000  0.9995  0.0004  0.0000  0.0001  1
27:   0.0000  1.0000  0.0001  0.0000  0.0000  1
28:   0.0000  0.9999  0.0000  0.0001  0.0000  1
29:   0.0049  0.9738  0.0080  0.0056  0.0076  1
30:   0.0868  0.6468  0.1000  0.0637  0.1027  1
31:   0.0040  0.9743  0.0055  0.0046  0.0116  1
32:   0.0000  0.9999  0.0001  0.0000  0.0000  1
33:   0.0011  0.9855  0.0023  0.0022  0.0091  1
34:   0.0003  0.9919  0.0000  0.0001  0.0076  1
35:   0.0048  0.9755  0.0048  0.0084  0.0065  1
36:   0.0017  0.9942  0.0015  0.0021  0.0006  1
37:   0.0000  1.0000  0.0000  0.0000  0.0000  1
38:   0.0009  0.9959  0.0014  0.0009  0.0009  1
39:   0.0012  0.9954  0.0013  0.0001  0.0020  1
40:   0.0000  0.9999  0.0000  0.0000  0.0000  1
41:   0.0001  0.9973  0.0012  0.0006  0.0008  1
42:   0.0000  0.9994  0.0000  0.0000  0.0006  1
43:   0.0000  0.9998  0.0000  0.0001  0.0001  1
44:   0.0014  0.9931  0.0018  0.0015  0.0022  1
45:   0.0374  0.8635  0.0318  0.0343  0.0331  1
46:   0.0000  0.9999  0.0000  0.0000  0.0001  1
47:   0.0011  0.9967  0.0007  0.0004  0.0011  1
48:   0.0085  0.9678  0.0087  0.0059  0.0092  1
49:   0.0473  0.8338  0.0330  0.0318  0.0540  1
50:   0.0003  0.9952  0.0023  0.0010  0.0012  1
51:   0.1142  0.5607  0.1043  0.1113  0.1094  1
52:   0.0112  0.9604  0.0067  0.0096  0.0121  1
53:   0.0000  1.0000  0.0000  0.0000  0.0000  1
54:   0.0010  0.9893  0.0024  0.0017  0.0056  1
55:   0.0001  0.9994  0.0002  0.0002  0.0001  1
56:   0.0002  0.9980  0.0005  0.0006  0.0007  1
57:   0.0031  0.9840  0.0031  0.0038  0.0061  1
58:   0.0002  0.9995  0.0003  0.0000  0.0000  1
59:   0.0817  0.6247  0.1129  0.0825  0.0982  1
60:   0.0294  0.8869  0.0224  0.0242  0.0371  1
61:   0.0002  0.9991  0.0004  0.0000  0.0004  1
62:   0.0017  0.9914  0.0030  0.0009  0.0030  1
63:   0.0004  0.9970  0.0015  0.0006  0.0005  1
64:   0.1258  0.4149  0.1686  0.1278  0.1630  1
65:   0.0019  0.9778  0.0062  0.0058  0.0082  1
66:   0.0015  0.9877  0.0047  0.0018  0.0043  1
67:   0.0003  0.9972  0.0007  0.0011  0.0006  1
68:   0.0001  0.9993  0.0002  0.0003  0.0001  1
69:   0.0165  0.9379  0.0124  0.0215  0.0118  1
70:   0.0020  0.9910  0.0023  0.0030  0.0017  1
71:   0.0002  0.9991  0.0004  0.0002  0.0000  1
72:   0.0033  0.9888  0.0025  0.0021  0.0033  1
73:   0.0008  0.9889  0.0016  0.0018  0.0068  1
74:   0.0039  0.9922  0.0012  0.0015  0.0013  1
75:   0.0022  0.9864  0.0033  0.0024  0.0056  1

