 1:   0.0101  0.9192  0.0524  0.0040  0.0142  1
 2:   0.0099  0.9307  0.0204  0.0051  0.0340  1
 3:   0.0035  0.9741  0.0114  0.0015  0.0095  1
 4:   0.0138  0.9084  0.0476  0.0051  0.0250  1
 5:   0.0180  0.9322  0.0351  0.0039  0.0109  1
 6:   0.0053  0.9673  0.0200  0.0018  0.0056  1
 7:   0.0820  0.6868  0.1391  0.0248  0.0673  1
 8:   0.0283  0.8906  0.0389  0.0055  0.0367  1
 9:   0.0508  0.8920  0.0283  0.0077  0.0212  1
10:   0.0269  0.8686  0.0628  0.0109  0.0309  1
11:   0.0267  0.8341  0.1067  0.0076  0.0249  1
12:   0.0074  0.9481  0.0182  0.0032  0.0232  1
13:   0.0127  0.8995  0.0498  0.0054  0.0326  1
14:   0.0091  0.9354  0.0363  0.0050  0.0143  1
15:   0.0130  0.9141  0.0378  0.0075  0.0277  1
16:   0.0042  0.9757  0.0106  0.0015  0.0080  1
17:   0.0141  0.9014  0.0453  0.0064  0.0327  1
18:   0.0150  0.9161  0.0390  0.0075  0.0224  1
19:   0.0311  0.7587  0.1343  0.0302  0.0457  1
20:   0.0250  0.8594  0.0598  0.0155  0.0404  1
21:   0.0191  0.7878  0.1082  0.0147  0.0701  1
22:   0.1070  0.4295  0.1752  0.1083  0.1801  1
23:   0.0018  0.9696  0.0231  0.0016  0.0039  1
24:   0.0045  0.9292  0.0387  0.0032  0.0243  1
25:   0.0048  0.9467  0.0288  0.0039  0.0157  1
26:   0.0068  0.9158  0.0342  0.0042  0.0390  1
27:   0.0056  0.9547  0.0170  0.0051  0.0175  1
28:   0.0027  0.9654  0.0150  0.0017  0.0153  1
29:   0.0067  0.9345  0.0167  0.0099  0.0322  1
30:   0.0363  0.7188  0.0449  0.0283  0.1717  1
31:   0.0050  0.8219  0.0081  0.0033  0.1617  1
32:   0.0047  0.9200  0.0063  0.0017  0.0673  1
33:   0.0083  0.7906  0.0072  0.0043  0.1897  1
34:   0.0034  0.7917  0.0033  0.0020  0.1995  1
35:   0.0074  0.8897  0.0145  0.0066  0.0818  1
36:   0.0110  0.9366  0.0225  0.0060  0.0239  1
37:   0.0075  0.9473  0.0217  0.0035  0.0200  1
38:   0.0120  0.9495  0.0129  0.0034  0.0222  1
39:   0.0064  0.9344  0.0076  0.0047  0.0469  1
40:   0.0023  0.9733  0.0085  0.0022  0.0137  1
41:   0.0056  0.9699  0.0075  0.0029  0.0141  1
42:   0.0046  0.9117  0.0062  0.0016  0.0759  1
43:   0.0065  0.9577  0.0203  0.0022  0.0134  1
44:   0.0100  0.9572  0.0097  0.0025  0.0207  1
45:   0.0559  0.8354  0.0663  0.0210  0.0214  1
46:   0.0113  0.9269  0.0542  0.0035  0.0041  1
47:   0.0274  0.9137  0.0371  0.0099  0.0120  1
48:   0.1491  0.7979  0.0217  0.0153  0.0160  1
49:   0.0795  0.7542  0.1035  0.0232  0.0396  1
50:   0.0468  0.8216  0.1033  0.0111  0.0172  1
51:   0.0947  0.6922  0.0988  0.0534  0.0609  1
52:   0.0189  0.9261  0.0382  0.0074  0.0093  1
53:   0.0093  0.9536  0.0258  0.0031  0.0082  1
54:   0.0677  0.8395  0.0607  0.0129  0.0192  1
55:   0.0321  0.8873  0.0615  0.0059  0.0132  1
56:   0.0198  0.9183  0.0462  0.0061  0.0097  1
57:   0.0220  0.8456  0.1087  0.0115  0.0122  1
58:   0.0091  0.9450  0.0375  0.0038  0.0046  1
59:   0.0551  0.6804  0.1717  0.0401  0.0527  1
60:   0.0422  0.7765  0.1153  0.0194  0.0467  1
61:   0.0152  0.9395  0.0266  0.0074  0.0113  1
62:   0.0319  0.8029  0.0854  0.0202  0.0595  1
63:   0.0165  0.8614  0.0971  0.0093  0.0156  1
64:   0.0958  0.5530  0.1945  0.0675  0.0893  1
65:   0.0080  0.7855  0.1760  0.0117  0.0188  1
66:   0.0058  0.9021  0.0664  0.0067  0.0190  1
67:   0.0026  0.9457  0.0379  0.0029  0.0109  1
68:   0.0049  0.9293  0.0446  0.0067  0.0145  1
69:   0.0082  0.9448  0.0260  0.0110  0.0100  1
70:   0.0048  0.9331  0.0425  0.0071  0.0125  1
71:   0.0023  0.9740  0.0157  0.0026  0.0055  1
72:   0.0037  0.9605  0.0117  0.0030  0.0211  1
73:   0.0019  0.7501  0.0019  0.0018  0.2443  1
74:   0.0058  0.8948  0.0116  0.0043  0.0835  1
75:   0.0062  0.9344  0.0142  0.0053  0.0399  1
