1:       0.787660 0.035545 0.021665 0.148980 0.006150 1       
2:       0.817585 0.095465 0.022575 0.054130 0.010245 1       
3:       0.935455 0.025210 0.007015 0.030660 0.001660 1       
4:       0.767805 0.064570 0.029915 0.131635 0.006075 1       
5:       0.836550 0.023065 0.042845 0.095180 0.002360 1       
6:       0.916895 0.012525 0.011800 0.056220 0.002560 1       
7:       0.414585 0.107505 0.150730 0.322700 0.004480 1       
8:       0.723070 0.097715 0.070690 0.103095 0.005430 1       
9:       0.762105 0.042930 0.130130 0.062035 0.002800 1       
10:      0.700740 0.071655 0.056360 0.161935 0.009310 1       
11:      0.586635 0.054310 0.054970 0.296680 0.007405 1       
12:      0.865345 0.064235 0.016240 0.049420 0.004760 1       
13:      0.742435 0.086295 0.025555 0.138560 0.007155 1       
14:      0.847705 0.031365 0.016500 0.098125 0.006305 1       
15:      0.814595 0.063985 0.020000 0.093790 0.007630 1       
16:      0.937370 0.021225 0.010020 0.029015 0.002370 1       
17:      0.748705 0.086540 0.030325 0.125095 0.009335 1       
18:      0.800610 0.053275 0.031685 0.102520 0.011910 1       
19:      0.574400 0.056205 0.024215 0.330255 0.014925 1       
20:      0.732615 0.074540 0.035340 0.141665 0.015840 1       
21:      0.503500 0.174230 0.022075 0.285750 0.014445 1       
22:      0.395820 0.270670 0.033610 0.280365 0.019535 1       
23:      0.922555 0.008115 0.002015 0.065815 0.001500 1       
24:      0.809655 0.067335 0.007700 0.110700 0.004610 1       
25:      0.869160 0.038795 0.007870 0.079160 0.005015 1       
26:      0.778535 0.108365 0.012665 0.094500 0.005935 1       
27:      0.895745 0.044455 0.008870 0.042595 0.008335 1       
28:      0.908325 0.042380 0.005220 0.041770 0.002305 1       
29:      0.868345 0.078020 0.006740 0.031870 0.015025 1       
30:      0.562750 0.397610 0.009310 0.020535 0.009795 1       
31:      0.511225 0.468060 0.005765 0.013875 0.001075 1       
32:      0.773375 0.198245 0.010645 0.015295 0.002440 1       
33:      0.419985 0.550890 0.015080 0.010195 0.003850 1       
34:      0.401690 0.585635 0.005240 0.005285 0.002150 1       
35:      0.719160 0.231900 0.010600 0.032000 0.006340 1       
36:      0.838430 0.064685 0.025690 0.060065 0.011130 1       
37:      0.866880 0.053490 0.016175 0.058465 0.004990 1       
38:      0.888505 0.056145 0.025365 0.027445 0.002540 1       
39:      0.849665 0.126890 0.006785 0.010825 0.005835 1       
40:      0.936230 0.036545 0.002460 0.021080 0.003685 1       
41:      0.940560 0.034055 0.010030 0.013065 0.002290 1       
42:      0.753860 0.222330 0.008965 0.013600 0.001245 1       
43:      0.896105 0.034175 0.013355 0.054600 0.001765 1       
44:      0.895730 0.055500 0.023825 0.022680 0.002265 1       
45:      0.744490 0.008810 0.101545 0.139980 0.005175 1       
46:      0.819225 0.003525 0.023335 0.152060 0.001855 1       
47:      0.854465 0.010190 0.049865 0.081295 0.004185 1       
48:      0.595100 0.000515 0.393050 0.011060 0.000275 1       
49:      0.595900 0.024860 0.142800 0.232720 0.003720 1       
50:      0.612745 0.014675 0.100440 0.269185 0.002955 1       
51:      0.709530 0.025255 0.117545 0.143400 0.004270 1       
52:      0.867065 0.004685 0.032370 0.094960 0.000920 1       
53:      0.887065 0.018265 0.020470 0.070735 0.003465 1       
54:      0.668190 0.017880 0.163935 0.142560 0.007435 1       
55:      0.716825 0.024995 0.081275 0.170090 0.006815 1       
56:      0.812025 0.014975 0.043445 0.123760 0.005795 1       
57:      0.656825 0.006890 0.034025 0.296610 0.005650 1       
58:      0.873575 0.005165 0.016310 0.102345 0.002605 1       
59:      0.572085 0.022730 0.039660 0.359160 0.006365 1       
60:      0.564520 0.072335 0.063200 0.289110 0.010835 1       
61:      0.869835 0.020690 0.032750 0.066020 0.010705 1       
62:      0.577630 0.136195 0.051195 0.212715 0.022265 1       
63:      0.665770 0.027180 0.028125 0.268480 0.010445 1       
64:      0.500445 0.042015 0.092590 0.345610 0.019340 1       
65:      0.466745 0.023915 0.003565 0.498015 0.007760 1       
66:      0.769470 0.037415 0.005950 0.181610 0.005555 1       
67:      0.856160 0.027240 0.003685 0.108950 0.003965 1       
68:      0.832130 0.031305 0.004875 0.122325 0.009365 1       
69:      0.914005 0.013695 0.004350 0.060940 0.007010 1       
70:      0.837785 0.027755 0.006190 0.117055 0.011215 1       
71:      0.936495 0.012705 0.003520 0.042920 0.004360 1       
72:      0.906210 0.056205 0.004510 0.029120 0.003955 1       
73:      0.276935 0.721920 0.000435 0.000370 0.000340 1       
74:      0.723590 0.240885 0.005445 0.025530 0.004550 1       
75:      0.840400 0.107435 0.010435 0.032995 0.008735 1       
                    
                    
1:        0.0058935 0.9713445 0.0075575 0.0082620 0.0069425 1        
2:        0.0049525 0.9747720 0.0069390 0.0070255 0.0063110 1        
3:        0.0028710 0.9868710 0.0035705 0.0033375 0.0033500 1        
4:        0.0090965 0.9593120 0.0108940 0.0109855 0.0097120 1        
5:        0.0068960 0.9655860 0.0090810 0.0098575 0.0085795 1        
6:        0.0028060 0.9849570 0.0039040 0.0040640 0.0042690 1        
7:        0.0423900 0.7769025 0.0608730 0.0616475 0.0581870 1        
8:        0.0111065 0.9488845 0.0135210 0.0141500 0.0123380 1        
9:        0.0185415 0.9202125 0.0211265 0.0217775 0.0183420 1        
10:       0.0150095 0.9297750 0.0186810 0.0191520 0.0173825 1        
11:       0.0150345 0.9171770 0.0226360 0.0250110 0.0201415 1        
12:       0.0047575 0.9788545 0.0051720 0.0058255 0.0053905 1        
13:       0.0089755 0.9559960 0.0108740 0.0125610 0.0115935 1        
14:       0.0086680 0.9585350 0.0107075 0.0107190 0.0113705 1        
15:       0.0081650 0.9595240 0.0106225 0.0110665 0.0106220 1        
16:       0.0021405 0.9898200 0.0026870 0.0025860 0.0027665 1        
17:       0.0091180 0.9594530 0.0101395 0.0104755 0.0108140 1        
18:       0.0097025 0.9523145 0.0126225 0.0128220 0.0125385 1        
19:       0.0442270 0.8218060 0.0457145 0.0433645 0.0448880 1        
20:       0.0203435 0.9081285 0.0237070 0.0229685 0.0248525 1        
21:       0.0239455 0.8874025 0.0305085 0.0285885 0.0295550 1        
22:       0.0489265 0.7847730 0.0528875 0.0548875 0.0585255 1        
23:       0.0032500 0.9863415 0.0035545 0.0032375 0.0036165 1        
24:       0.0050180 0.9780895 0.0054690 0.0058320 0.0055915 1        
25:       0.0066995 0.9710115 0.0072660 0.0066755 0.0083475 1        
26:       0.0066715 0.9695165 0.0077210 0.0076905 0.0084005 1        
27:       0.0070885 0.9684075 0.0082970 0.0080480 0.0081590 1        
28:       0.0026370 0.9878565 0.0030935 0.0030260 0.0033870 1        
29:       0.0091615 0.9612695 0.0101740 0.0083910 0.0110040 1        
30:       0.0114755 0.9467330 0.0142810 0.0127610 0.0147495 1        
31:       0.0041220 0.9802500 0.0049825 0.0053295 0.0053160 1        
32:       0.0027665 0.9867575 0.0035060 0.0034025 0.0035675 1        
33:       0.0067485 0.9663380 0.0090525 0.0087675 0.0090935 1        
34:       0.0038770 0.9815775 0.0046485 0.0047860 0.0051110 1        
35:       0.0049240 0.9744520 0.0067985 0.0068935 0.0069320 1        
36:       0.0046460 0.9773385 0.0060295 0.0056540 0.0063320 1        
37:       0.0053630 0.9750925 0.0066225 0.0063265 0.0065955 1        
38:       0.0067900 0.9642015 0.0096685 0.0096275 0.0097125 1        
39:       0.0080075 0.9582590 0.0108340 0.0111190 0.0117805 1        
40:       0.0029655 0.9838610 0.0042835 0.0044275 0.0044625 1        
41:       0.0057020 0.9719515 0.0083020 0.0065780 0.0074665 1        
42:       0.0034180 0.9818265 0.0050500 0.0049365 0.0047690 1        
43:       0.0046820 0.9770750 0.0062145 0.0060950 0.0059335 1        
44:       0.0036095 0.9827770 0.0046160 0.0046430 0.0043545 1        
45:       0.0235225 0.8981460 0.0271305 0.0287945 0.0224065 1        
46:       0.0087335 0.9615635 0.0104530 0.0105640 0.0086860 1        
47:       0.0249875 0.8897725 0.0292595 0.0313530 0.0246275 1        
48:       0.0396410 0.8309170 0.0454375 0.0456665 0.0383380 1        
49:       0.0341720 0.8329330 0.0446610 0.0483110 0.0399230 1        
50:       0.0293930 0.8566985 0.0385740 0.0394960 0.0358385 1        
51:       0.0447275 0.8064180 0.0486820 0.0522975 0.0478750 1        
52:       0.0117135 0.9509540 0.0130010 0.0132760 0.0110555 1        
53:       0.0059550 0.9737445 0.0066590 0.0073490 0.0062925 1        
54:       0.0296010 0.8609895 0.0371300 0.0382215 0.0340580 1        
55:       0.0107045 0.9457290 0.0140635 0.0148560 0.0146470 1        
56:       0.0118425 0.9448470 0.0142970 0.0156365 0.0133770 1        
57:       0.0251700 0.8958710 0.0265755 0.0288555 0.0235280 1        
58:       0.0088810 0.9620225 0.0098265 0.0106975 0.0085725 1        
59:       0.0316020 0.8443185 0.0429495 0.0439175 0.0372125 1        
60:       0.0231100 0.8779420 0.0342925 0.0341140 0.0305415 1        
61:       0.0114085 0.9497005 0.0135100 0.0125615 0.0128195 1        
62:       0.0375030 0.8395875 0.0405510 0.0429050 0.0394535 1        
63:       0.0169640 0.9214610 0.0212665 0.0210955 0.0192130 1        
64:       0.0553385 0.7436260 0.0692795 0.0690480 0.0627080 1        
65:       0.0214350 0.9120610 0.0238270 0.0184045 0.0242725 1        
66:       0.0126385 0.9493105 0.0129595 0.0099585 0.0151330 1        
67:       0.0036890 0.9837380 0.0040440 0.0036895 0.0048395 1        
68:       0.0103870 0.9563725 0.0113265 0.0096975 0.0122165 1        
69:       0.0044230 0.9824645 0.0046535 0.0038655 0.0045935 1        
70:       0.0070085 0.9704785 0.0080590 0.0063480 0.0081060 1        
71:       0.0032700 0.9862165 0.0036155 0.0031075 0.0037905 1        
72:       0.0028445 0.9864145 0.0034655 0.0033510 0.0039245 1        
73:       0.0033680 0.9843790 0.0036930 0.0043295 0.0042305 1        
74:       0.0067955 0.9685910 0.0082085 0.0080610 0.0083440 1        
75:       0.0048615 0.9762830 0.0063940 0.0059310 0.0065305 1        
                    
                    
1:      0.00045 0.99871 0.00076 0.00002 0.00006 1      
2:      0.00000 0.99988 0.00000 0.00000 0.00012 1      
3:      0.00004 0.99996 0.00000 0.00000 0.00000 1      
4:      0.00051 0.99808 0.00031 0.00024 0.00086 1      
5:      0.00117 0.99436 0.00090 0.00238 0.00119 1      
6:      0.00000 1.00000 0.00000 0.00000 0.00000 1      
7:      0.03374 0.86885 0.03363 0.02766 0.03612 1      
8:      0.00000 0.99981 0.00000 0.00000 0.00019 1      
9:      0.00062 0.99364 0.00168 0.00186 0.00220 1      
10:     0.00523 0.97517 0.00767 0.00829 0.00364 1      
11:     0.00006 0.99855 0.00085 0.00027 0.00027 1      
12:     0.00000 1.00000 0.00000 0.00000 0.00000 1      
13:     0.00000 1.00000 0.00000 0.00000 0.00000 1      
14:     0.00000 0.99997 0.00000 0.00000 0.00003 1      
15:     0.00789 0.96814 0.00896 0.00662 0.00839 1      
16:     0.00000 1.00000 0.00000 0.00000 0.00000 1      
17:     0.00157 0.99614 0.00077 0.00063 0.00089 1      
18:     0.00044 0.99550 0.00179 0.00080 0.00147 1      
19:     0.02563 0.88004 0.02708 0.03139 0.03586 1      
20:     0.01664 0.93736 0.01396 0.01029 0.02175 1      
21:     0.00656 0.97247 0.00849 0.00584 0.00664 1      
22:     0.23261 0.10782 0.19227 0.25633 0.21097 1      
23:     0.00000 0.99994 0.00000 0.00006 0.00000 1      
24:     0.00002 0.99998 0.00000 0.00000 0.00000 1      
25:     0.00000 0.99993 0.00007 0.00000 0.00000 1      
26:     0.00000 0.99946 0.00037 0.00002 0.00015 1      
27:     0.00000 0.99995 0.00005 0.00000 0.00000 1      
28:     0.00000 0.99994 0.00000 0.00005 0.00001 1      
29:     0.00488 0.97385 0.00803 0.00565 0.00759 1      
30:     0.08676 0.64682 0.09999 0.06370 0.10273 1      
31:     0.00401 0.97426 0.00550 0.00461 0.01162 1      
32:     0.00000 0.99992 0.00005 0.00003 0.00000 1      
33:     0.00106 0.98545 0.00228 0.00216 0.00905 1      
34:     0.00032 0.99192 0.00003 0.00009 0.00764 1      
35:     0.00480 0.97554 0.00478 0.00842 0.00646 1      
36:     0.00166 0.99416 0.00146 0.00214 0.00058 1      
37:     0.00000 1.00000 0.00000 0.00000 0.00000 1      
38:     0.00094 0.99586 0.00144 0.00087 0.00089 1      
39:     0.00122 0.99542 0.00126 0.00011 0.00199 1      
40:     0.00000 0.99994 0.00004 0.00000 0.00002 1      
41:     0.00012 0.99726 0.00120 0.00059 0.00083 1      
42:     0.00000 0.99943 0.00000 0.00000 0.00057 1      
43:     0.00000 0.99980 0.00000 0.00014 0.00006 1      
44:     0.00140 0.99314 0.00179 0.00151 0.00216 1      
45:     0.03736 0.86349 0.03178 0.03431 0.03306 1      
46:     0.00000 0.99991 0.00000 0.00003 0.00006 1      
47:     0.00109 0.99674 0.00070 0.00041 0.00106 1      
48:     0.00847 0.96777 0.00871 0.00585 0.00920 1      
49:     0.04733 0.83381 0.03299 0.03183 0.05404 1      
50:     0.00034 0.99521 0.00227 0.00097 0.00121 1      
51:     0.11419 0.56072 0.10432 0.11134 0.10943 1      
52:     0.01120 0.96035 0.00675 0.00962 0.01208 1      
53:     0.00000 1.00000 0.00000 0.00000 0.00000 1      
54:     0.00098 0.98930 0.00243 0.00172 0.00557 1      
55:     0.00012 0.99937 0.00023 0.00019 0.00009 1      
56:     0.00022 0.99797 0.00051 0.00061 0.00069 1      
57:     0.00307 0.98399 0.00305 0.00376 0.00613 1      
58:     0.00018 0.99950 0.00028 0.00000 0.00004 1      
59:     0.08173 0.62471 0.11293 0.08246 0.09817 1      
60:     0.02940 0.88692 0.02237 0.02419 0.03712 1      
61:     0.00018 0.99905 0.00037 0.00000 0.00040 1      
62:     0.00169 0.99141 0.00304 0.00090 0.00296 1      
63:     0.00039 0.99697 0.00152 0.00058 0.00054 1      
64:     0.12575 0.41490 0.16857 0.12775 0.16303 1      
65:     0.00195 0.97782 0.00620 0.00582 0.00821 1      
66:     0.00153 0.98765 0.00468 0.00179 0.00435 1      
67:     0.00034 0.99722 0.00073 0.00113 0.00058 1      
68:     0.00015 0.99930 0.00016 0.00028 0.00011 1      
69:     0.01646 0.93788 0.01236 0.02153 0.01177 1      
70:     0.00197 0.99102 0.00229 0.00299 0.00173 1      
71:     0.00024 0.99915 0.00044 0.00017 0.00000 1      
72:     0.00328 0.98884 0.00249 0.00209 0.00330 1      
73:     0.00085 0.98889 0.00163 0.00183 0.00680 1      
74:     0.00391 0.99220 0.00118 0.00145 0.00126 1      
75:     0.00221 0.98641 0.00334 0.00240 0.00564 1      
