  1:   0.0230  0.0669  0.9101  1
  2:   0.0190  0.0891  0.8919  1
  3:   0.0250  0.9310  0.0440  1
  4:   0.0230  0.0580  0.9190  1
  5:   0.0220  0.8790  0.0990  1
  6:   0.0160  0.1260  0.8580  1
  7:   0.0260  0.7347  0.2392  1
  8:   0.0400  0.7902  0.1698  1
  9:   0.0280  0.8970  0.0750  1
 10:   0.0140  0.9340  0.0520  1
 11:   0.0180  0.6170  0.3650  1
 12:   0.0180  0.9140  0.0680  1
 13:   0.0590  0.8680  0.0730  1
 14:   0.0350  0.2270  0.7380  1
 15:   0.0300  0.5260  0.4440  1
 16:   0.1190  0.8360  0.0450  1
 17:   0.0760  0.7450  0.1790  1
 18:   0.0130  0.9590  0.0280  1
 19:   0.0540  0.5660  0.3800  1
 20:   0.0350  0.8290  0.1360  1
 21:   0.0130  0.9419  0.0450  1
 22:   0.0150  0.9620  0.0230  1
 23:   0.0260  0.2092  0.7648  1
 24:   0.0719  0.0529  0.8751  1
 25:   0.0910  0.8130  0.0960  1
 26:   0.0290  0.9340  0.0370  1
 27:   0.1201  0.5045  0.3754  1
 28:   0.0450  0.2760  0.6790  1
 29:   0.1898  0.7752  0.0350  1
 30:   0.4154  0.3874  0.1972  1
 31:   0.3520  0.3250  0.3230  1
 32:   0.0870  0.0380  0.8750  1
 33:   0.0210  0.2940  0.6850  1
 34:   0.0130  0.2072  0.7798  1
 35:   0.0501  0.7417  0.2082  1
 36:   0.0960  0.6210  0.2830  1
 37:   0.3940  0.4750  0.1310  1
 38:   0.0500  0.0700  0.8800  1
 39:   0.1001  0.1842  0.7157  1
 40:   0.0190  0.6880  0.2930  1
 41:   0.0180  0.9610  0.0210  1
 42:   0.0260  0.2620  0.7120  1
 43:   0.0220  0.2680  0.7100  1
 44:   0.0210  0.8920  0.0870  1
 45:   0.0730  0.0910  0.8360  1
 46:   0.0150  0.8621  0.1229  1
 47:   0.0120  0.8730  0.1150  1
 48:   0.2957  0.5005  0.2038  1
 49:   0.0470  0.1181  0.8348  1
 50:   0.0230  0.1820  0.7950  1
 51:   0.0610  0.7350  0.2040  1
 52:   0.0919  0.3816  0.5265  1
 53:   0.0969  0.7782  0.1249  1
 54:   0.0880  0.7420  0.1700  1
 55:   0.0220  0.6490  0.3290  1
 56:   0.1480  0.4590  0.3930  1
 57:   0.1491  0.7798  0.0711  1
 58:   0.2380  0.5310  0.2310  1
 59:   0.1430  0.3500  0.5070  1
 60:   0.0360  0.8580  0.1060  1
 61:   0.0570  0.6710  0.2720  1
 62:   0.5724  0.1828  0.2448  1
 63:   0.1730  0.2820  0.5450  1
 64:   0.0320  0.2940  0.6740  1
 65:   0.0190  0.0440  0.9369  1
 66:   0.0920  0.1090  0.7990  1
 67:   0.0670  0.0930  0.8400  1
 68:   0.0460  0.1070  0.8470  1
 69:   0.2380  0.1650  0.5970  1
 70:   0.0590  0.8130  0.1280  1
 71:   0.0230  0.4520  0.5250  1
 72:   0.0140  0.8070  0.1790  1
 73:   0.0140  0.0370  0.9490  1
 74:   0.0630  0.3400  0.5970  1
 75:   0.0270  0.1120  0.8610  1
 76:   0.0410  0.0280  0.9311  1
 77:   0.0570  0.2210  0.7220  1
 78:   0.0190  0.8260  0.1550  1
 79:   0.0180  0.3050  0.6770  1
 80:   0.0850  0.0370  0.8780  1
 81:   0.0620  0.2520  0.6860  1
 82:   0.8270  0.1230  0.0500  1
 83:   0.6100  0.2030  0.1870  1
 84:   0.0330  0.2920  0.6750  1
 85:   0.3880  0.4810  0.1310  1
 86:   0.0990  0.4020  0.4990  1
 87:   0.0170  0.0170  0.9660  1
 88:   0.2750  0.4200  0.3050  1
 89:   0.1381  0.0761  0.7858  1
 90:   0.0120  0.2258  0.7622  1
 91:   0.0340  0.2030  0.7630  1
 92:   0.0110  0.0400  0.9490  1
 93:   0.0790  0.1040  0.8170  1
 94:   0.0300  0.9460  0.0240  1
 95:   0.7560  0.0950  0.1490  1
 96:   0.0731  0.8519  0.0751  1
 97:   0.1101  0.6807  0.2092  1
 98:   0.4740  0.4710  0.0550  1
 99:   0.1988  0.7732  0.0280  1
100:   0.6450  0.2520  0.1030  1
101:   0.1220  0.7430  0.1350  1
102:   0.0180  0.9080  0.0740  1
103:   0.0340  0.9210  0.0450  1
104:   0.4084  0.2052  0.3864  1
105:   0.3770  0.2410  0.3820  1
106:   0.0650  0.0440  0.8910  1
107:   0.5120  0.2230  0.2650  1
108:   0.9390  0.0300  0.0310  1
109:   0.9149  0.0340  0.0511  1
110:   0.9419  0.0400  0.0180  1
111:   0.9430  0.0340  0.0230  1
112:   0.6010  0.2560  0.1430  1
113:   0.9350  0.0290  0.0360  1
114:   0.7790  0.1160  0.1050  1
115:   0.8590  0.0320  0.1090  1
116:   0.9630  0.0170  0.0200  1
117:   0.9491  0.0240  0.0270  1
118:   0.9590  0.0240  0.0170  1
119:   0.9640  0.0190  0.0170  1
120:   0.9260  0.0330  0.0410  1
121:   0.9060  0.0440  0.0500  1
122:   0.9780  0.0110  0.0110  1
123:   0.9460  0.0300  0.0240  1
124:   0.9630  0.0130  0.0240  1
125:   0.9630  0.0180  0.0190  1
126:   0.9361  0.0380  0.0260  1
127:   0.9650  0.0190  0.0160  1
128:   0.8521  0.0539  0.0939  1
129:   0.8460  0.0880  0.0660  1
130:   0.8550  0.0350  0.1100  1
131:   0.9370  0.0270  0.0360  1
132:   0.9500  0.0240  0.0260  1
133:   0.9491  0.0250  0.0260  1
134:   0.9360  0.0330  0.0310  1
135:   0.9140  0.0310  0.0550  1
136:   0.9150  0.0210  0.0640  1
137:   0.9610  0.0180  0.0210  1
138:   0.9220  0.0210  0.0570  1
139:   0.9221  0.0310  0.0470  1
140:   0.9480  0.0220  0.0300  1
141:   0.9261  0.0450  0.0290  1
142:   0.9650  0.0150  0.0200  1
143:   0.9600  0.0180  0.0220  1
144:   0.9660  0.0210  0.0130  1
145:   0.8920  0.0800  0.0280  1
146:   0.8830  0.0600  0.0570  1
147:   0.8900  0.0770  0.0330  1
148:   0.9700  0.0110  0.0190  1
149:   0.9570  0.0220  0.0210  1

  1:   0.0240  0.0700  0.9060  1
  2:   0.0200  0.0899  0.8901  1
  3:   0.0250  0.9300  0.0450  1
  4:   0.0240  0.0580  0.9180  1
  5:   0.0220  0.8790  0.0990  1
  6:   0.0160  0.1241  0.8599  1
  7:   0.0270  0.7320  0.2410  1
  8:   0.0400  0.7880  0.1720  1
  9:   0.0290  0.8950  0.0760  1
 10:   0.0140  0.9341  0.0519  1
 11:   0.0180  0.6276  0.3544  1
 12:   0.0180  0.9119  0.0701  1
 13:   0.0590  0.8670  0.0740  1
 14:   0.0360  0.2410  0.7230  1
 15:   0.0300  0.5310  0.4390  1
 16:   0.1210  0.8330  0.0460  1
 17:   0.0750  0.7450  0.1800  1
 18:   0.0130  0.9590  0.0280  1
 19:   0.0570  0.5640  0.3790  1
 20:   0.0360  0.8220  0.1420  1
 21:   0.0140  0.9401  0.0460  1
 22:   0.0150  0.9610  0.0240  1
 23:   0.0270  0.2060  0.7670  1
 24:   0.0750  0.0530  0.8720  1
 25:   0.0910  0.8140  0.0950  1
 26:   0.0290  0.9330  0.0380  1
 27:   0.1229  0.5095  0.3676  1
 28:   0.0460  0.2770  0.6770  1
 29:   0.1862  0.7798  0.0340  1
 30:   0.4126  0.3916  0.1958  1
 31:   0.3550  0.3270  0.3180  1
 32:   0.0890  0.0400  0.8710  1
 33:   0.0210  0.3027  0.6763  1
 34:   0.0140  0.2050  0.7810  1
 35:   0.0510  0.7460  0.2030  1
 36:   0.0981  0.6266  0.2753  1
 37:   0.3980  0.4760  0.1260  1
 38:   0.0520  0.0730  0.8750  1
 39:   0.1029  0.1888  0.7083  1
 40:   0.0190  0.6837  0.2973  1
 41:   0.0180  0.9610  0.0210  1
 42:   0.0270  0.2580  0.7150  1
 43:   0.0230  0.2780  0.6990  1
 44:   0.0220  0.8900  0.0880  1
 45:   0.0741  0.0951  0.8308  1
 46:   0.0160  0.8551  0.1289  1
 47:   0.0120  0.8730  0.1150  1
 48:   0.2980  0.4970  0.2050  1
 49:   0.0490  0.1200  0.8310  1
 50:   0.0240  0.1720  0.8040  1
 51:   0.0620  0.7350  0.2030  1
 52:   0.0920  0.3770  0.5310  1
 53:   0.1010  0.7720  0.1270  1
 54:   0.0890  0.7370  0.1740  1
 55:   0.0230  0.6470  0.3300  1
 56:   0.1528  0.4565  0.3906  1
 57:   0.1510  0.7780  0.0710  1
 58:   0.2430  0.5250  0.2320  1
 59:   0.1439  0.3516  0.5045  1
 60:   0.0360  0.8589  0.1051  1
 61:   0.0571  0.6747  0.2683  1
 62:   0.5730  0.1890  0.2380  1
 63:   0.1760  0.2830  0.5410  1
 64:   0.0340  0.2950  0.6710  1
 65:   0.0200  0.0430  0.9370  1
 66:   0.0919  0.1119  0.7962  1
 67:   0.0680  0.0930  0.8390  1
 68:   0.0470  0.1060  0.8470  1
 69:   0.2430  0.1620  0.5950  1
 70:   0.0600  0.8080  0.1320  1
 71:   0.0240  0.4410  0.5350  1
 72:   0.0140  0.8010  0.1850  1
 73:   0.0150  0.0360  0.9491  1
 74:   0.0630  0.3470  0.5900  1
 75:   0.0270  0.1130  0.8600  1
 76:   0.0420  0.0280  0.9300  1
 77:   0.0590  0.2190  0.7220  1
 78:   0.0200  0.8210  0.1590  1
 79:   0.0190  0.3087  0.6723  1
 80:   0.0880  0.0390  0.8730  1
 81:   0.0610  0.2420  0.6970  1
 82:   0.8260  0.1240  0.0500  1
 83:   0.6110  0.2020  0.1870  1
 84:   0.0330  0.2830  0.6840  1
 85:   0.3840  0.4900  0.1260  1
 86:   0.1010  0.4130  0.4860  1
 87:   0.0180  0.0170  0.9650  1
 88:   0.2770  0.4210  0.3020  1
 89:   0.1411  0.0771  0.7818  1
 90:   0.0120  0.2240  0.7640  1
 91:   0.0340  0.2052  0.7608  1
 92:   0.0110  0.0400  0.9490  1
 93:   0.0800  0.1110  0.8090  1
 94:   0.0300  0.9469  0.0230  1
 95:   0.7590  0.0930  0.1480  1
 96:   0.0751  0.8498  0.0751  1
 97:   0.1120  0.6790  0.2090  1
 98:   0.4660  0.4790  0.0550  1
 99:   0.2002  0.7728  0.0270  1
100:   0.6370  0.2580  0.1050  1
101:   0.1249  0.7423  0.1329  1
102:   0.0180  0.9089  0.0731  1
103:   0.0350  0.9201  0.0450  1
104:   0.4140  0.2040  0.3820  1
105:   0.3826  0.2368  0.3806  1
106:   0.0669  0.0460  0.8871  1
107:   0.5140  0.2270  0.2590  1
108:   0.9380  0.0310  0.0310  1
109:   0.9150  0.0330  0.0520  1
110:   0.9410  0.0410  0.0180  1
111:   0.9430  0.0340  0.0230  1
112:   0.5974  0.2577  0.1449  1
113:   0.9350  0.0290  0.0360  1
114:   0.7780  0.1170  0.1050  1
115:   0.8610  0.0310  0.1080  1
116:   0.9630  0.0170  0.0200  1
117:   0.9490  0.0240  0.0270  1
118:   0.9580  0.0240  0.0180  1
119:   0.9640  0.0190  0.0170  1
120:   0.9251  0.0340  0.0410  1
121:   0.9050  0.0450  0.0500  1
122:   0.9780  0.0110  0.0110  1
123:   0.9450  0.0300  0.0250  1
124:   0.9640  0.0130  0.0230  1
125:   0.9640  0.0170  0.0190  1
126:   0.9379  0.0370  0.0250  1
127:   0.9660  0.0180  0.0160  1
128:   0.8531  0.0549  0.0919  1
129:   0.8450  0.0900  0.0650  1
130:   0.8549  0.0350  0.1101  1
131:   0.9379  0.0270  0.0350  1
132:   0.9500  0.0240  0.0260  1
133:   0.9491  0.0250  0.0260  1
134:   0.9360  0.0330  0.0310  1
135:   0.9140  0.0310  0.0550  1
136:   0.9150  0.0210  0.0640  1
137:   0.9610  0.0190  0.0200  1
138:   0.9231  0.0210  0.0559  1
139:   0.9230  0.0310  0.0460  1
140:   0.9480  0.0220  0.0300  1
141:   0.9270  0.0440  0.0290  1
142:   0.9650  0.0150  0.0200  1
143:   0.9590  0.0190  0.0220  1
144:   0.9650  0.0220  0.0130  1
145:   0.8910  0.0810  0.0280  1
146:   0.8841  0.0599  0.0559  1
147:   0.8890  0.0780  0.0330  1
148:   0.9700  0.0110  0.0190  1
149:   0.9560  0.0230  0.0210  1

  1:   0.0240  0.0680  0.9080  1
  2:   0.0190  0.0890  0.8920  1
  3:   0.0250  0.9330  0.0420  1
  4:   0.0230  0.0590  0.9180  1
  5:   0.0220  0.8770  0.1010  1
  6:   0.0170  0.1250  0.8580  1
  7:   0.0270  0.7313  0.2418  1
  8:   0.0400  0.7920  0.1680  1
  9:   0.0290  0.8941  0.0769  1
 10:   0.0140  0.9320  0.0540  1
 11:   0.0190  0.6090  0.3720  1
 12:   0.0180  0.9149  0.0671  1
 13:   0.0580  0.8710  0.0710  1
 14:   0.0350  0.2220  0.7430  1
 15:   0.0300  0.5290  0.4410  1
 16:   0.1200  0.8350  0.0450  1
 17:   0.0740  0.7400  0.1860  1
 18:   0.0130  0.9590  0.0280  1
 19:   0.0550  0.5550  0.3900  1
 20:   0.0350  0.8252  0.1399  1
 21:   0.0140  0.9400  0.0460  1
 22:   0.0150  0.9610  0.0240  1
 23:   0.0260  0.2070  0.7670  1
 24:   0.0749  0.0539  0.8711  1
 25:   0.0910  0.8130  0.0960  1
 26:   0.0290  0.9330  0.0380  1
 27:   0.1220  0.5000  0.3780  1
 28:   0.0450  0.2623  0.6927  1
 29:   0.1920  0.7720  0.0360  1
 30:   0.4174  0.3854  0.1972  1
 31:   0.3554  0.3293  0.3153  1
 32:   0.0870  0.0380  0.8750  1
 33:   0.0200  0.2990  0.6810  1
 34:   0.0130  0.2122  0.7748  1
 35:   0.0510  0.7410  0.2080  1
 36:   0.0960  0.6110  0.2930  1
 37:   0.3960  0.4700  0.1340  1
 38:   0.0500  0.0700  0.8800  1
 39:   0.1000  0.1810  0.7190  1
 40:   0.0190  0.6883  0.2927  1
 41:   0.0190  0.9610  0.0200  1
 42:   0.0260  0.2520  0.7220  1
 43:   0.0220  0.2550  0.7230  1
 44:   0.0220  0.8890  0.0890  1
 45:   0.0730  0.0950  0.8320  1
 46:   0.0150  0.8549  0.1301  1
 47:   0.0120  0.8750  0.1130  1
 48:   0.2980  0.5000  0.2020  1
 49:   0.0480  0.1211  0.8308  1
 50:   0.0230  0.1780  0.7990  1
 51:   0.0610  0.7410  0.1980  1
 52:   0.0900  0.3880  0.5220  1
 53:   0.0991  0.7818  0.1191  1
 54:   0.0880  0.7450  0.1670  1
 55:   0.0220  0.6547  0.3233  1
 56:   0.1508  0.4665  0.3826  1
 57:   0.1500  0.7810  0.0690  1
 58:   0.2400  0.5280  0.2320  1
 59:   0.1410  0.3520  0.5070  1
 60:   0.0360  0.8589  0.1051  1
 61:   0.0580  0.6770  0.2650  1
 62:   0.5724  0.1848  0.2428  1
 63:   0.1730  0.2790  0.5480  1
 64:   0.0330  0.3040  0.6630  1
 65:   0.0190  0.0450  0.9360  1
 66:   0.0911  0.1071  0.8018  1
 67:   0.0670  0.0910  0.8420  1
 68:   0.0460  0.1070  0.8470  1
 69:   0.2400  0.1630  0.5970  1
 70:   0.0591  0.8118  0.1291  1
 71:   0.0230  0.4490  0.5280  1
 72:   0.0140  0.8070  0.1790  1
 73:   0.0140  0.0370  0.9490  1
 74:   0.0621  0.3443  0.5936  1
 75:   0.0270  0.1130  0.8600  1
 76:   0.0410  0.0280  0.9310  1
 77:   0.0571  0.2212  0.7217  1
 78:   0.0190  0.8200  0.1610  1
 79:   0.0180  0.3050  0.6770  1
 80:   0.0840  0.0370  0.8790  1
 81:   0.0599  0.2328  0.7073  1
 82:   0.8270  0.1220  0.0510  1
 83:   0.6100  0.1990  0.1910  1
 84:   0.0330  0.2807  0.6863  1
 85:   0.3860  0.4820  0.1320  1
 86:   0.0990  0.4050  0.4960  1
 87:   0.0170  0.0160  0.9670  1
 88:   0.2760  0.4220  0.3020  1
 89:   0.1351  0.0751  0.7898  1
 90:   0.0120  0.2340  0.7540  1
 91:   0.0340  0.1920  0.7740  1
 92:   0.0110  0.0410  0.9480  1
 93:   0.0789  0.1089  0.8122  1
 94:   0.0300  0.9461  0.0240  1
 95:   0.7570  0.0930  0.1500  1
 96:   0.0720  0.8560  0.0720  1
 97:   0.1101  0.6837  0.2062  1
 98:   0.4740  0.4710  0.0550  1
 99:   0.2020  0.7700  0.0280  1
100:   0.6430  0.2520  0.1050  1
101:   0.1241  0.7447  0.1311  1
102:   0.0180  0.9110  0.0710  1
103:   0.0330  0.9219  0.0450  1
104:   0.4100  0.2060  0.3840  1
105:   0.3824  0.2362  0.3814  1
106:   0.0650  0.0450  0.8900  1
107:   0.5100  0.2180  0.2720  1
108:   0.9381  0.0310  0.0310  1
109:   0.9140  0.0340  0.0520  1
110:   0.9410  0.0410  0.0180  1
111:   0.9430  0.0340  0.0230  1
112:   0.6020  0.2500  0.1480  1
113:   0.9350  0.0290  0.0360  1
114:   0.7760  0.1190  0.1050  1
115:   0.8570  0.0310  0.1120  1
116:   0.9630  0.0170  0.0200  1
117:   0.9490  0.0240  0.0270  1
118:   0.9580  0.0240  0.0180  1
119:   0.9630  0.0190  0.0180  1
120:   0.9250  0.0330  0.0420  1
121:   0.9050  0.0440  0.0510  1
122:   0.9780  0.0110  0.0110  1
123:   0.9451  0.0300  0.0250  1
124:   0.9620  0.0130  0.0250  1
125:   0.9620  0.0180  0.0200  1
126:   0.9360  0.0380  0.0260  1
127:   0.9650  0.0190  0.0160  1
128:   0.8529  0.0531  0.0941  1
129:   0.8450  0.0900  0.0650  1
130:   0.8520  0.0350  0.1130  1
131:   0.9379  0.0260  0.0360  1
132:   0.9499  0.0240  0.0260  1
133:   0.9491  0.0250  0.0260  1
134:   0.9351  0.0330  0.0320  1
135:   0.9140  0.0300  0.0560  1
136:   0.9140  0.0210  0.0650  1
137:   0.9600  0.0190  0.0210  1
138:   0.9230  0.0210  0.0560  1
139:   0.9220  0.0310  0.0470  1
140:   0.9471  0.0220  0.0310  1
141:   0.9270  0.0450  0.0280  1
142:   0.9650  0.0150  0.0200  1
143:   0.9590  0.0190  0.0220  1
144:   0.9660  0.0210  0.0130  1
145:   0.8900  0.0810  0.0290  1
146:   0.8839  0.0601  0.0561  1
147:   0.8890  0.0780  0.0330  1
148:   0.9700  0.0110  0.0190  1
149:   0.9570  0.0220  0.0210  1

