  1:   0.0237  0.0683  0.9080  1
  2:   0.0193  0.0893  0.8913  1
  3:   0.0250  0.9313  0.0437  1
  4:   0.0233  0.0583  0.9183  1
  5:   0.0220  0.8783  0.0997  1
  6:   0.0163  0.1250  0.8586  1
  7:   0.0267  0.7327  0.2407  1
  8:   0.0400  0.7901  0.1699  1
  9:   0.0287  0.8954  0.0760  1
 10:   0.0140  0.9334  0.0526  1
 11:   0.0183  0.6179  0.3638  1
 12:   0.0180  0.9136  0.0684  1
 13:   0.0587  0.8687  0.0727  1
 14:   0.0353  0.2300  0.7347  1
 15:   0.0300  0.5287  0.4413  1
 16:   0.1200  0.8347  0.0453  1
 17:   0.0750  0.7433  0.1817  1
 18:   0.0130  0.9590  0.0280  1
 19:   0.0553  0.5617  0.3830  1
 20:   0.0353  0.8254  0.1393  1
 21:   0.0137  0.9407  0.0457  1
 22:   0.0150  0.9613  0.0237  1
 23:   0.0263  0.2074  0.7663  1
 24:   0.0740  0.0533  0.8728  1
 25:   0.0910  0.8133  0.0957  1
 26:   0.0290  0.9333  0.0377  1
 27:   0.1217  0.5047  0.3737  1
 28:   0.0453  0.2718  0.6829  1
 29:   0.1893  0.7757  0.0350  1
 30:   0.4151  0.3881  0.1967  1
 31:   0.3541  0.3271  0.3188  1
 32:   0.0877  0.0387  0.8737  1
 33:   0.0207  0.2986  0.6808  1
 34:   0.0133  0.2081  0.7785  1
 35:   0.0507  0.7429  0.2064  1
 36:   0.0967  0.6195  0.2838  1
 37:   0.3960  0.4737  0.1303  1
 38:   0.0507  0.0710  0.8783  1
 39:   0.1010  0.1847  0.7143  1
 40:   0.0190  0.6867  0.2943  1
 41:   0.0183  0.9610  0.0207  1
 42:   0.0263  0.2573  0.7163  1
 43:   0.0223  0.2670  0.7107  1
 44:   0.0217  0.8903  0.0880  1
 45:   0.0734  0.0937  0.8329  1
 46:   0.0153  0.8574  0.1273  1
 47:   0.0120  0.8737  0.1143  1
 48:   0.2972  0.4992  0.2036  1
 49:   0.0480  0.1197  0.8322  1
 50:   0.0233  0.1773  0.7993  1
 51:   0.0613  0.7370  0.2017  1
 52:   0.0913  0.3822  0.5265  1
 53:   0.0990  0.7773  0.1237  1
 54:   0.0883  0.7413  0.1703  1
 55:   0.0223  0.6502  0.3274  1
 56:   0.1506  0.4607  0.3887  1
 57:   0.1500  0.7796  0.0704  1
 58:   0.2403  0.5280  0.2317  1
 59:   0.1426  0.3512  0.5062  1
 60:   0.0360  0.8586  0.1054  1
 61:   0.0574  0.6742  0.2684  1
 62:   0.5726  0.1855  0.2418  1
 63:   0.1740  0.2813  0.5447  1
 64:   0.0330  0.2977  0.6693  1
 65:   0.0193  0.0440  0.9366  1
 66:   0.0917  0.1093  0.7990  1
 67:   0.0673  0.0923  0.8403  1
 68:   0.0463  0.1067  0.8470  1
 69:   0.2403  0.1633  0.5963  1
 70:   0.0594  0.8109  0.1297  1
 71:   0.0233  0.4473  0.5293  1
 72:   0.0140  0.8050  0.1810  1
 73:   0.0143  0.0367  0.9490  1
 74:   0.0627  0.3438  0.5935  1
 75:   0.0270  0.1127  0.8603  1
 76:   0.0413  0.0280  0.9307  1
 77:   0.0577  0.2204  0.7219  1
 78:   0.0193  0.8223  0.1583  1
 79:   0.0183  0.3062  0.6754  1
 80:   0.0857  0.0377  0.8767  1
 81:   0.0610  0.2423  0.6968  1
 82:   0.8267  0.1230  0.0503  1
 83:   0.6103  0.2013  0.1883  1
 84:   0.0330  0.2852  0.6818  1
 85:   0.3860  0.4843  0.1297  1
 86:   0.0997  0.4067  0.4937  1
 87:   0.0173  0.0167  0.9660  1
 88:   0.2760  0.4210  0.3030  1
 89:   0.1381  0.0761  0.7858  1
 90:   0.0120  0.2279  0.7601  1
 91:   0.0340  0.2001  0.7659  1
 92:   0.0110  0.0403  0.9487  1
 93:   0.0793  0.1080  0.8127  1
 94:   0.0300  0.9463  0.0237  1
 95:   0.7573  0.0937  0.1490  1
 96:   0.0734  0.8526  0.0741  1
 97:   0.1107  0.6811  0.2081  1
 98:   0.4713  0.4737  0.0550  1
 99:   0.2003  0.7720  0.0277  1
100:   0.6417  0.2540  0.1043  1
101:   0.1237  0.7433  0.1330  1
102:   0.0180  0.9093  0.0727  1
103:   0.0340  0.9210  0.0450  1
104:   0.4108  0.2051  0.3841  1
105:   0.3807  0.2380  0.3813  1
106:   0.0656  0.0450  0.8894  1
107:   0.5120  0.2227  0.2653  1
108:   0.9384  0.0307  0.0310  1
109:   0.9146  0.0337  0.0517  1
110:   0.9413  0.0407  0.0180  1
111:   0.9430  0.0340  0.0230  1
112:   0.6001  0.2546  0.1453  1
113:   0.9350  0.0290  0.0360  1
114:   0.7777  0.1173  0.1050  1
115:   0.8590  0.0313  0.1097  1
116:   0.9630  0.0170  0.0200  1
117:   0.9490  0.0240  0.0270  1
118:   0.9583  0.0240  0.0177  1
119:   0.9637  0.0190  0.0173  1
120:   0.9254  0.0333  0.0413  1
121:   0.9053  0.0443  0.0503  1
122:   0.9780  0.0110  0.0110  1
123:   0.9454  0.0300  0.0247  1
124:   0.9630  0.0130  0.0240  1
125:   0.9630  0.0177  0.0193  1
126:   0.9367  0.0377  0.0257  1
127:   0.9653  0.0187  0.0160  1
128:   0.8527  0.0540  0.0933  1
129:   0.8453  0.0893  0.0653  1
130:   0.8540  0.0350  0.1110  1
131:   0.9376  0.0267  0.0357  1
132:   0.9500  0.0240  0.0260  1
133:   0.9491  0.0250  0.0260  1
134:   0.9357  0.0330  0.0313  1
135:   0.9140  0.0307  0.0553  1
136:   0.9147  0.0210  0.0643  1
137:   0.9607  0.0187  0.0207  1
138:   0.9227  0.0210  0.0563  1
139:   0.9224  0.0310  0.0467  1
140:   0.9477  0.0220  0.0303  1
141:   0.9267  0.0447  0.0287  1
142:   0.9650  0.0150  0.0200  1
143:   0.9593  0.0187  0.0220  1
144:   0.9657  0.0213  0.0130  1
145:   0.8910  0.0807  0.0283  1
146:   0.8837  0.0600  0.0563  1
147:   0.8893  0.0777  0.0330  1
148:   0.9700  0.0110  0.0190  1
149:   0.9567  0.0223  0.0210  1
