1:    0.911 0.067 0.023 1    
2:    0.891 0.089 0.019 1    
3:    0.044 0.931 0.025 1    
4:    0.919 0.058 0.023 1    
5:    0.099 0.879 0.022 1    
6:    0.858 0.126 0.016 1    
7:    0.239 0.734 0.026 1    
8:    0.170 0.791 0.040 1    
9:    0.075 0.897 0.028 1    
10:   0.052 0.934 0.014 1    
11:   0.365 0.617 0.018 1    
12:   0.068 0.914 0.018 1    
13:   0.073 0.868 0.059 1    
14:   0.738 0.227 0.035 1    
15:   0.444 0.526 0.030 1    
16:   0.045 0.836 0.119 1    
17:   0.179 0.745 0.076 1    
18:   0.028 0.959 0.013 1    
19:   0.380 0.566 0.054 1    
20:   0.136 0.829 0.035 1    
21:   0.045 0.941 0.013 1    
22:   0.023 0.962 0.015 1    
23:   0.764 0.209 0.026 1    
24:   0.876 0.053 0.072 1    
25:   0.096 0.813 0.091 1    
26:   0.037 0.934 0.029 1    
27:   0.375 0.504 0.120 1    
28:   0.679 0.276 0.045 1    
29:   0.035 0.776 0.190 1    
30:   0.197 0.387 0.415 1    
31:   0.323 0.325 0.352 1    
32:   0.875 0.038 0.087 1    
33:   0.685 0.294 0.021 1    
34:   0.779 0.207 0.013 1    
35:   0.208 0.741 0.050 1    
36:   0.283 0.621 0.096 1    
37:   0.131 0.475 0.394 1    
38:   0.880 0.070 0.050 1    
39:   0.715 0.184 0.100 1    
40:   0.293 0.688 0.019 1    
41:   0.021 0.961 0.018 1    
42:   0.712 0.262 0.026 1    
43:   0.710 0.268 0.022 1    
44:   0.087 0.892 0.021 1    
45:   0.836 0.091 0.073 1    
46:   0.123 0.863 0.015 1    
47:   0.115 0.873 0.012 1    
48:   0.204 0.501 0.296 1    
49:   0.834 0.118 0.047 1    
50:   0.795 0.182 0.023 1    
51:   0.204 0.735 0.061 1    
52:   0.527 0.382 0.092 1    
53:   0.125 0.779 0.097 1    
54:   0.170 0.742 0.088 1    
55:   0.329 0.649 0.022 1    
56:   0.393 0.459 0.148 1    
57:   0.071 0.779 0.149 1    
58:   0.231 0.531 0.238 1    
59:   0.507 0.350 0.143 1    
60:   0.106 0.858 0.036 1    
61:   0.272 0.671 0.057 1    
62:   0.245 0.183 0.573 1    
63:   0.545 0.282 0.173 1    
64:   0.674 0.294 0.032 1    
65:   0.936 0.044 0.019 1    
66:   0.799 0.109 0.092 1    
67:   0.840 0.093 0.067 1    
68:   0.847 0.107 0.046 1    
69:   0.597 0.165 0.238 1    
70:   0.128 0.813 0.059 1    
71:   0.525 0.452 0.023 1    
72:   0.179 0.807 0.014 1    
73:   0.949 0.037 0.014 1    
74:   0.597 0.340 0.063 1    
75:   0.861 0.112 0.027 1    
76:   0.932 0.028 0.041 1    
77:   0.722 0.221 0.057 1    
78:   0.155 0.826 0.019 1    
79:   0.677 0.305 0.018 1    
80:   0.878 0.037 0.085 1    
81:   0.686 0.252 0.062 1    
82:   0.050 0.123 0.827 1    
83:   0.187 0.203 0.610 1    
84:   0.675 0.292 0.033 1    
85:   0.131 0.481 0.388 1    
86:   0.499 0.402 0.099 1    
87:   0.966 0.017 0.017 1    
88:   0.305 0.420 0.275 1    
89:   0.785 0.076 0.138 1    
90:   0.763 0.226 0.012 1    
91:   0.763 0.203 0.034 1    
92:   0.949 0.040 0.011 1    
93:   0.817 0.104 0.079 1    
94:   0.024 0.946 0.030 1    
95:   0.149 0.095 0.756 1    
96:   0.075 0.851 0.073 1    
97:   0.209 0.680 0.110 1    
98:   0.055 0.471 0.474 1    
99:   0.028 0.774 0.199 1    
100:  0.103 0.252 0.645 1    
101:  0.135 0.743 0.122 1    
102:  0.074 0.908 0.018 1    
103:  0.045 0.921 0.034 1    
104:  0.386 0.205 0.408 1    
105:  0.382 0.241 0.377 1    
106:  0.891 0.044 0.065 1    
107:  0.265 0.223 0.512 1    
108:  0.031 0.030 0.939 1    
109:  0.051 0.034 0.914 1    
110:  0.018 0.040 0.941 1    
111:  0.023 0.034 0.943 1    
112:  0.143 0.256 0.601 1    
113:  0.036 0.029 0.935 1    
114:  0.105 0.116 0.779 1    
115:  0.109 0.032 0.859 1    
116:  0.020 0.017 0.962 1    
117:  0.027 0.024 0.950 1    
118:  0.017 0.024 0.959 1    
119:  0.017 0.019 0.964 1    
120:  0.041 0.033 0.926 1    
121:  0.050 0.044 0.906 1    
122:  0.011 0.011 0.977 1    
123:  0.024 0.030 0.946 1    
124:  0.024 0.013 0.963 1    
125:  0.019 0.018 0.963 1    
126:  0.026 0.038 0.937 1    
127:  0.016 0.019 0.966 1    
128:  0.094 0.054 0.853 1    
129:  0.066 0.088 0.846 1    
130:  0.110 0.035 0.855 1    
131:  0.036 0.027 0.937 1    
132:  0.026 0.024 0.950 1    
133:  0.026 0.025 0.950 1    
134:  0.031 0.033 0.936 1    
135:  0.055 0.031 0.914 1    
136:  0.064 0.021 0.915 1    
137:  0.021 0.018 0.961 1    
138:  0.057 0.021 0.922 1    
139:  0.047 0.031 0.923 1    
140:  0.030 0.022 0.948 1    
141:  0.029 0.045 0.927 1    
142:  0.020 0.015 0.965 1    
143:  0.022 0.018 0.960 1    
144:  0.013 0.021 0.966 1    
145:  0.028 0.080 0.892 1    
146:  0.057 0.060 0.883 1    
147:  0.033 0.077 0.890 1    
148:  0.019 0.011 0.970 1    
149:  0.021 0.022 0.957 1    
              
              
1:    0.024 0.070 0.906 1    
2:    0.020 0.090 0.891 1    
3:    0.025 0.930 0.045 1    
4:    0.024 0.058 0.918 1    
5:    0.022 0.879 0.099 1    
6:    0.016 0.124 0.859 1    
7:    0.027 0.732 0.241 1    
8:    0.040 0.788 0.172 1    
9:    0.029 0.895 0.076 1    
10:   0.014 0.935 0.052 1    
11:   0.018 0.627 0.354 1    
12:   0.018 0.911 0.070 1    
13:   0.059 0.867 0.074 1    
14:   0.036 0.241 0.723 1    
15:   0.030 0.531 0.439 1    
16:   0.121 0.833 0.046 1    
17:   0.075 0.745 0.180 1    
18:   0.013 0.958 0.028 1    
19:   0.057 0.564 0.379 1    
20:   0.036 0.822 0.142 1    
21:   0.014 0.941 0.046 1    
22:   0.015 0.961 0.024 1    
23:   0.027 0.206 0.767 1    
24:   0.075 0.053 0.872 1    
25:   0.091 0.814 0.095 1    
26:   0.029 0.933 0.038 1    
27:   0.123 0.510 0.368 1    
28:   0.046 0.277 0.677 1    
29:   0.186 0.779 0.034 1    
30:   0.413 0.392 0.196 1    
31:   0.355 0.327 0.318 1    
32:   0.089 0.040 0.871 1    
33:   0.021 0.303 0.677 1    
34:   0.014 0.205 0.781 1    
35:   0.051 0.746 0.203 1    
36:   0.098 0.626 0.275 1    
37:   0.398 0.476 0.126 1    
38:   0.052 0.073 0.875 1    
39:   0.103 0.189 0.709 1    
40:   0.019 0.683 0.297 1    
41:   0.018 0.961 0.021 1    
42:   0.027 0.258 0.715 1    
43:   0.023 0.278 0.699 1    
44:   0.022 0.890 0.088 1    
45:   0.074 0.095 0.830 1    
46:   0.016 0.856 0.129 1    
47:   0.012 0.873 0.115 1    
48:   0.298 0.497 0.205 1    
49:   0.049 0.120 0.831 1    
50:   0.024 0.172 0.804 1    
51:   0.062 0.735 0.203 1    
52:   0.092 0.377 0.531 1    
53:   0.101 0.772 0.127 1    
54:   0.089 0.737 0.174 1    
55:   0.023 0.647 0.330 1    
56:   0.153 0.457 0.391 1    
57:   0.151 0.778 0.071 1    
58:   0.243 0.525 0.232 1    
59:   0.144 0.352 0.505 1    
60:   0.036 0.858 0.105 1    
61:   0.057 0.674 0.268 1    
62:   0.573 0.189 0.238 1    
63:   0.176 0.283 0.541 1    
64:   0.034 0.295 0.671 1    
65:   0.020 0.043 0.937 1    
66:   0.092 0.112 0.797 1    
67:   0.068 0.093 0.839 1    
68:   0.047 0.106 0.847 1    
69:   0.243 0.162 0.595 1    
70:   0.060 0.808 0.132 1    
71:   0.024 0.441 0.535 1    
72:   0.014 0.801 0.185 1    
73:   0.015 0.036 0.950 1    
74:   0.063 0.347 0.590 1    
75:   0.027 0.113 0.860 1    
76:   0.042 0.028 0.930 1    
77:   0.059 0.219 0.722 1    
78:   0.020 0.821 0.159 1    
79:   0.019 0.309 0.673 1    
80:   0.088 0.039 0.873 1    
81:   0.061 0.242 0.697 1    
82:   0.826 0.124 0.050 1    
83:   0.611 0.202 0.187 1    
84:   0.033 0.283 0.684 1    
85:   0.384 0.490 0.126 1    
86:   0.101 0.413 0.486 1    
87:   0.018 0.017 0.966 1    
88:   0.277 0.421 0.302 1    
89:   0.141 0.077 0.781 1    
90:   0.012 0.224 0.764 1    
91:   0.034 0.205 0.760 1    
92:   0.011 0.040 0.949 1    
93:   0.080 0.111 0.809 1    
94:   0.030 0.946 0.023 1    
95:   0.759 0.093 0.148 1    
96:   0.075 0.849 0.075 1    
97:   0.112 0.679 0.209 1    
98:   0.466 0.479 0.055 1    
99:   0.200 0.772 0.027 1    
100:  0.637 0.258 0.105 1    
101:  0.125 0.743 0.133 1    
102:  0.018 0.908 0.073 1    
103:  0.035 0.921 0.045 1    
104:  0.414 0.204 0.382 1    
105:  0.383 0.237 0.381 1    
106:  0.067 0.046 0.888 1    
107:  0.514 0.227 0.259 1    
108:  0.938 0.031 0.031 1    
109:  0.915 0.033 0.052 1    
110:  0.941 0.041 0.018 1    
111:  0.943 0.034 0.023 1    
112:  0.598 0.258 0.145 1    
113:  0.935 0.029 0.036 1    
114:  0.778 0.117 0.105 1    
115:  0.861 0.031 0.108 1    
116:  0.962 0.017 0.020 1    
117:  0.949 0.024 0.027 1    
118:  0.958 0.024 0.018 1    
119:  0.964 0.019 0.017 1    
120:  0.926 0.034 0.041 1    
121:  0.905 0.045 0.050 1    
122:  0.977 0.011 0.011 1    
123:  0.945 0.030 0.025 1    
124:  0.963 0.013 0.023 1    
125:  0.963 0.017 0.019 1    
126:  0.937 0.037 0.025 1    
127:  0.966 0.018 0.016 1    
128:  0.854 0.055 0.092 1    
129:  0.845 0.090 0.065 1    
130:  0.854 0.035 0.110 1    
131:  0.937 0.027 0.035 1    
132:  0.950 0.024 0.026 1    
133:  0.950 0.025 0.026 1    
134:  0.936 0.033 0.031 1    
135:  0.914 0.031 0.055 1    
136:  0.915 0.021 0.064 1    
137:  0.961 0.019 0.020 1    
138:  0.924 0.021 0.056 1    
139:  0.923 0.031 0.046 1    
140:  0.948 0.022 0.030 1    
141:  0.927 0.044 0.029 1    
142:  0.965 0.015 0.020 1    
143:  0.959 0.019 0.022 1    
144:  0.965 0.022 0.013 1    
145:  0.891 0.081 0.028 1    
146:  0.885 0.060 0.056 1    
147:  0.889 0.078 0.033 1    
148:  0.969 0.011 0.019 1    
149:  0.957 0.023 0.021 1    
              
              
1:    0.908 0.068 0.024 1    
2:    0.892 0.089 0.019 1    
3:    0.042 0.933 0.025 1    
4:    0.918 0.059 0.023 1    
5:    0.101 0.877 0.022 1    
6:    0.858 0.125 0.017 1    
7:    0.242 0.732 0.027 1    
8:    0.168 0.792 0.040 1    
9:    0.077 0.895 0.029 1    
10:   0.054 0.932 0.014 1    
11:   0.372 0.609 0.019 1    
12:   0.067 0.914 0.018 1    
13:   0.071 0.871 0.058 1    
14:   0.743 0.222 0.035 1    
15:   0.441 0.529 0.030 1    
16:   0.045 0.835 0.120 1    
17:   0.186 0.740 0.074 1    
18:   0.028 0.959 0.013 1    
19:   0.390 0.555 0.055 1    
20:   0.140 0.826 0.035 1    
21:   0.046 0.940 0.014 1    
22:   0.024 0.961 0.015 1    
23:   0.767 0.207 0.026 1    
24:   0.872 0.054 0.075 1    
25:   0.096 0.813 0.091 1    
26:   0.038 0.933 0.029 1    
27:   0.378 0.500 0.122 1    
28:   0.692 0.262 0.045 1    
29:   0.036 0.772 0.192 1    
30:   0.197 0.385 0.417 1    
31:   0.315 0.329 0.355 1    
32:   0.875 0.038 0.087 1    
33:   0.681 0.299 0.020 1    
34:   0.774 0.212 0.013 1    
35:   0.208 0.741 0.051 1    
36:   0.293 0.611 0.096 1    
37:   0.134 0.470 0.396 1    
38:   0.880 0.070 0.050 1    
39:   0.719 0.181 0.100 1    
40:   0.293 0.689 0.019 1    
41:   0.020 0.961 0.019 1    
42:   0.722 0.252 0.026 1    
43:   0.723 0.255 0.022 1    
44:   0.089 0.889 0.022 1    
45:   0.832 0.095 0.073 1    
46:   0.130 0.854 0.015 1    
47:   0.113 0.875 0.012 1    
48:   0.202 0.500 0.298 1    
49:   0.830 0.121 0.048 1    
50:   0.799 0.178 0.023 1    
51:   0.198 0.741 0.061 1    
52:   0.522 0.388 0.090 1    
53:   0.119 0.781 0.099 1    
54:   0.167 0.745 0.088 1    
55:   0.323 0.654 0.022 1    
56:   0.383 0.467 0.151 1    
57:   0.069 0.781 0.150 1    
58:   0.232 0.528 0.240 1    
59:   0.507 0.352 0.141 1    
60:   0.105 0.858 0.036 1    
61:   0.265 0.677 0.058 1    
62:   0.243 0.185 0.573 1    
63:   0.548 0.279 0.173 1    
64:   0.663 0.304 0.033 1    
65:   0.936 0.045 0.019 1    
66:   0.801 0.107 0.091 1    
67:   0.842 0.091 0.067 1    
68:   0.847 0.107 0.046 1    
69:   0.597 0.163 0.240 1    
70:   0.129 0.811 0.059 1    
71:   0.528 0.449 0.023 1    
72:   0.179 0.807 0.014 1    
73:   0.949 0.037 0.014 1    
74:   0.593 0.344 0.062 1    
75:   0.860 0.113 0.027 1    
76:   0.931 0.028 0.041 1    
77:   0.721 0.221 0.057 1    
78:   0.161 0.820 0.019 1    
79:   0.677 0.305 0.018 1    
80:   0.879 0.037 0.084 1    
81:   0.708 0.233 0.060 1    
82:   0.051 0.122 0.827 1    
83:   0.191 0.199 0.610 1    
84:   0.687 0.281 0.033 1    
85:   0.132 0.482 0.386 1    
86:   0.496 0.405 0.099 1    
87:   0.966 0.016 0.017 1    
88:   0.302 0.422 0.276 1    
89:   0.789 0.075 0.135 1    
90:   0.754 0.234 0.012 1    
91:   0.774 0.192 0.034 1    
92:   0.948 0.041 0.011 1    
93:   0.813 0.109 0.079 1    
94:   0.024 0.947 0.030 1    
95:   0.150 0.093 0.757 1    
96:   0.072 0.856 0.072 1    
97:   0.206 0.683 0.110 1    
98:   0.055 0.471 0.474 1    
99:   0.028 0.770 0.202 1    
100:  0.105 0.252 0.643 1    
101:  0.131 0.744 0.124 1    
102:  0.071 0.911 0.018 1    
103:  0.045 0.921 0.033 1    
104:  0.384 0.206 0.410 1    
105:  0.381 0.236 0.382 1    
106:  0.890 0.045 0.065 1    
107:  0.272 0.218 0.510 1    
108:  0.031 0.031 0.939 1    
109:  0.052 0.034 0.914 1    
110:  0.018 0.041 0.941 1    
111:  0.023 0.034 0.943 1    
112:  0.148 0.250 0.602 1    
113:  0.036 0.029 0.935 1    
114:  0.105 0.119 0.776 1    
115:  0.112 0.031 0.857 1    
116:  0.020 0.017 0.962 1    
117:  0.027 0.024 0.949 1    
118:  0.018 0.024 0.958 1    
119:  0.018 0.019 0.963 1    
120:  0.042 0.033 0.925 1    
121:  0.051 0.044 0.905 1    
122:  0.011 0.011 0.977 1    
123:  0.025 0.030 0.946 1    
124:  0.025 0.013 0.962 1    
125:  0.020 0.018 0.963 1    
126:  0.026 0.038 0.936 1    
127:  0.016 0.019 0.965 1    
128:  0.094 0.053 0.852 1    
129:  0.065 0.090 0.845 1    
130:  0.113 0.035 0.852 1    
131:  0.036 0.026 0.937 1    
132:  0.026 0.024 0.949 1    
133:  0.026 0.025 0.950 1    
134:  0.032 0.033 0.936 1    
135:  0.056 0.030 0.914 1    
136:  0.065 0.021 0.914 1    
137:  0.021 0.019 0.961 1    
138:  0.056 0.021 0.923 1    
139:  0.047 0.031 0.922 1    
140:  0.031 0.022 0.948 1    
141:  0.028 0.045 0.927 1    
142:  0.020 0.015 0.965 1    
143:  0.022 0.019 0.959 1    
144:  0.013 0.021 0.965 1    
145:  0.029 0.081 0.890 1    
146:  0.056 0.060 0.883 1    
147:  0.033 0.078 0.889 1    
148:  0.019 0.011 0.970 1    
149:  0.021 0.022 0.957 1    
