Estimated Clustering Probabilities for Samples
Sample	***Cluster  01***	***Cluster  02***	***Cluster  03***	
000001:	0.013275000000000	0.974972500000000	0.011752500000000		1
000002:	0.007244000000000	0.984878000000000	0.007878000000000		1
000003:	0.003949000000000	0.992516000000000	0.003535000000000		1
000004:	0.015657500000000	0.968584000000000	0.015758500000000		1
000005:	0.011497500000000	0.978134000000000	0.010368500000000		1
000006:	0.005593000000000	0.989786500000000	0.004620500000000		1
000007:	0.112590000000000	0.780073500000000	0.107336500000000		1
000008:	0.018929000000000	0.964234500000000	0.016836500000000		1
000009:	0.030394500000000	0.944510500000000	0.025095000000000		1
000010:	0.028521000000000	0.949241000000000	0.022238000000000		1
000011:	0.040202000000000	0.929208500000000	0.030589500000000		1
000012:	0.006784500000000	0.987544500000000	0.005671000000000		1
000013:	0.017036500000000	0.968391000000000	0.014572500000000		1
000014:	0.017205000000000	0.969804000000000	0.012991000000000		1
000015:	0.014535500000000	0.971316000000000	0.014148500000000		1
000016:	0.003092500000000	0.994204000000000	0.002703500000000		1
000017:	0.012738500000000	0.974668000000000	0.012593500000000		1
000018:	0.016248500000000	0.968888500000000	0.014863000000000		1
000019:	0.086250500000000	0.847501000000000	0.066248500000000		1
000020:	0.036080500000000	0.935907500000000	0.028012000000000		1
000021:	0.061045000000000	0.895059500000000	0.043895500000000		1
000022:	0.136480000000000	0.759121000000000	0.104399000000000		1
000023:	0.004354500000000	0.992320500000000	0.003325000000000		1
000024:	0.006528500000000	0.987930000000000	0.005541500000000		1
000025:	0.008996500000000	0.983538500000000	0.007465000000000		1
000026:	0.009709500000000	0.979946500000000	0.010344000000000		1
000027:	0.008827000000000	0.983134500000000	0.008038500000000		1
000028:	0.003926500000000	0.992546000000000	0.003527500000000		1
000029:	0.009380000000000	0.981988000000000	0.008632000000000		1
000030:	0.013283000000000	0.971237000000000	0.015480000000000		1
000031:	0.005435500000000	0.989149000000000	0.005415500000000		1
000032:	0.003354500000000	0.993477500000000	0.003168000000000		1
000033:	0.009406000000000	0.981618500000000	0.008975500000000		1
000034:	0.004393500000000	0.990983000000000	0.004623500000000		1
000035:	0.008683000000000	0.982083500000000	0.009233500000000		1
000036:	0.006840500000000	0.986268500000000	0.006891000000000		1
000037:	0.007362000000000	0.984895000000000	0.007743000000000		1
000038:	0.009124500000000	0.981175000000000	0.009700500000000		1
000039:	0.008275500000000	0.981806000000000	0.009918500000000		1
000040:	0.003120000000000	0.993243500000000	0.003636500000000		1
000041:	0.007784500000000	0.984364000000000	0.007851500000000		1
000042:	0.005877000000000	0.988291000000000	0.005832000000000		1
000043:	0.006122500000000	0.987800000000000	0.006077500000000		1
000044:	0.004918000000000	0.990405500000000	0.004676500000000		1
000045:	0.039304500000000	0.926736000000000	0.033959500000000		1
000046:	0.014702500000000	0.973863500000000	0.011434000000000		1
000047:	0.047141500000000	0.913893000000000	0.038965500000000		1
000048:	0.062304000000000	0.877852000000000	0.059844000000000		1
000049:	0.074745500000000	0.843030500000000	0.082224000000000		1
000050:	0.063102500000000	0.885538000000000	0.051359500000000		1
000051:	0.084205000000000	0.851280000000000	0.064515000000000		1
000052:	0.016326500000000	0.968951500000000	0.014722000000000		1
000053:	0.011085000000000	0.980194000000000	0.008721000000000		1
000054:	0.070252000000000	0.878324500000000	0.051423500000000		1
000055:	0.021251500000000	0.960448000000000	0.018300500000000		1
000056:	0.023316000000000	0.956778500000000	0.019905500000000		1
000057:	0.040387000000000	0.928933000000000	0.030680000000000		1
000058:	0.012600000000000	0.976171500000000	0.011228500000000		1
000059:	0.093765000000000	0.846149000000000	0.060086000000000		1
000060:	0.056809500000000	0.888820000000000	0.054370500000000		1
000061:	0.018015000000000	0.967230500000000	0.014754500000000		1
000062:	0.072050500000000	0.875250000000000	0.052699500000000		1
000063:	0.031964000000000	0.941637500000000	0.026398500000000		1
000064:	0.141371500000000	0.754763500000000	0.103865000000000		1
000065:	0.042288000000000	0.931086000000000	0.026626000000000		1
000066:	0.023562000000000	0.963674500000000	0.012763500000000		1
000067:	0.004287500000000	0.992079000000000	0.003633500000000		1
000068:	0.013241500000000	0.976086500000000	0.010672000000000		1
000069:	0.004075000000000	0.991951000000000	0.003974000000000		1
000070:	0.006950000000000	0.986620000000000	0.006430000000000		1
000071:	0.003965500000000	0.992835000000000	0.003199500000000		1
000072:	0.003029000000000	0.993690500000000	0.003280500000000		1
000073:	0.003457000000000	0.992752500000000	0.003790500000000		1
000074:	0.007935000000000	0.983662500000000	0.008402500000000		1
000075:	0.005605500000000	0.988996500000000	0.005398000000000		1



Estimated Allele Frequencies
Cluster 01
Locus 001
Allele 092	0.124865076409309
Allele 094	0.116052563049216
Allele 096	0.096441469022509
Allele 098	0.117992720339091
Allele 100	0.121394593874818
Allele 102	0.095643911080986
Allele 104	0.112624977757140
Allele 106	0.126683210400768
Allele 108	0.088301478066165

Locus 002
Allele 118	0.075881327834813
Allele 122	0.076641134756369
Allele 124	0.077641342213884
Allele 126	0.121077556172154
Allele 127	0.082124268139986
Allele 128	0.085277450680368
Allele 130	0.077212790662048
Allele 132	0.084644533246479
Allele 134	0.070786463749447
Allele 135	0.085019521613246
Allele 137	0.085869001246330
Allele 151	0.077824609684876

Locus 003
Allele 130	0.063810246407607
Allele 133	0.067418712496167
Allele 136	0.068152722612116
Allele 138	0.078088645165639
Allele 139	0.074727197507508
Allele 141	0.075617819309981
Allele 143	0.060660004932125
Allele 145	0.077451383753108
Allele 146	0.070968268050209
Allele 147	0.072199427650875
Allele 148	0.080649217120792
Allele 150	0.066870188340010
Allele 152	0.080229681819271
Allele 156	0.063156484834589

Locus 004
Allele 093	0.054940816340650
Allele 095	0.056563690905710
Allele 096	0.051639631916241
Allele 097	0.059741588381756
Allele 099	0.062679575702785
Allele 100	0.058990279536969
Allele 101	0.076283607105407
Allele 103	0.082663536390719
Allele 105	0.052942164540993
Allele 107	0.054645697347311
Allele 109	0.052503380353240
Allele 110	0.052969095225833
Allele 113	0.063399384905493
Allele 121	0.057471914872401
Allele 123	0.051463711624321
Allele 125	0.055426714977250
Allele 131	0.055675209872920

Locus 005
Allele 218	0.043987913061326
Allele 220	0.050093747910004
Allele 222	0.052880299979595
Allele 224	0.052636626680545
Allele 226	0.053351497226686
Allele 228	0.050516768612336
Allele 230	0.054242889806026
Allele 232	0.052570088530968
Allele 234	0.057372662331714
Allele 236	0.055811962916219
Allele 238	0.053430543902556
Allele 240	0.049298433656030
Allele 242	0.045266336272569
Allele 244	0.047059127026533
Allele 246	0.048488646408872
Allele 248	0.047272239877403
Allele 250	0.051220314695648
Allele 252	0.046300087096000
Allele 254	0.043770850256144
Allele 256	0.044428963752824

Locus 006
Allele 094	0.071043547384714
Allele 096	0.068863557063709
Allele 098	0.072530484588040
Allele 100	0.060291011925693
Allele 102	0.071572455343047
Allele 104	0.099456293987345
Allele 106	0.076947238672106
Allele 108	0.066591303972710
Allele 110	0.082190068781854
Allele 112	0.074991618879747
Allele 114	0.061968151453902
Allele 124	0.068228450605374
Allele 126	0.064651110464736
Allele 149	0.060674706877026

Locus 007
Allele 202	0.059935826027120
Allele 204	0.056078505004871
Allele 206	0.054195101869714
Allele 208	0.070044822924128
Allele 210	0.066276668031591
Allele 212	0.061010975632554
Allele 214	0.064451198548253
Allele 216	0.060164652793734
Allele 218	0.058511868976583
Allele 220	0.061204351693931
Allele 222	0.075375264900128
Allele 224	0.062025197557837
Allele 226	0.070935421833640
Allele 228	0.058728209000538
Allele 233	0.061393418375172
Allele 238	0.059668516830203

Locus 008
Allele 121	0.089517791867792
Allele 123	0.113546963425836
Allele 125	0.083013396944636
Allele 127	0.074116858126152
Allele 129	0.087501868311475
Allele 131	0.086783489863356
Allele 133	0.101275078056686
Allele 135	0.084728077841728
Allele 137	0.125792221325047
Allele 151	0.074698172647698
Allele 161	0.079026081589592

Locus 009
Allele 161	0.072179226073506
Allele 165	0.072779780991964
Allele 167	0.091570955286957
Allele 169	0.081755190350956
Allele 171	0.093915882300166
Allele 173	0.103962895565015
Allele 175	0.082329453071055
Allele 177	0.080788606084288
Allele 179	0.074685062878345
Allele 181	0.081699442615597
Allele 183	0.085063838080311
Allele 185	0.079269666701837

Locus 010
Allele 108	0.048416892162207
Allele 115	0.048746967738988
Allele 121	0.046914204150140
Allele 123	0.053004071806519
Allele 125	0.049276177595209
Allele 127	0.047266473132321
Allele 129	0.051325624173896
Allele 131	0.047602004519831
Allele 133	0.053161092959162
Allele 135	0.048142586273300
Allele 137	0.055954635076716
Allele 139	0.057427329128775
Allele 141	0.050108502385826
Allele 143	0.045521781001248
Allele 145	0.044215305695871
Allele 147	0.057024451499625
Allele 149	0.050392410223812
Allele 152	0.049333433086277
Allele 155	0.046959246095259
Allele 157	0.049206811295017


Cluster 02
Locus 001
Allele 092	0.038807086022118
Allele 094	0.394695364058600
Allele 096	0.064027470422019
Allele 098	0.200635270674173
Allele 100	0.086287646953818
Allele 102	0.091162273329189
Allele 104	0.074564488946199
Allele 106	0.030745762751341
Allele 108	0.019074636842544

Locus 002
Allele 118	0.017273753860876
Allele 122	0.030022628320376
Allele 124	0.210626472812369
Allele 126	0.122518610580035
Allele 127	0.009639424371759
Allele 128	0.098992462339505
Allele 130	0.074841170794730
Allele 132	0.234803331105432
Allele 134	0.011911244597580
Allele 135	0.105682471807628
Allele 137	0.073114895150137
Allele 151	0.010573534259570

Locus 003
Allele 130	0.024308727532536
Allele 133	0.010637199993106
Allele 136	0.131380177294169
Allele 138	0.102734948039910
Allele 139	0.136345372477507
Allele 141	0.034105914324697
Allele 143	0.012196017989201
Allele 145	0.084216964764432
Allele 146	0.111553008269049
Allele 147	0.009595500977876
Allele 148	0.147615271962808
Allele 150	0.080793614772815
Allele 152	0.096601899959795
Allele 156	0.017915381642088

Locus 004
Allele 093	0.048615456435284
Allele 095	0.073005227254980
Allele 096	0.011923337969950
Allele 097	0.185167388798170
Allele 099	0.052302147323346
Allele 100	0.084845623785124
Allele 101	0.149105940971765
Allele 103	0.133881284864419
Allele 105	0.049053410040124
Allele 107	0.092557445880507
Allele 109	0.024082446210965
Allele 110	0.024026727443678
Allele 113	0.015037460282532
Allele 121	0.016494636505409
Allele 123	0.018180410007989
Allele 125	0.010896954057390
Allele 131	0.010824102168369

Locus 005
Allele 218	0.011874557184510
Allele 220	0.095957017445477
Allele 222	0.132016041436957
Allele 224	0.131947654368644
Allele 226	0.095365202099761
Allele 228	0.046734323589335
Allele 230	0.045509015045765
Allele 232	0.064397620346815
Allele 234	0.068889944064206
Allele 236	0.057251883500139
Allele 238	0.076823010156850
Allele 240	0.041009135452395
Allele 242	0.036139229683068
Allele 244	0.011106555897603
Allele 246	0.016770375401217
Allele 248	0.010981141939221
Allele 250	0.015968775354025
Allele 252	0.017337995229065
Allele 254	0.012088816807683
Allele 256	0.011831704997264

Locus 006
Allele 094	0.106464149372734
Allele 096	0.171393979911185
Allele 098	0.041784970382899
Allele 100	0.012516329757420
Allele 102	0.099887748207055
Allele 104	0.234854859504830
Allele 106	0.143991924345775
Allele 108	0.069046736928963
Allele 110	0.051423645996354
Allele 112	0.021825252698391
Allele 114	0.012167584431025
Allele 124	0.010532355120801
Allele 126	0.011678570767083
Allele 149	0.012431892575478

Locus 007
Allele 202	0.010858560850867
Allele 204	0.024760301853165
Allele 206	0.012364604015908
Allele 208	0.137024780505455
Allele 210	0.041520889705010
Allele 212	0.184864689699660
Allele 214	0.106475818783743
Allele 216	0.113872954502654
Allele 218	0.062674164502475
Allele 220	0.055610449744260
Allele 222	0.058229614244391
Allele 224	0.113384057143151
Allele 226	0.039519950520696
Allele 228	0.017546794365403
Allele 233	0.010462583040474
Allele 238	0.010829786522692

Locus 008
Allele 121	0.085948431927200
Allele 123	0.079583800936942
Allele 125	0.058040937300589
Allele 127	0.014769606614047
Allele 129	0.056772038983722
Allele 131	0.268531371360500
Allele 133	0.151812902575437
Allele 135	0.186069242602749
Allele 137	0.070362994614061
Allele 151	0.014634933799036
Allele 161	0.013473739285717

Locus 009
Allele 161	0.015102604330148
Allele 165	0.030667883053342
Allele 167	0.056997962044007
Allele 169	0.099570783254045
Allele 171	0.278653790739316
Allele 173	0.188904291869373
Allele 175	0.107156221421411
Allele 177	0.107677845669658
Allele 179	0.014382480484715
Allele 181	0.044175259874705
Allele 183	0.027432684662332
Allele 185	0.029278192596957

Locus 010
Allele 108	0.029351094839218
Allele 115	0.010555236603636
Allele 121	0.011089618691549
Allele 123	0.046449055804471
Allele 125	0.097512382413422
Allele 127	0.073412729417044
Allele 129	0.084489069500992
Allele 131	0.091855643231405
Allele 133	0.164896326315773
Allele 135	0.104147603371347
Allele 137	0.082729075010939
Allele 139	0.026705642609824
Allele 141	0.041188267860206
Allele 143	0.011462480800523
Allele 145	0.030573805890253
Allele 147	0.020501481154962
Allele 149	0.028708707292858
Allele 152	0.016716565102015
Allele 155	0.011017832017639
Allele 157	0.016637382071927


Cluster 03
Locus 001
Allele 092	0.121398870040308
Allele 094	0.114021469299776
Allele 096	0.100516976757846
Allele 098	0.117007453061219
Allele 100	0.117170203023205
Allele 102	0.098326607415167
Allele 104	0.111672486374047
Allele 106	0.128269146034721
Allele 108	0.091616787993710

Locus 002
Allele 118	0.076776310399725
Allele 122	0.078025014919657
Allele 124	0.080247087538312
Allele 126	0.113452959997067
Allele 127	0.081436139251337
Allele 128	0.084390668559680
Allele 130	0.078957432281033
Allele 132	0.086129229013196
Allele 134	0.072989275559085
Allele 135	0.084124291914430
Allele 137	0.085950708564419
Allele 151	0.077520882002060

Locus 003
Allele 130	0.064971956073415
Allele 133	0.067959578376043
Allele 136	0.069433019938897
Allele 138	0.080892730526571
Allele 139	0.073141508334869
Allele 141	0.074872051948719
Allele 143	0.061990237946297
Allele 145	0.077378784380590
Allele 146	0.071624377081395
Allele 147	0.071676204980044
Allele 148	0.077105496366343
Allele 150	0.067913578492620
Allele 152	0.076751127958341
Allele 156	0.064289347595856

Locus 004
Allele 093	0.055651463118240
Allele 095	0.056703636569500
Allele 096	0.052338475206261
Allele 097	0.059025594012486
Allele 099	0.063070032386754
Allele 100	0.060105390776755
Allele 101	0.069725325052623
Allele 103	0.079721787976338
Allele 105	0.054056824548702
Allele 107	0.055525334793602
Allele 109	0.054385194918884
Allele 110	0.054423306767447
Allele 113	0.062406030849881
Allele 121	0.057757762727110
Allele 123	0.052856699852120
Allele 125	0.056012968830935
Allele 131	0.056234171612358

Locus 005
Allele 218	0.045261598535810
Allele 220	0.050537998940949
Allele 222	0.052532084145116
Allele 224	0.051552971964876
Allele 226	0.051488292540334
Allele 228	0.049499931804227
Allele 230	0.053765415129169
Allele 232	0.052171700407122
Allele 234	0.057106308129415
Allele 236	0.055845419027120
Allele 238	0.052089413706304
Allele 240	0.049707244547470
Allele 242	0.046298289783965
Allele 244	0.047232010676332
Allele 246	0.049219223375981
Allele 248	0.047500390648119
Allele 250	0.050412360266889
Allele 252	0.047288119876795
Allele 254	0.044678481836978
Allele 256	0.045812744657030

Locus 006
Allele 094	0.071668183804375
Allele 096	0.070346954410189
Allele 098	0.071352118256572
Allele 100	0.062244772541661
Allele 102	0.071315272255293
Allele 104	0.089643713813239
Allele 106	0.075091381344312
Allele 108	0.067156928945284
Allele 110	0.084058199822147
Allele 112	0.075445546394947
Allele 114	0.063462694178304
Allele 124	0.070057438242231
Allele 126	0.065263310425051
Allele 149	0.062893485566394

Locus 007
Allele 202	0.060038170886271
Allele 204	0.057178814212858
Allele 206	0.055336392279670
Allele 208	0.069509696672446
Allele 210	0.064511749857326
Allele 212	0.060753642832708
Allele 214	0.063471972849225
Allele 216	0.062139993117206
Allele 218	0.059881268955319
Allele 220	0.061599744379609
Allele 222	0.071684888789338
Allele 224	0.062462038585712
Allele 226	0.070532904941616
Allele 228	0.058968524355397
Allele 233	0.060874240768270
Allele 238	0.061055956517031

Locus 008
Allele 121	0.092699933050176
Allele 123	0.112552784314946
Allele 125	0.084040379935260
Allele 127	0.076956426553491
Allele 129	0.088636013825308
Allele 131	0.087594173236420
Allele 133	0.098240802897281
Allele 135	0.085568319338023
Allele 137	0.115282408604925
Allele 151	0.077719172929504
Allele 161	0.080709585314666

Locus 009
Allele 161	0.074255902544787
Allele 165	0.075185021316940
Allele 167	0.092169550886098
Allele 169	0.081570248147749
Allele 171	0.089559828632370
Allele 173	0.096598267205119
Allele 175	0.084218461537987
Allele 177	0.081113604038504
Allele 179	0.076263369462078
Allele 181	0.083096529288497
Allele 183	0.085882552716263
Allele 185	0.080086664223604

Locus 010
Allele 108	0.048192680496695
Allele 115	0.048379751319229
Allele 121	0.047514874099594
Allele 123	0.053332501092746
Allele 125	0.049099998549370
Allele 127	0.047794354459010
Allele 129	0.051283723506049
Allele 131	0.048789956739964
Allele 133	0.053027499858643
Allele 135	0.048800219357660
Allele 137	0.055000651559079
Allele 139	0.055194875917116
Allele 141	0.050414509855266
Allele 143	0.046291322661988
Allele 145	0.045510356595249
Allele 147	0.055279709588625
Allele 149	0.050169583231029
Allele 152	0.049379948863207
Allele 155	0.047230660605067
Allele 157	0.049312821644414



Estimated Mixing Proportions
0.026188626666667
0.952080313333333
0.021731060000000



Estimated sigma: 
k: 0	1.000000000000000
k: 1	1.000000000000000
k: 2	1.000000000000000



Estimated psi: 
k: 0	0.599999999999828
k: 1	0.599999999999828
k: 2	0.599999999999828



