Estimated Clustering Probabilities for Samples
Sample	***Cluster  01***	***Cluster  02***	***Cluster  03***	***Cluster  04***	***Cluster  05***	***Cluster  06***	
000001:	0.071640000000000	0.007995000000000	0.058830000000000	0.161185000000000	0.038865000000000	0.661485000000000		1
000002:	0.319855000000000	0.004580000000000	0.259815000000000	0.060895000000000	0.012920000000000	0.341935000000000		1
000003:	0.117710000000000	0.003480000000000	0.011810000000000	0.812375000000000	0.009945000000000	0.044680000000000		1
000004:	0.157545000000000	0.015465000000000	0.044860000000000	0.120235000000000	0.022990000000000	0.638905000000000		1
000005:	0.092900000000000	0.006835000000000	0.019110000000000	0.793970000000000	0.011590000000000	0.075595000000000		1
000006:	0.163720000000000	0.010415000000000	0.020050000000000	0.242505000000000	0.018405000000000	0.544905000000000		1
000007:	0.225065000000000	0.026495000000000	0.106540000000000	0.132690000000000	0.064515000000000	0.444695000000000		1
000008:	0.605735000000000	0.023645000000000	0.026285000000000	0.145160000000000	0.059050000000000	0.140125000000000		1
000009:	0.193830000000000	0.022690000000000	0.033325000000000	0.658310000000000	0.031810000000000	0.060035000000000		1
000010:	0.208760000000000	0.009090000000000	0.014615000000000	0.105270000000000	0.021170000000000	0.641095000000000		1
000011:	0.218015000000000	0.009435000000000	0.019900000000000	0.195475000000000	0.043055000000000	0.514120000000000		1
000012:	0.541540000000000	0.007535000000000	0.014335000000000	0.231915000000000	0.024905000000000	0.179770000000000		1
000013:	0.382355000000000	0.009025000000000	0.025440000000000	0.205300000000000	0.029095000000000	0.348785000000000		1
000014:	0.161320000000000	0.013510000000000	0.027605000000000	0.285175000000000	0.054845000000000	0.457545000000000		1
000015:	0.279615000000000	0.007200000000000	0.090410000000000	0.104335000000000	0.027875000000000	0.490565000000000		1
000016:	0.171145000000000	0.007195000000000	0.011400000000000	0.149800000000000	0.017320000000000	0.643140000000000		1
000017:	0.544770000000000	0.012320000000000	0.021165000000000	0.113470000000000	0.041695000000000	0.266580000000000		1
000018:	0.225060000000000	0.036100000000000	0.038550000000000	0.112805000000000	0.054630000000000	0.532855000000000		1
000019:	0.062840000000000	0.005950000000000	0.007280000000000	0.124330000000000	0.017995000000000	0.781605000000000		1
000020:	0.220960000000000	0.008360000000000	0.011320000000000	0.093110000000000	0.021830000000000	0.644420000000000		1
000021:	0.213970000000000	0.016695000000000	0.027660000000000	0.126180000000000	0.038735000000000	0.576760000000000		1
000022:	0.051425000000000	0.018025000000000	0.069680000000000	0.174305000000000	0.085640000000000	0.600925000000000		1
000023:	0.068130000000000	0.004030000000000	0.004325000000000	0.795000000000000	0.009200000000000	0.119315000000000		1
000024:	0.330350000000000	0.008585000000000	0.013515000000000	0.301010000000000	0.022970000000000	0.323570000000000		1
000025:	0.101760000000000	0.007715000000000	0.005430000000000	0.148660000000000	0.011420000000000	0.725015000000000		1
000026:	0.489055000000000	0.008165000000000	0.020550000000000	0.113440000000000	0.023290000000000	0.345500000000000		1
000027:	0.388630000000000	0.007845000000000	0.016670000000000	0.203690000000000	0.049190000000000	0.333975000000000		1
000028:	0.135525000000000	0.006615000000000	0.010155000000000	0.123270000000000	0.012915000000000	0.711520000000000		1
000029:	0.184030000000000	0.013555000000000	0.013890000000000	0.161605000000000	0.033310000000000	0.593610000000000		1
000030:	0.592460000000000	0.003210000000000	0.012280000000000	0.073695000000000	0.013300000000000	0.305055000000000		1
000031:	0.841595000000000	0.003590000000000	0.005970000000000	0.110575000000000	0.009900000000000	0.028370000000000		1
000032:	0.548415000000000	0.021070000000000	0.051545000000000	0.086090000000000	0.250815000000000	0.042065000000000		1
000033:	0.880230000000000	0.004735000000000	0.034750000000000	0.039910000000000	0.016930000000000	0.023445000000000		1
000034:	0.893050000000000	0.005535000000000	0.007815000000000	0.049635000000000	0.015990000000000	0.027975000000000		1
000035:	0.620650000000000	0.004430000000000	0.077280000000000	0.136470000000000	0.086660000000000	0.074510000000000		1
000036:	0.104920000000000	0.014425000000000	0.018290000000000	0.619405000000000	0.033250000000000	0.209710000000000		1
000037:	0.096850000000000	0.006290000000000	0.040750000000000	0.307635000000000	0.009590000000000	0.538885000000000		1
000038:	0.391745000000000	0.007620000000000	0.018585000000000	0.533915000000000	0.012210000000000	0.035925000000000		1
000039:	0.277255000000000	0.006780000000000	0.113010000000000	0.578920000000000	0.012325000000000	0.011710000000000		1
000040:	0.683850000000000	0.004935000000000	0.026985000000000	0.234235000000000	0.032760000000000	0.017235000000000		1
000041:	0.097755000000000	0.039650000000000	0.021825000000000	0.724740000000000	0.038760000000000	0.077270000000000		1
000042:	0.501730000000000	0.010600000000000	0.113850000000000	0.265650000000000	0.013380000000000	0.094790000000000		1
000043:	0.067640000000000	0.004740000000000	0.004090000000000	0.894140000000000	0.007225000000000	0.022165000000000		1
000044:	0.661815000000000	0.010605000000000	0.007095000000000	0.229650000000000	0.013735000000000	0.077100000000000		1
000045:	0.094945000000000	0.013265000000000	0.014975000000000	0.482125000000000	0.043685000000000	0.351005000000000		1
000046:	0.098625000000000	0.008875000000000	0.010550000000000	0.410355000000000	0.032405000000000	0.439190000000000		1
000047:	0.092780000000000	0.030920000000000	0.022745000000000	0.574825000000000	0.043635000000000	0.235095000000000		1
000048:	0.275955000000000	0.030835000000000	0.038900000000000	0.452705000000000	0.036195000000000	0.165410000000000		1
000049:	0.160070000000000	0.030250000000000	0.033370000000000	0.239530000000000	0.033090000000000	0.503690000000000		1
000050:	0.037120000000000	0.032655000000000	0.041585000000000	0.257385000000000	0.027170000000000	0.604085000000000		1
000051:	0.072080000000000	0.029815000000000	0.016220000000000	0.744425000000000	0.025945000000000	0.111515000000000		1
000052:	0.248575000000000	0.015695000000000	0.013160000000000	0.358360000000000	0.018195000000000	0.346015000000000		1
000053:	0.074340000000000	0.005130000000000	0.007670000000000	0.219470000000000	0.021670000000000	0.671720000000000		1
000054:	0.117825000000000	0.024845000000000	0.025850000000000	0.489380000000000	0.034240000000000	0.307860000000000		1
000055:	0.337450000000000	0.010430000000000	0.008225000000000	0.229505000000000	0.039270000000000	0.375120000000000		1
000056:	0.073755000000000	0.009265000000000	0.014220000000000	0.623510000000000	0.023415000000000	0.255835000000000		1
000057:	0.055920000000000	0.012265000000000	0.006195000000000	0.467360000000000	0.330965000000000	0.127295000000000		1
000058:	0.129310000000000	0.005920000000000	0.005270000000000	0.308360000000000	0.020030000000000	0.531110000000000		1
000059:	0.057020000000000	0.045655000000000	0.017555000000000	0.603845000000000	0.082475000000000	0.193450000000000		1
000060:	0.134490000000000	0.022055000000000	0.027860000000000	0.161360000000000	0.037980000000000	0.616255000000000		1
000061:	0.098750000000000	0.007330000000000	0.008220000000000	0.240800000000000	0.018625000000000	0.626275000000000		1
000062:	0.355825000000000	0.016145000000000	0.022015000000000	0.200970000000000	0.073620000000000	0.331425000000000		1
000063:	0.069915000000000	0.032910000000000	0.007255000000000	0.652410000000000	0.038450000000000	0.199060000000000		1
000064:	0.055015000000000	0.058175000000000	0.021870000000000	0.580950000000000	0.093000000000000	0.190990000000000		1
000065:	0.036005000000000	0.010575000000000	0.004725000000000	0.143630000000000	0.018565000000000	0.786500000000000		1
000066:	0.031140000000000	0.002265000000000	0.002085000000000	0.062415000000000	0.004645000000000	0.897450000000000		1
000067:	0.190765000000000	0.005945000000000	0.005880000000000	0.504030000000000	0.020085000000000	0.273295000000000		1
000068:	0.079115000000000	0.009400000000000	0.008080000000000	0.274005000000000	0.030085000000000	0.599315000000000		1
000069:	0.075115000000000	0.005290000000000	0.004315000000000	0.792160000000000	0.017600000000000	0.105520000000000		1
000070:	0.114445000000000	0.006795000000000	0.015125000000000	0.534955000000000	0.036075000000000	0.292605000000000		1
000071:	0.074865000000000	0.004955000000000	0.006360000000000	0.443965000000000	0.016715000000000	0.453140000000000		1
000072:	0.936135000000000	0.000825000000000	0.000480000000000	0.047845000000000	0.000445000000000	0.014270000000000		1
000073:	0.924500000000000	0.000720000000000	0.001180000000000	0.046395000000000	0.001885000000000	0.025320000000000		1
000074:	0.687760000000000	0.010935000000000	0.008240000000000	0.259605000000000	0.018205000000000	0.015255000000000		1
000075:	0.263955000000000	0.004055000000000	0.010290000000000	0.656240000000000	0.013335000000000	0.052125000000000		1



Estimated Allele Frequencies
Cluster 01
Locus 001
Allele 092	0.052860198446585
Allele 094	0.319975167208048
Allele 096	0.122324028610369
Allele 098	0.129399073345568
Allele 100	0.077764939728289
Allele 102	0.143781115071884
Allele 104	0.067256666927868
Allele 106	0.049374469314265
Allele 108	0.037264341347125

Locus 002
Allele 118	0.022081103156606
Allele 122	0.025915989608452
Allele 124	0.335494755019173
Allele 126	0.052804991225412
Allele 127	0.020276449254472
Allele 128	0.038013319966708
Allele 130	0.038360776619057
Allele 132	0.211290246104047
Allele 134	0.021097214231049
Allele 135	0.158319457405097
Allele 137	0.055933361775660
Allele 151	0.020412335634265

Locus 003
Allele 130	0.022745055195507
Allele 133	0.021454992586487
Allele 136	0.104135568161684
Allele 138	0.111775696453269
Allele 139	0.045250385751555
Allele 141	0.049832826672835
Allele 143	0.026251798296563
Allele 145	0.037335706737380
Allele 146	0.169903786360024
Allele 147	0.020463914192838
Allele 148	0.112674734632014
Allele 150	0.143207061758003
Allele 152	0.106343163490112
Allele 156	0.028625309711729

Locus 004
Allele 093	0.059355418350500
Allele 095	0.039971831156035
Allele 096	0.027571067440086
Allele 097	0.098970443118115
Allele 099	0.038807927425117
Allele 100	0.159868870035686
Allele 101	0.118303127975181
Allele 103	0.089182084055300
Allele 105	0.074716985744254
Allele 107	0.077427937945085
Allele 109	0.061174748608659
Allele 110	0.029548587428954
Allele 113	0.025630599662870
Allele 121	0.023896704782297
Allele 123	0.035096755768266
Allele 125	0.020350158771635
Allele 131	0.020126751731959

Locus 005
Allele 218	0.031314685987964
Allele 220	0.118460901016291
Allele 222	0.106295965212760
Allele 224	0.115802951001185
Allele 226	0.093110269636932
Allele 228	0.025929467343338
Allele 230	0.050839065535196
Allele 232	0.076913967711996
Allele 234	0.043716531255542
Allele 236	0.039425681735869
Allele 238	0.034736462888868
Allele 240	0.042405617323635
Allele 242	0.049068876652114
Allele 244	0.020095210198544
Allele 246	0.022553884551461
Allele 248	0.018193616947592
Allele 250	0.025706897040848
Allele 252	0.023724899443286
Allele 254	0.034086676286145
Allele 256	0.027618372230434

Locus 006
Allele 094	0.148051431125862
Allele 096	0.237886505607735
Allele 098	0.030563592053947
Allele 100	0.023804834863925
Allele 102	0.049893423854143
Allele 104	0.052552641905765
Allele 106	0.231151245067101
Allele 108	0.060852506246669
Allele 110	0.059857217282223
Allele 112	0.021784583212968
Allele 114	0.022281622833001
Allele 124	0.020986879696869
Allele 126	0.019783080625156
Allele 149	0.020550435624634

Locus 007
Allele 202	0.020066573153422
Allele 204	0.036705046616355
Allele 206	0.020782386896996
Allele 208	0.035752987063997
Allele 210	0.040134064525251
Allele 212	0.115265188037276
Allele 214	0.127838304772578
Allele 216	0.090002246137834
Allele 218	0.103871699638795
Allele 220	0.040587507212527
Allele 222	0.047788305334519
Allele 224	0.208621866955664
Allele 226	0.044358025126103
Allele 228	0.025564304398383
Allele 233	0.019817415108979
Allele 238	0.022844079021324

Locus 008
Allele 121	0.048212851946609
Allele 123	0.074168140368532
Allele 125	0.109099018209305
Allele 127	0.043810929683730
Allele 129	0.036292101044000
Allele 131	0.395169329853113
Allele 133	0.060246142458875
Allele 135	0.128422739574765
Allele 137	0.048728100219616
Allele 151	0.030039149869289
Allele 161	0.025811496772166

Locus 009
Allele 161	0.037829556132068
Allele 165	0.033494904633968
Allele 167	0.055424164116172
Allele 169	0.052216892336168
Allele 171	0.370619189608504
Allele 173	0.069572587785924
Allele 175	0.113858270672992
Allele 177	0.052590207744496
Allele 179	0.027641873088250
Allele 181	0.074499460162724
Allele 183	0.051092327243986
Allele 185	0.061160566474750

Locus 010
Allele 108	0.033174071238663
Allele 115	0.022333685701339
Allele 121	0.019322664888337
Allele 123	0.037958979612688
Allele 125	0.047879398516308
Allele 127	0.027159101419907
Allele 129	0.085339277732045
Allele 131	0.052505924431917
Allele 133	0.186411580047162
Allele 135	0.180588533937246
Allele 137	0.036707013977580
Allele 139	0.021031632097628
Allele 141	0.044087733366332
Allele 143	0.020243508276320
Allele 145	0.050703885638219
Allele 147	0.028115630783391
Allele 149	0.041701241292004
Allele 152	0.024140211924428
Allele 155	0.020636352182122
Allele 157	0.019959572936362


Cluster 02
Locus 001
Allele 092	0.113790397393786
Allele 094	0.118423234670202
Allele 096	0.109309957122076
Allele 098	0.112509266176299
Allele 100	0.109378604015569
Allele 102	0.106072230419142
Allele 104	0.118910219545488
Allele 106	0.112725504700038
Allele 108	0.098880585957398

Locus 002
Allele 118	0.078834452017432
Allele 122	0.081480075118889
Allele 124	0.086716312401014
Allele 126	0.094624112131338
Allele 127	0.078203811104946
Allele 128	0.088547566308124
Allele 130	0.084125587083180
Allele 132	0.090754625174490
Allele 134	0.075586970326936
Allele 135	0.083287654243795
Allele 137	0.079624235460033
Allele 151	0.078214598629824

Locus 003
Allele 130	0.067219357186415
Allele 133	0.066195510493107
Allele 136	0.075068779393533
Allele 138	0.077500890429078
Allele 139	0.075941446205306
Allele 141	0.072259407178590
Allele 143	0.064729157679190
Allele 145	0.075104086068011
Allele 146	0.072386592709463
Allele 147	0.068567078364087
Allele 148	0.076497990082198
Allele 150	0.069781501284237
Allele 152	0.072893054686586
Allele 156	0.065855148240198

Locus 004
Allele 093	0.057913882056019
Allele 095	0.058853518788819
Allele 096	0.053917192323066
Allele 097	0.063164681375163
Allele 099	0.060315528803836
Allele 100	0.059695945359797
Allele 101	0.069279406135503
Allele 103	0.066089545988005
Allele 105	0.057579228061827
Allele 107	0.057555055092504
Allele 109	0.054249105450078
Allele 110	0.057939338562848
Allele 113	0.058680039051882
Allele 121	0.056204534795202
Allele 123	0.056636797021612
Allele 125	0.055598966938662
Allele 131	0.056327234195175

Locus 005
Allele 218	0.045887359268515
Allele 220	0.050937096437454
Allele 222	0.054732330335990
Allele 224	0.051235358719741
Allele 226	0.053504726230222
Allele 228	0.049454528982036
Allele 230	0.051553274876457
Allele 232	0.051322299282284
Allele 234	0.052376809829629
Allele 236	0.052976296031562
Allele 238	0.053626301995570
Allele 240	0.050400075427982
Allele 242	0.048505049526667
Allele 244	0.046721374936261
Allele 246	0.049504383506946
Allele 248	0.047626727851913
Allele 250	0.049072953464707
Allele 252	0.048661248364967
Allele 254	0.045722056920084
Allele 256	0.046179748011012

Locus 006
Allele 094	0.071269621859996
Allele 096	0.073837192087760
Allele 098	0.069740365250574
Allele 100	0.064977797558493
Allele 102	0.079803098371711
Allele 104	0.081653258380092
Allele 106	0.074466896775128
Allele 108	0.072019038626899
Allele 110	0.072656773432471
Allele 112	0.072512713089862
Allele 114	0.068393061965652
Allele 124	0.067989413134646
Allele 126	0.066083340802396
Allele 149	0.064597428664320

Locus 007
Allele 202	0.057189879473102
Allele 204	0.062801709088815
Allele 206	0.057834203757273
Allele 208	0.067046402598100
Allele 210	0.061689054540643
Allele 212	0.065975845685742
Allele 214	0.069263265324065
Allele 216	0.062886362941950
Allele 218	0.063443030658682
Allele 220	0.060573753672373
Allele 222	0.069026692572441
Allele 224	0.062382579069076
Allele 226	0.061736338380177
Allele 228	0.060144260761230
Allele 233	0.057969591618273
Allele 238	0.060037029858057

Locus 008
Allele 121	0.090421039295110
Allele 123	0.093800734585216
Allele 125	0.085701886108243
Allele 127	0.080085257385043
Allele 129	0.100056826981908
Allele 131	0.095488772169669
Allele 133	0.092933940907665
Allele 135	0.091741896143397
Allele 137	0.102963577051253
Allele 151	0.081499755780654
Allele 161	0.085306313591842

Locus 009
Allele 161	0.077030414508661
Allele 165	0.078513088942400
Allele 167	0.088550178400492
Allele 169	0.080525540418928
Allele 171	0.094555653609711
Allele 173	0.093134353779906
Allele 175	0.087663794037863
Allele 177	0.082505734423639
Allele 179	0.076241945292458
Allele 181	0.082015971069756
Allele 183	0.081635583142479
Allele 185	0.077627742373707

Locus 010
Allele 108	0.048440528536511
Allele 115	0.047356158421143
Allele 121	0.047262315812359
Allele 123	0.052057208908085
Allele 125	0.049516112502327
Allele 127	0.049264605770737
Allele 129	0.052899974677292
Allele 131	0.052828872213927
Allele 133	0.052942546979442
Allele 135	0.053375606311004
Allele 137	0.056617155567322
Allele 139	0.047863579311433
Allele 141	0.052204270931525
Allele 143	0.047061566677355
Allele 145	0.048429905972191
Allele 147	0.048002865360438
Allele 149	0.049970267136003
Allele 152	0.048692669172663
Allele 155	0.046472383172955
Allele 157	0.048741406565287


Cluster 03
Locus 001
Allele 092	0.104906108189853
Allele 094	0.108360799815777
Allele 096	0.099438471906538
Allele 098	0.099064227936240
Allele 100	0.116007657089466
Allele 102	0.160971058336265
Allele 104	0.101427283547129
Allele 106	0.105780297636086
Allele 108	0.104044095542646

Locus 002
Allele 118	0.071129051153378
Allele 122	0.079104760614343
Allele 124	0.085151701131399
Allele 126	0.094306761424492
Allele 127	0.069249719736065
Allele 128	0.091072393322788
Allele 130	0.076000606335757
Allele 132	0.132758154756016
Allele 134	0.069240905148797
Allele 135	0.083669172087758
Allele 137	0.079317322265010
Allele 151	0.068999452024197

Locus 003
Allele 130	0.060184505294431
Allele 133	0.060351710686295
Allele 136	0.070587990193402
Allele 138	0.072741775147564
Allele 139	0.071281370643492
Allele 141	0.082075972514089
Allele 143	0.059325393412886
Allele 145	0.085105710089879
Allele 146	0.091992349401539
Allele 147	0.061919198787420
Allele 148	0.072252000248657
Allele 150	0.072203349512332
Allele 152	0.076722788402784
Allele 156	0.063255885665231

Locus 004
Allele 093	0.055163386339658
Allele 095	0.061386834082057
Allele 096	0.051709048579233
Allele 097	0.082125975536823
Allele 099	0.055274428247433
Allele 100	0.063736095169879
Allele 101	0.068996182430494
Allele 103	0.084286948605145
Allele 105	0.053665575531989
Allele 107	0.053415704888193
Allele 109	0.051329687810604
Allele 110	0.060392229953596
Allele 113	0.052350137737417
Allele 121	0.052115288939150
Allele 123	0.051202090295931
Allele 125	0.051692480415245
Allele 131	0.051157905437154

Locus 005
Allele 218	0.045207488929376
Allele 220	0.059613591768677
Allele 222	0.050036555983370
Allele 224	0.063701890212361
Allele 226	0.065012586837405
Allele 228	0.045987548026275
Allele 230	0.051356515619972
Allele 232	0.053834985579737
Allele 234	0.057051956964119
Allele 236	0.052716641443968
Allele 238	0.049342904838117
Allele 240	0.047876704077732
Allele 242	0.046617833729120
Allele 244	0.044251247542827
Allele 246	0.045012889404182
Allele 248	0.043417401211093
Allele 250	0.046728405641713
Allele 252	0.045708364899335
Allele 254	0.043220482652630
Allele 256	0.043304004637990

Locus 006
Allele 094	0.067993273277212
Allele 096	0.104844685802239
Allele 098	0.065531183442320
Allele 100	0.060896684906747
Allele 102	0.073897800507768
Allele 104	0.078713935884405
Allele 106	0.073025177757488
Allele 108	0.063305800174014
Allele 110	0.098786994729489
Allele 112	0.067156563105425
Allele 114	0.062363825052190
Allele 124	0.061953541994397
Allele 126	0.059893237298488
Allele 149	0.061637296067817

Locus 007
Allele 202	0.053387345637663
Allele 204	0.058046076286409
Allele 206	0.053599703724881
Allele 208	0.066097669980682
Allele 210	0.056204562097475
Allele 212	0.073486096802247
Allele 214	0.064027727862689
Allele 216	0.080775164120837
Allele 218	0.059479120916080
Allele 220	0.070522617119454
Allele 222	0.062211892415315
Allele 224	0.064729215314826
Allele 226	0.070835349187094
Allele 228	0.055530875801676
Allele 233	0.055299514889699
Allele 238	0.055767067842974

Locus 008
Allele 121	0.087677885986447
Allele 123	0.106623917335411
Allele 125	0.084892993118427
Allele 127	0.073040113353038
Allele 129	0.081216462101789
Allele 131	0.135834151200608
Allele 133	0.100490948221429
Allele 135	0.086877016270098
Allele 137	0.086119310345661
Allele 151	0.083930089109281
Allele 161	0.073297112957808

Locus 009
Allele 161	0.071358277064291
Allele 165	0.076735315761079
Allele 167	0.079710570313680
Allele 169	0.093835717417824
Allele 171	0.088448058156244
Allele 173	0.087887585865775
Allele 175	0.114848127152098
Allele 177	0.079962729063348
Allele 179	0.071457334095983
Allele 181	0.077868621211658
Allele 183	0.077186438113605
Allele 185	0.080701225784413

Locus 010
Allele 108	0.050626031219793
Allele 115	0.044751509352470
Allele 121	0.043370781547272
Allele 123	0.048331703497871
Allele 125	0.050028091107263
Allele 127	0.046824360037300
Allele 129	0.073064784198801
Allele 131	0.048617000346969
Allele 133	0.049212281408735
Allele 135	0.069810600019010
Allele 137	0.054417715465541
Allele 139	0.044047939387532
Allele 141	0.049543312580147
Allele 143	0.044077749671674
Allele 145	0.050775392862991
Allele 147	0.054531870349632
Allele 149	0.045565170991301
Allele 152	0.044513806764074
Allele 155	0.044054470352591
Allele 157	0.043835428839033


Cluster 04
Locus 001
Allele 092	0.044121401382861
Allele 094	0.395015757481541
Allele 096	0.029211379013098
Allele 098	0.246430832088596
Allele 100	0.078304653879011
Allele 102	0.069318482995407
Allele 104	0.088172366155573
Allele 106	0.028964509456132
Allele 108	0.020460617547782

Locus 002
Allele 118	0.022928592641566
Allele 122	0.036281294818373
Allele 124	0.143712437312922
Allele 126	0.117321617061984
Allele 127	0.025578693551070
Allele 128	0.089698218725782
Allele 130	0.108973907887512
Allele 132	0.302125048348063
Allele 134	0.020836515076464
Allele 135	0.064481433495337
Allele 137	0.041690782012276
Allele 151	0.026371459068653

Locus 003
Allele 130	0.052709395416872
Allele 133	0.024039085187842
Allele 136	0.207485924140683
Allele 138	0.072936942287190
Allele 139	0.069086351591417
Allele 141	0.028129652864007
Allele 143	0.019528990024106
Allele 145	0.124914184989101
Allele 146	0.045456950134097
Allele 147	0.024787784013148
Allele 148	0.178526653782075
Allele 150	0.041484747412094
Allele 152	0.087329555095282
Allele 156	0.023583783062086

Locus 004
Allele 093	0.077976568349168
Allele 095	0.086824907073664
Allele 096	0.017656983026708
Allele 097	0.135581059697188
Allele 099	0.061902285793747
Allele 100	0.068962860864600
Allele 101	0.111794831190950
Allele 103	0.062994433614135
Allele 105	0.045919349720927
Allele 107	0.163575359217319
Allele 109	0.018322118342031
Allele 110	0.028223607463966
Allele 113	0.030117359055016
Allele 121	0.019700076927003
Allele 123	0.022127111707857
Allele 125	0.023811517543187
Allele 131	0.024509570412534

Locus 005
Allele 218	0.015162358933394
Allele 220	0.058306837331098
Allele 222	0.174611922388044
Allele 224	0.054889696456035
Allele 226	0.102643746170186
Allele 228	0.021356597354779
Allele 230	0.053841193492294
Allele 232	0.033736851528133
Allele 234	0.049117333739316
Allele 236	0.072972319667586
Allele 238	0.147881055247535
Allele 240	0.029370554968215
Allele 242	0.036790872061510
Allele 244	0.016057013694597
Allele 246	0.027862777694003
Allele 248	0.020672864522609
Allele 250	0.026674062974405
Allele 252	0.026515796874240
Allele 254	0.015524012285998
Allele 256	0.016012132616024

Locus 006
Allele 094	0.068917065622328
Allele 096	0.060486099184700
Allele 098	0.050272870077102
Allele 100	0.026748286169581
Allele 102	0.125144303474882
Allele 104	0.374700235937641
Allele 106	0.111273217609722
Allele 108	0.039841034539723
Allele 110	0.030223303976865
Allele 112	0.033501580353452
Allele 114	0.018051970216132
Allele 124	0.020348941434163
Allele 126	0.018991808295976
Allele 149	0.021499283107734

Locus 007
Allele 202	0.018101514778065
Allele 204	0.021641759328579
Allele 206	0.019835905537973
Allele 208	0.220271277340752
Allele 210	0.038908497779975
Allele 212	0.075440664217480
Allele 214	0.110309140812347
Allele 216	0.143255895749969
Allele 218	0.052225246316835
Allele 220	0.068229173771601
Allele 222	0.066601725425681
Allele 224	0.053598973355656
Allele 226	0.035370415096332
Allele 228	0.034538307882958
Allele 233	0.018910522141120
Allele 238	0.022760980464677

Locus 008
Allele 121	0.079736975991121
Allele 123	0.050907276787414
Allele 125	0.036928727142935
Allele 127	0.020888922067350
Allele 129	0.078315585918437
Allele 131	0.154994787459821
Allele 133	0.090600969219478
Allele 135	0.280963384342271
Allele 137	0.148189615092432
Allele 151	0.028751618259202
Allele 161	0.029722137719540

Locus 009
Allele 161	0.021784539109375
Allele 165	0.056415936166160
Allele 167	0.046751162869343
Allele 169	0.034811987104753
Allele 171	0.190832402877675
Allele 173	0.257493972731352
Allele 175	0.137294622757663
Allele 177	0.093899404313389
Allele 179	0.031008354915030
Allele 181	0.058649867506970
Allele 183	0.034057596648298
Allele 185	0.037000152999992

Locus 010
Allele 108	0.051758790570844
Allele 115	0.017991443164590
Allele 121	0.021949087606833
Allele 123	0.052968773895689
Allele 125	0.057627706031179
Allele 127	0.123251624705078
Allele 129	0.058054724413703
Allele 131	0.133225068103640
Allele 133	0.075522097333950
Allele 135	0.062313140125887
Allele 137	0.093078846508845
Allele 139	0.020835737640401
Allele 141	0.044359879438144
Allele 143	0.016767369563432
Allele 145	0.022056390348810
Allele 147	0.021129894308524
Allele 149	0.045741658950566
Allele 152	0.035067239935378
Allele 155	0.016786297211109
Allele 157	0.029514230143398


Cluster 05
Locus 001
Allele 092	0.102518557904706
Allele 094	0.159305795761434
Allele 096	0.097785911282308
Allele 098	0.108107449360730
Allele 100	0.114645068823640
Allele 102	0.109919968452694
Allele 104	0.131533815522656
Allele 106	0.094840310133385
Allele 108	0.081343122758446

Locus 002
Allele 118	0.065675896893629
Allele 122	0.074335437967469
Allele 124	0.094332169273882
Allele 126	0.098069176100847
Allele 127	0.068292825207619
Allele 128	0.097876214283286
Allele 130	0.097883596836368
Allele 132	0.107447238138641
Allele 134	0.063720230478743
Allele 135	0.084503828743923
Allele 137	0.080231799467134
Allele 151	0.067631586608458

Locus 003
Allele 130	0.060371995826403
Allele 133	0.056216996462489
Allele 136	0.123948982247652
Allele 138	0.071327964246706
Allele 139	0.071323213183027
Allele 141	0.068374478028988
Allele 143	0.058135100415452
Allele 145	0.075375470300046
Allele 146	0.083844041262501
Allele 147	0.058934742549828
Allele 148	0.073874420369767
Allele 150	0.066472587417862
Allele 152	0.071883550293552
Allele 156	0.059916457395727

Locus 004
Allele 093	0.057215054965721
Allele 095	0.058196673965074
Allele 096	0.049755230598381
Allele 097	0.076031765934307
Allele 099	0.056863994092198
Allele 100	0.054661321697307
Allele 101	0.089258762820739
Allele 103	0.085060765532154
Allele 105	0.053782050150427
Allele 107	0.066234112439233
Allele 109	0.048620524577419
Allele 110	0.054597457706006
Allele 113	0.053020142916046
Allele 121	0.049068137329108
Allele 123	0.050871331816459
Allele 125	0.048215102658246
Allele 131	0.048547570801176

Locus 005
Allele 218	0.041879614840367
Allele 220	0.063753240149186
Allele 222	0.067690092902951
Allele 224	0.051708054228257
Allele 226	0.051621992720919
Allele 228	0.045439987856865
Allele 230	0.052804238491713
Allele 232	0.063739721572368
Allele 234	0.047904246089760
Allele 236	0.052778990010599
Allele 238	0.055249995291527
Allele 240	0.048329131033288
Allele 242	0.044593803901287
Allele 244	0.041922421821372
Allele 246	0.044810476913251
Allele 248	0.052579500373811
Allele 250	0.045422119541745
Allele 252	0.044788595862280
Allele 254	0.041114243828204
Allele 256	0.041869532570250

Locus 006
Allele 094	0.075925176026351
Allele 096	0.087028493287510
Allele 098	0.100314833929566
Allele 100	0.056769582236172
Allele 102	0.069051798114691
Allele 104	0.111855581979495
Allele 106	0.074008521165158
Allele 108	0.063802764664289
Allele 110	0.070046484386698
Allele 112	0.062966300055256
Allele 114	0.059522465087130
Allele 124	0.057272248036527
Allele 126	0.056005418946587
Allele 149	0.055430332084568

Locus 007
Allele 202	0.049998237591738
Allele 204	0.070187968740251
Allele 206	0.051776474291974
Allele 208	0.064662805675058
Allele 210	0.071723959910841
Allele 212	0.066680133530166
Allele 214	0.077941830971429
Allele 216	0.058096593322262
Allele 218	0.059289003786376
Allele 220	0.061554131003261
Allele 222	0.078650816747117
Allele 224	0.064329356744776
Allele 226	0.067371373619128
Allele 228	0.053225967408732
Allele 233	0.053229641262282
Allele 238	0.051281705394611

Locus 008
Allele 121	0.082995120407308
Allele 123	0.098535253374726
Allele 125	0.083835827230637
Allele 127	0.068801521540587
Allele 129	0.091830152028637
Allele 131	0.094855169814853
Allele 133	0.105926322017669
Allele 135	0.143222587481841
Allele 137	0.092079169086345
Allele 151	0.067998919628857
Allele 161	0.069919957388539

Locus 009
Allele 161	0.068801299610914
Allele 165	0.068490071926429
Allele 167	0.078139905383295
Allele 169	0.072106259150391
Allele 171	0.175234902619440
Allele 173	0.088447394990183
Allele 175	0.081751937848003
Allele 177	0.080414792323659
Allele 179	0.067538069527455
Allele 181	0.072908837211543
Allele 183	0.074166632221241
Allele 185	0.071999897187446

Locus 010
Allele 108	0.047483119757368
Allele 115	0.044321649638877
Allele 121	0.042818511712539
Allele 123	0.047446187968274
Allele 125	0.048387940589569
Allele 127	0.046651226323536
Allele 129	0.051692054248906
Allele 131	0.050235343291474
Allele 133	0.054779005703694
Allele 135	0.056311796738971
Allele 137	0.080672233568054
Allele 139	0.043496185687736
Allele 141	0.050160739180008
Allele 143	0.042401678130074
Allele 145	0.063351529748083
Allele 147	0.055086343919168
Allele 149	0.045370044181755
Allele 152	0.042733699842671
Allele 155	0.041936887231204
Allele 157	0.044663822538037


Cluster 06
Locus 001
Allele 092	0.051237182505948
Allele 094	0.358208782125071
Allele 096	0.067486038747254
Allele 098	0.186190989869120
Allele 100	0.120848007638993
Allele 102	0.059400130446481
Allele 104	0.072824175905351
Allele 106	0.053438675857257
Allele 108	0.030366016904523

Locus 002
Allele 118	0.038441004360712
Allele 122	0.048038692758398
Allele 124	0.114730003054551
Allele 126	0.179071043573727
Allele 127	0.020679599833235
Allele 128	0.142849879904221
Allele 130	0.071310275856367
Allele 132	0.108505653911388
Allele 134	0.027724207374421
Allele 135	0.099173128629127
Allele 137	0.128487684235823
Allele 151	0.020988826508031

Locus 003
Allele 130	0.022344470782892
Allele 133	0.021198443526735
Allele 136	0.038248515651731
Allele 138	0.113686979231373
Allele 139	0.242821467186678
Allele 141	0.040866748398856
Allele 143	0.021582986243732
Allele 145	0.078187229904687
Allele 146	0.093147714635111
Allele 147	0.019167632250406
Allele 148	0.119636307205452
Allele 150	0.066363479571887
Allele 152	0.094080092397606
Allele 156	0.028667933012856

Locus 004
Allele 093	0.021690949590200
Allele 095	0.078292108184528
Allele 096	0.019144694132102
Allele 097	0.211418041651480
Allele 099	0.059044268264162
Allele 100	0.031596373372864
Allele 101	0.148929857175120
Allele 103	0.194237014583320
Allele 105	0.040178399523292
Allele 107	0.026551518921796
Allele 109	0.025923841421876
Allele 110	0.028562293357901
Allele 113	0.021578525646616
Allele 121	0.032930555196477
Allele 123	0.023043296386402
Allele 125	0.018560253688991
Allele 131	0.018318008902870

Locus 005
Allele 218	0.015613312834047
Allele 220	0.076213761926796
Allele 222	0.058532037150889
Allele 224	0.167956321407223
Allele 226	0.057112159804806
Allele 228	0.094708861381533
Allele 230	0.037259206794767
Allele 232	0.071741732607034
Allele 234	0.099567908660046
Allele 236	0.054345853222134
Allele 238	0.031339568008749
Allele 240	0.057373081022843
Allele 242	0.034052874914509
Allele 244	0.023836805652762
Allele 246	0.022853718569640
Allele 248	0.016850837344412
Allele 250	0.020551944257951
Allele 252	0.023329666399334
Allele 254	0.015981615364183
Allele 256	0.020778732676340

Locus 006
Allele 094	0.087890952602263
Allele 096	0.154979306626713
Allele 098	0.046461777212069
Allele 100	0.019269326579297
Allele 102	0.105761217360173
Allele 104	0.183589314018205
Allele 106	0.080806191395089
Allele 108	0.108148056129751
Allele 110	0.070926208729934
Allele 112	0.037773377972464
Allele 114	0.024570560938945
Allele 124	0.024844814212286
Allele 126	0.029170490418550
Allele 149	0.025808405804262

Locus 007
Allele 202	0.028301412331897
Allele 204	0.029270052597954
Allele 206	0.024934123849256
Allele 208	0.110009809616621
Allele 210	0.056577422387926
Allele 212	0.274458144198472
Allele 214	0.057531831528647
Allele 216	0.073898897702711
Allele 218	0.040142353170187
Allele 220	0.058171292978441
Allele 222	0.059131822619611
Allele 224	0.067442978119105
Allele 226	0.053701281241561
Allele 228	0.021121958762637
Allele 233	0.025738310674085
Allele 238	0.019568308220888

Locus 008
Allele 121	0.127524130066687
Allele 123	0.126867409833730
Allele 125	0.054431170715863
Allele 127	0.021931616907446
Allele 129	0.063843795462566
Allele 131	0.176641196107513
Allele 133	0.262765636973069
Allele 135	0.082600438811529
Allele 137	0.036496008737401
Allele 151	0.021537868829980
Allele 161	0.025360727554217

Locus 009
Allele 161	0.025165941307271
Allele 165	0.031179592039088
Allele 167	0.083987352425835
Allele 169	0.196115715295880
Allele 171	0.172476348195484
Allele 173	0.173632159464896
Allele 175	0.054680798563296
Allele 177	0.147458731174494
Allele 179	0.025048648271952
Allele 181	0.030763719290285
Allele 183	0.033463647970130
Allele 185	0.026027346001388

Locus 010
Allele 108	0.018135861791608
Allele 115	0.020121266148177
Allele 121	0.020113305896580
Allele 123	0.051092999127458
Allele 125	0.151773996121479
Allele 127	0.053532359238210
Allele 129	0.075106946478642
Allele 131	0.064057334759312
Allele 133	0.161583965015045
Allele 135	0.038357107801298
Allele 137	0.079115361289198
Allele 139	0.062033099775648
Allele 141	0.038757686990438
Allele 143	0.024394082246739
Allele 145	0.024669136099581
Allele 147	0.033840109064650
Allele 149	0.018352046542254
Allele 152	0.017201211477180
Allele 155	0.023132570763885
Allele 157	0.024629553372619



Estimated Mixing Proportions
0.269877066666667
0.013212800000000
0.027054800000000
0.319240133333333
0.036396066666667
0.334219133333333



Estimated sigma: 
k: 0	1.000000000000000
k: 1	1.000000000000000
k: 2	1.000000000000000
k: 3	1.000000000000000
k: 4	1.000000000000000
k: 5	1.000000000000000



Estimated tau: 
k: 0	10.000000000000000
k: 1	10.000000000000000
k: 2	10.000000000000000
k: 3	10.000000000000000
k: 4	10.000000000000000
k: 5	10.000000000000000



