Estimated Clustering Probabilities for Samples
Sample	***Cluster  01***	***Cluster  02***	***Cluster  03***	***Cluster  04***	***Cluster  05***	
000001:	0.787660000000000	0.035545000000000	0.021665000000000	0.148980000000000	0.006150000000000		1
000002:	0.817585000000000	0.095465000000000	0.022575000000000	0.054130000000000	0.010245000000000		1
000003:	0.935455000000000	0.025210000000000	0.007015000000000	0.030660000000000	0.001660000000000		1
000004:	0.767805000000000	0.064570000000000	0.029915000000000	0.131635000000000	0.006075000000000		1
000005:	0.836550000000000	0.023065000000000	0.042845000000000	0.095180000000000	0.002360000000000		1
000006:	0.916895000000000	0.012525000000000	0.011800000000000	0.056220000000000	0.002560000000000		1
000007:	0.414585000000000	0.107505000000000	0.150730000000000	0.322700000000000	0.004480000000000		1
000008:	0.723070000000000	0.097715000000000	0.070690000000000	0.103095000000000	0.005430000000000		1
000009:	0.762105000000000	0.042930000000000	0.130130000000000	0.062035000000000	0.002800000000000		1
000010:	0.700740000000000	0.071655000000000	0.056360000000000	0.161935000000000	0.009310000000000		1
000011:	0.586635000000000	0.054310000000000	0.054970000000000	0.296680000000000	0.007405000000000		1
000012:	0.865345000000000	0.064235000000000	0.016240000000000	0.049420000000000	0.004760000000000		1
000013:	0.742435000000000	0.086295000000000	0.025555000000000	0.138560000000000	0.007155000000000		1
000014:	0.847705000000000	0.031365000000000	0.016500000000000	0.098125000000000	0.006305000000000		1
000015:	0.814595000000000	0.063985000000000	0.020000000000000	0.093790000000000	0.007630000000000		1
000016:	0.937370000000000	0.021225000000000	0.010020000000000	0.029015000000000	0.002370000000000		1
000017:	0.748705000000000	0.086540000000000	0.030325000000000	0.125095000000000	0.009335000000000		1
000018:	0.800610000000000	0.053275000000000	0.031685000000000	0.102520000000000	0.011910000000000		1
000019:	0.574400000000000	0.056205000000000	0.024215000000000	0.330255000000000	0.014925000000000		1
000020:	0.732615000000000	0.074540000000000	0.035340000000000	0.141665000000000	0.015840000000000		1
000021:	0.503500000000000	0.174230000000000	0.022075000000000	0.285750000000000	0.014445000000000		1
000022:	0.395820000000000	0.270670000000000	0.033610000000000	0.280365000000000	0.019535000000000		1
000023:	0.922555000000000	0.008115000000000	0.002015000000000	0.065815000000000	0.001500000000000		1
000024:	0.809655000000000	0.067335000000000	0.007700000000000	0.110700000000000	0.004610000000000		1
000025:	0.869160000000000	0.038795000000000	0.007870000000000	0.079160000000000	0.005015000000000		1
000026:	0.778535000000000	0.108365000000000	0.012665000000000	0.094500000000000	0.005935000000000		1
000027:	0.895745000000000	0.044455000000000	0.008870000000000	0.042595000000000	0.008335000000000		1
000028:	0.908325000000000	0.042380000000000	0.005220000000000	0.041770000000000	0.002305000000000		1
000029:	0.868345000000000	0.078020000000000	0.006740000000000	0.031870000000000	0.015025000000000		1
000030:	0.562750000000000	0.397610000000000	0.009310000000000	0.020535000000000	0.009795000000000		1
000031:	0.511225000000000	0.468060000000000	0.005765000000000	0.013875000000000	0.001075000000000		1
000032:	0.773375000000000	0.198245000000000	0.010645000000000	0.015295000000000	0.002440000000000		1
000033:	0.419985000000000	0.550890000000000	0.015080000000000	0.010195000000000	0.003850000000000		1
000034:	0.401690000000000	0.585635000000000	0.005240000000000	0.005285000000000	0.002150000000000		1
000035:	0.719160000000000	0.231900000000000	0.010600000000000	0.032000000000000	0.006340000000000		1
000036:	0.838430000000000	0.064685000000000	0.025690000000000	0.060065000000000	0.011130000000000		1
000037:	0.866880000000000	0.053490000000000	0.016175000000000	0.058465000000000	0.004990000000000		1
000038:	0.888505000000000	0.056145000000000	0.025365000000000	0.027445000000000	0.002540000000000		1
000039:	0.849665000000000	0.126890000000000	0.006785000000000	0.010825000000000	0.005835000000000		1
000040:	0.936230000000000	0.036545000000000	0.002460000000000	0.021080000000000	0.003685000000000		1
000041:	0.940560000000000	0.034055000000000	0.010030000000000	0.013065000000000	0.002290000000000		1
000042:	0.753860000000000	0.222330000000000	0.008965000000000	0.013600000000000	0.001245000000000		1
000043:	0.896105000000000	0.034175000000000	0.013355000000000	0.054600000000000	0.001765000000000		1
000044:	0.895730000000000	0.055500000000000	0.023825000000000	0.022680000000000	0.002265000000000		1
000045:	0.744490000000000	0.008810000000000	0.101545000000000	0.139980000000000	0.005175000000000		1
000046:	0.819225000000000	0.003525000000000	0.023335000000000	0.152060000000000	0.001855000000000		1
000047:	0.854465000000000	0.010190000000000	0.049865000000000	0.081295000000000	0.004185000000000		1
000048:	0.595100000000000	0.000515000000000	0.393050000000000	0.011060000000000	0.000275000000000		1
000049:	0.595900000000000	0.024860000000000	0.142800000000000	0.232720000000000	0.003720000000000		1
000050:	0.612745000000000	0.014675000000000	0.100440000000000	0.269185000000000	0.002955000000000		1
000051:	0.709530000000000	0.025255000000000	0.117545000000000	0.143400000000000	0.004270000000000		1
000052:	0.867065000000000	0.004685000000000	0.032370000000000	0.094960000000000	0.000920000000000		1
000053:	0.887065000000000	0.018265000000000	0.020470000000000	0.070735000000000	0.003465000000000		1
000054:	0.668190000000000	0.017880000000000	0.163935000000000	0.142560000000000	0.007435000000000		1
000055:	0.716825000000000	0.024995000000000	0.081275000000000	0.170090000000000	0.006815000000000		1
000056:	0.812025000000000	0.014975000000000	0.043445000000000	0.123760000000000	0.005795000000000		1
000057:	0.656825000000000	0.006890000000000	0.034025000000000	0.296610000000000	0.005650000000000		1
000058:	0.873575000000000	0.005165000000000	0.016310000000000	0.102345000000000	0.002605000000000		1
000059:	0.572085000000000	0.022730000000000	0.039660000000000	0.359160000000000	0.006365000000000		1
000060:	0.564520000000000	0.072335000000000	0.063200000000000	0.289110000000000	0.010835000000000		1
000061:	0.869835000000000	0.020690000000000	0.032750000000000	0.066020000000000	0.010705000000000		1
000062:	0.577630000000000	0.136195000000000	0.051195000000000	0.212715000000000	0.022265000000000		1
000063:	0.665770000000000	0.027180000000000	0.028125000000000	0.268480000000000	0.010445000000000		1
000064:	0.500445000000000	0.042015000000000	0.092590000000000	0.345610000000000	0.019340000000000		1
000065:	0.466745000000000	0.023915000000000	0.003565000000000	0.498015000000000	0.007760000000000		1
000066:	0.769470000000000	0.037415000000000	0.005950000000000	0.181610000000000	0.005555000000000		1
000067:	0.856160000000000	0.027240000000000	0.003685000000000	0.108950000000000	0.003965000000000		1
000068:	0.832130000000000	0.031305000000000	0.004875000000000	0.122325000000000	0.009365000000000		1
000069:	0.914005000000000	0.013695000000000	0.004350000000000	0.060940000000000	0.007010000000000		1
000070:	0.837785000000000	0.027755000000000	0.006190000000000	0.117055000000000	0.011215000000000		1
000071:	0.936495000000000	0.012705000000000	0.003520000000000	0.042920000000000	0.004360000000000		1
000072:	0.906210000000000	0.056205000000000	0.004510000000000	0.029120000000000	0.003955000000000		1
000073:	0.276935000000000	0.721920000000000	0.000435000000000	0.000370000000000	0.000340000000000		1
000074:	0.723590000000000	0.240885000000000	0.005445000000000	0.025530000000000	0.004550000000000		1
000075:	0.840400000000000	0.107435000000000	0.010435000000000	0.032995000000000	0.008735000000000		1



Estimated Allele Frequencies
Cluster 01
Locus 001
Allele 092	0.028283644159051
Allele 094	0.433772971030676
Allele 096	0.051579769624336
Allele 098	0.216215077689902
Allele 100	0.086111670885622
Allele 102	0.079478513452439
Allele 104	0.062996323082260
Allele 106	0.022164379126625
Allele 108	0.019397650949088

Locus 002
Allele 118	0.017647685801028
Allele 122	0.029294702098378
Allele 124	0.216962814926117
Allele 126	0.115658295385519
Allele 127	0.010295376536545
Allele 128	0.093962296122081
Allele 130	0.079856212958373
Allele 132	0.257926018207615
Allele 134	0.013478201901568
Allele 135	0.083358136714658
Allele 137	0.070332991307592
Allele 151	0.011227268040525

Locus 003
Allele 130	0.024957016142363
Allele 133	0.011813191177055
Allele 136	0.149235651057441
Allele 138	0.107036450094309
Allele 139	0.152047704366029
Allele 141	0.027897465213292
Allele 143	0.013925641151885
Allele 145	0.086529091255984
Allele 146	0.095719588471939
Allele 147	0.010283732304383
Allele 148	0.139241829705286
Allele 150	0.078622698273735
Allele 152	0.084251839170950
Allele 156	0.018438101615351

Locus 004
Allele 093	0.051754342436259
Allele 095	0.080893818081768
Allele 096	0.012634997185536
Allele 097	0.208293591539757
Allele 099	0.046018236821332
Allele 100	0.059024756908380
Allele 101	0.135289424815207
Allele 103	0.135009278262535
Allele 105	0.052068399199807
Allele 107	0.102579713698451
Allele 109	0.015118042122797
Allele 110	0.026432120351744
Allele 113	0.014615232901101
Allele 121	0.014896138990170
Allele 123	0.018721625778449
Allele 125	0.013373516738541
Allele 131	0.013276764168166

Locus 005
Allele 218	0.009990518102715
Allele 220	0.091451187791735
Allele 222	0.149658059737548
Allele 224	0.126952105043867
Allele 226	0.103293668729178
Allele 228	0.043029299207375
Allele 230	0.040019155423134
Allele 232	0.059481171896597
Allele 234	0.064542960298966
Allele 236	0.057292978655520
Allele 238	0.080465996972422
Allele 240	0.040609479837892
Allele 242	0.040774181712856
Allele 244	0.011949796592463
Allele 246	0.016926497988095
Allele 248	0.011403763389104
Allele 250	0.014811756399966
Allele 252	0.018388986818262
Allele 254	0.008134745126991
Allele 256	0.010823690275314

Locus 006
Allele 094	0.106624744823052
Allele 096	0.197390200298799
Allele 098	0.037356451930948
Allele 100	0.013655455858787
Allele 102	0.113537143750050
Allele 104	0.237450499453150
Allele 106	0.101922262805560
Allele 108	0.078810408868470
Allele 110	0.043331622062638
Allele 112	0.021091079417518
Allele 114	0.013100310929294
Allele 124	0.011032843809649
Allele 126	0.010801985905681
Allele 149	0.013894990086403

Locus 007
Allele 202	0.011458591631832
Allele 204	0.023572323515092
Allele 206	0.013808639985987
Allele 208	0.148614121188677
Allele 210	0.033794786269565
Allele 212	0.208672152318774
Allele 214	0.090485627937008
Allele 216	0.119410333681662
Allele 218	0.068354129271954
Allele 220	0.061848639639761
Allele 222	0.050398320896776
Allele 224	0.099640199314483
Allele 226	0.031962394332809
Allele 228	0.017915099087795
Allele 233	0.010199448748720
Allele 238	0.009865192179106

Locus 008
Allele 121	0.083152263391760
Allele 123	0.069927123451411
Allele 125	0.046053055097731
Allele 127	0.012256979063059
Allele 129	0.062811658122223
Allele 131	0.267015923308387
Allele 133	0.160477315055526
Allele 135	0.207911817528720
Allele 137	0.060753488128524
Allele 151	0.016044045735750
Allele 161	0.013596331116909

Locus 009
Allele 161	0.015732647415355
Allele 165	0.034369278252859
Allele 167	0.049803274752013
Allele 169	0.102869232480907
Allele 171	0.263949858262823
Allele 173	0.194869409761370
Allele 175	0.111819501246298
Allele 177	0.122026634380207
Allele 179	0.016252456570436
Allele 181	0.039172362199441
Allele 183	0.021733960535507
Allele 185	0.027401384142785

Locus 010
Allele 108	0.031216956644514
Allele 115	0.010745578175468
Allele 121	0.011869145494145
Allele 123	0.048613692262781
Allele 125	0.103487194493423
Allele 127	0.085316884636360
Allele 129	0.086702884127289
Allele 131	0.105092310015576
Allele 133	0.144618173965837
Allele 135	0.093411643356716
Allele 137	0.079073804275810
Allele 139	0.020809973748873
Allele 141	0.042094372447917
Allele 143	0.011960084936125
Allele 145	0.030920606478697
Allele 147	0.015707405122746
Allele 149	0.031009841505283
Allele 152	0.018789066412856
Allele 155	0.010503368825095
Allele 157	0.018057013074490


Cluster 02
Locus 001
Allele 092	0.094207282149325
Allele 094	0.147055892944522
Allele 096	0.144081409125143
Allele 098	0.092033120716839
Allele 100	0.113543556810254
Allele 102	0.179634040927553
Allele 104	0.097277355070813
Allele 106	0.066177935919060
Allele 108	0.065989406336491

Locus 002
Allele 118	0.047808021966192
Allele 122	0.051522959241806
Allele 124	0.168361505259810
Allele 126	0.072105142439032
Allele 127	0.047636572698555
Allele 128	0.057822745391700
Allele 130	0.051112098899908
Allele 132	0.128676897662038
Allele 134	0.047387513345293
Allele 135	0.196518664217984
Allele 137	0.084392477013586
Allele 151	0.046655401864096

Locus 003
Allele 130	0.044511731691805
Allele 133	0.041530722540264
Allele 136	0.053003992232535
Allele 138	0.066654579383299
Allele 139	0.059997555342093
Allele 141	0.058808444066886
Allele 143	0.043769170581686
Allele 145	0.065371092633645
Allele 146	0.145664119275084
Allele 147	0.042181532236425
Allele 148	0.085598571896174
Allele 150	0.112998033109566
Allele 152	0.134026391973025
Allele 156	0.045884063037516

Locus 004
Allele 093	0.053697976060221
Allele 095	0.044141177624463
Allele 096	0.039275372342438
Allele 097	0.057256406180777
Allele 099	0.042610858329408
Allele 100	0.162610932911289
Allele 101	0.076510420226304
Allele 103	0.081912775481414
Allele 105	0.059281345977781
Allele 107	0.044553379026015
Allele 109	0.090782507597161
Allele 110	0.042740189528996
Allele 113	0.040969313580721
Allele 121	0.041706543625029
Allele 123	0.049418311755835
Allele 125	0.036557017488470
Allele 131	0.035975472263678

Locus 005
Allele 218	0.049369114926057
Allele 220	0.078973289556770
Allele 222	0.046218255799740
Allele 224	0.080910616432568
Allele 226	0.045975821535336
Allele 228	0.039793922954760
Allele 230	0.061941371450653
Allele 232	0.071763862823770
Allele 234	0.052839799353091
Allele 236	0.045639982158599
Allele 238	0.046714860037257
Allele 240	0.056187513594468
Allele 242	0.038217127096951
Allele 244	0.035330677239057
Allele 246	0.033151695649362
Allele 248	0.032725633885128
Allele 250	0.038045919028845
Allele 252	0.037067157609164
Allele 254	0.062007232788261
Allele 256	0.047126146080164

Locus 006
Allele 094	0.079365572262340
Allele 096	0.074751412378578
Allele 098	0.044845101946671
Allele 100	0.046526164429795
Allele 102	0.071621670495346
Allele 104	0.070408789081423
Allele 106	0.276271545573585
Allele 108	0.051891200913331
Allele 110	0.070833100836102
Allele 112	0.042323228796384
Allele 114	0.043571165998898
Allele 124	0.040753597583681
Allele 126	0.042409623852929
Allele 149	0.044427825850936

Locus 007
Allele 202	0.040378852859008
Allele 204	0.050002171695297
Allele 206	0.040833849588110
Allele 208	0.049505086535662
Allele 210	0.052745724360647
Allele 212	0.078758997393505
Allele 214	0.109049818763988
Allele 216	0.088358599374045
Allele 218	0.057823398859820
Allele 220	0.052547626449309
Allele 222	0.055539854038427
Allele 224	0.130384570814845
Allele 226	0.064598885052633
Allele 228	0.044226244926639
Allele 233	0.047142299975850
Allele 238	0.038104019312215

Locus 008
Allele 121	0.069817657106389
Allele 123	0.097613069540168
Allele 125	0.137159607277938
Allele 127	0.083655202291886
Allele 129	0.066777080582598
Allele 131	0.187087248444977
Allele 133	0.081100411753530
Allele 135	0.085381100697669
Allele 137	0.072616626299909
Allele 151	0.063402251749126
Allele 161	0.055389744255810

Locus 009
Allele 161	0.058026467969086
Allele 165	0.058179588184413
Allele 167	0.064176782768854
Allele 169	0.081241673668325
Allele 171	0.221332643259958
Allele 173	0.080261705927446
Allele 175	0.104590699645702
Allele 177	0.063756736289879
Allele 179	0.052986041105157
Allele 181	0.078948075688453
Allele 183	0.057404201858773
Allele 185	0.079095383633950

Locus 010
Allele 108	0.038226485303101
Allele 115	0.035863544134134
Allele 121	0.032142392512712
Allele 123	0.034895176337302
Allele 125	0.048660352510446
Allele 127	0.036361805101451
Allele 129	0.062714040113506
Allele 131	0.045413428065275
Allele 133	0.135661329105667
Allele 135	0.125337003078994
Allele 137	0.039543656992498
Allele 139	0.038318573576449
Allele 141	0.036934688429573
Allele 143	0.034453716200029
Allele 145	0.050686486078897
Allele 147	0.058280634771545
Allele 149	0.037975318525463
Allele 152	0.035482521680175
Allele 155	0.038493306235888
Allele 157	0.034555541246894


Cluster 03
Locus 001
Allele 092	0.106360060906541
Allele 094	0.125566772802378
Allele 096	0.090727813805641
Allele 098	0.151270489243973
Allele 100	0.095286179407676
Allele 102	0.092825990318414
Allele 104	0.108732417381877
Allele 106	0.149535710824100
Allele 108	0.079694565309399

Locus 002
Allele 118	0.074192550703221
Allele 122	0.079131200144637
Allele 124	0.091069233912310
Allele 126	0.113975054362503
Allele 127	0.071834217155147
Allele 128	0.079976893825315
Allele 130	0.083212565791072
Allele 132	0.118603531395613
Allele 134	0.067645233199705
Allele 135	0.077993187152926
Allele 137	0.076676944329117
Allele 151	0.065689388028434

Locus 003
Allele 130	0.056845088843383
Allele 133	0.068018921037471
Allele 136	0.089290784811717
Allele 138	0.089378744455633
Allele 139	0.073792293907340
Allele 141	0.096511697892786
Allele 143	0.054347782324435
Allele 145	0.074887024278979
Allele 146	0.071538347959749
Allele 147	0.062298845064174
Allele 148	0.073621778793302
Allele 150	0.063726403788462
Allele 152	0.068585635501432
Allele 156	0.057156651341138

Locus 004
Allele 093	0.052576984101698
Allele 095	0.055023438880774
Allele 096	0.048482197688518
Allele 097	0.066746077192759
Allele 099	0.067458566028161
Allele 100	0.108578076688363
Allele 101	0.063487913580406
Allele 103	0.071944077956133
Allele 105	0.051325725143900
Allele 107	0.054251896852274
Allele 109	0.046811343554065
Allele 110	0.050270992132223
Allele 113	0.058943874411738
Allele 121	0.055819456848027
Allele 123	0.045954820995001
Allele 125	0.050691739208464
Allele 131	0.051632818737495

Locus 005
Allele 218	0.040793286907028
Allele 220	0.053086416395797
Allele 222	0.059225847626483
Allele 224	0.052134220253466
Allele 226	0.052939954040929
Allele 228	0.047931621151201
Allele 230	0.052564953893757
Allele 232	0.051538128503071
Allele 234	0.062018909530954
Allele 236	0.054380979639479
Allele 238	0.048836382937293
Allele 240	0.047575118416345
Allele 242	0.043952467231898
Allele 244	0.042448836376721
Allele 246	0.066207260430536
Allele 248	0.043451780161960
Allele 250	0.052558255250396
Allele 252	0.049080515440032
Allele 254	0.039254419945309
Allele 256	0.040020645867345

Locus 006
Allele 094	0.078864362445555
Allele 096	0.074395447187892
Allele 098	0.067807321684430
Allele 100	0.057050083933930
Allele 102	0.073036041806744
Allele 104	0.081363141537374
Allele 106	0.092068257526657
Allele 108	0.064924156570072
Allele 110	0.089017125770900
Allele 112	0.081118731700819
Allele 114	0.058330836948815
Allele 124	0.070101076317564
Allele 126	0.055360503076848
Allele 149	0.056562913492399

Locus 007
Allele 202	0.049285399764930
Allele 204	0.056924965264406
Allele 206	0.048986241793247
Allele 208	0.073555503052340
Allele 210	0.058433525736216
Allele 212	0.066019465908083
Allele 214	0.073631562953411
Allele 216	0.064083301499160
Allele 218	0.060562849152001
Allele 220	0.054463976196824
Allele 222	0.066182097426602
Allele 224	0.064983911248640
Allele 226	0.067881838491122
Allele 228	0.060082659656904
Allele 233	0.050786894611780
Allele 238	0.084135807244333

Locus 008
Allele 121	0.089225275773615
Allele 123	0.107219226258662
Allele 125	0.076706571842999
Allele 127	0.064438097349105
Allele 129	0.076449244468297
Allele 131	0.103207582578436
Allele 133	0.112246886171783
Allele 135	0.087118556124430
Allele 137	0.147250609087093
Allele 151	0.066099805518512
Allele 161	0.070038144827067

Locus 009
Allele 161	0.064017822486842
Allele 165	0.065209546222300
Allele 167	0.095440991620616
Allele 169	0.068599864116151
Allele 171	0.088820917733247
Allele 173	0.085200029390827
Allele 175	0.084774511628750
Allele 177	0.083886169384244
Allele 179	0.066477756451347
Allele 181	0.111790344000246
Allele 183	0.120581201900145
Allele 185	0.065200845065286

Locus 010
Allele 108	0.044508631344133
Allele 115	0.042683449202241
Allele 121	0.047199034361807
Allele 123	0.063190037548998
Allele 125	0.049079391000154
Allele 127	0.046993675012607
Allele 129	0.051571594746909
Allele 131	0.062045672724382
Allele 133	0.053246876945086
Allele 135	0.046891329725552
Allele 137	0.056835565921297
Allele 139	0.046140272064506
Allele 141	0.071298967728486
Allele 143	0.044753778654698
Allele 145	0.042163391982873
Allele 147	0.043738635138165
Allele 149	0.048958649895384
Allele 152	0.050122928520329
Allele 155	0.041055941064452
Allele 157	0.047522176417942


Cluster 04
Locus 001
Allele 092	0.116860070644228
Allele 094	0.204763911591353
Allele 096	0.081487234557261
Allele 098	0.118771068317842
Allele 100	0.107061934061799
Allele 102	0.070447501298137
Allele 104	0.128442069162696
Allele 106	0.112462793359296
Allele 108	0.059703417007390

Locus 002
Allele 118	0.059274544991434
Allele 122	0.060840380696356
Allele 124	0.077184252281918
Allele 126	0.163337303797186
Allele 127	0.055497871667226
Allele 128	0.132718923376707
Allele 130	0.077525629064148
Allele 132	0.083248053309082
Allele 134	0.047440164692369
Allele 135	0.094464872879974
Allele 137	0.091975085023296
Allele 151	0.056492918220305

Locus 003
Allele 130	0.051065808551441
Allele 133	0.043157540435778
Allele 136	0.067935044618555
Allele 138	0.089059791226005
Allele 139	0.087209308464846
Allele 141	0.065435592196118
Allele 143	0.042390923544801
Allele 145	0.084286127936583
Allele 146	0.079852053836816
Allele 147	0.050615146255036
Allele 148	0.137472502091449
Allele 150	0.062033245708813
Allele 152	0.089631727682949
Allele 156	0.049855187450809

Locus 004
Allele 093	0.043562288074665
Allele 095	0.056790154048292
Allele 096	0.038341056568971
Allele 097	0.076655984749708
Allele 099	0.079745895905970
Allele 100	0.041932436411787
Allele 101	0.158649499081878
Allele 103	0.119036370155704
Allele 105	0.041692712393574
Allele 107	0.059075635235732
Allele 109	0.034559437494352
Allele 110	0.040204750110979
Allele 113	0.048320009880528
Allele 121	0.050985100211331
Allele 123	0.036515288672398
Allele 125	0.036338710659220
Allele 131	0.037594670344911

Locus 005
Allele 218	0.030513213269204
Allele 220	0.058342571369277
Allele 222	0.058032306381974
Allele 224	0.092880986440567
Allele 226	0.056837620406061
Allele 228	0.073487313485647
Allele 230	0.057973230821892
Allele 232	0.051980717228913
Allele 234	0.075936704069429
Allele 236	0.060114031283227
Allele 238	0.059782467119732
Allele 240	0.042174397671355
Allele 242	0.036430442997058
Allele 244	0.036146756605440
Allele 246	0.031987186248165
Allele 248	0.040279467717057
Allele 250	0.041319724318635
Allele 252	0.033926671572166
Allele 254	0.031026823010867
Allele 256	0.030827367983335

Locus 006
Allele 094	0.076894994114097
Allele 096	0.066247454134067
Allele 098	0.082782629648022
Allele 100	0.040683289283071
Allele 102	0.058031879773964
Allele 104	0.181880431206813
Allele 106	0.090442361030167
Allele 108	0.058788750327848
Allele 110	0.092222876115028
Allele 112	0.060905922767283
Allele 114	0.043732188116791
Allele 124	0.048722445306695
Allele 126	0.056429174742572
Allele 149	0.042235603433582

Locus 007
Allele 202	0.048528374520223
Allele 204	0.043381080426530
Allele 206	0.039529264496079
Allele 208	0.086590056604875
Allele 210	0.085589407575202
Allele 212	0.082077689763663
Allele 214	0.082655535440642
Allele 216	0.064042034743173
Allele 218	0.047000771516821
Allele 220	0.052841475009526
Allele 222	0.097593680248602
Allele 224	0.071909437945864
Allele 226	0.074400195464659
Allele 228	0.040764649677252
Allele 233	0.045980063802116
Allele 238	0.037116282764772

Locus 008
Allele 121	0.108177929812706
Allele 123	0.137035406181202
Allele 125	0.067464914520067
Allele 127	0.049323350911379
Allele 129	0.073405427866143
Allele 131	0.122965890874856
Allele 133	0.130264659897582
Allele 135	0.082996869540455
Allele 137	0.119439121479320
Allele 151	0.049277217703511
Allele 161	0.059649211212781

Locus 009
Allele 161	0.052145491715199
Allele 165	0.053668632306579
Allele 167	0.100084596296406
Allele 169	0.108055499092290
Allele 171	0.138157330118802
Allele 173	0.170034919529826
Allele 175	0.068800795349315
Allele 177	0.077490975545546
Allele 179	0.051663578195947
Allele 181	0.059097042401450
Allele 183	0.064194858574154
Allele 185	0.056606280874486

Locus 010
Allele 108	0.042091998876189
Allele 115	0.038020704994226
Allele 121	0.036317470105293
Allele 123	0.048777895452877
Allele 125	0.070201793383298
Allele 127	0.042282133313253
Allele 129	0.055295407749006
Allele 131	0.039894438295236
Allele 133	0.104382217340535
Allele 135	0.043980415173742
Allele 137	0.088690475769165
Allele 139	0.074830722944362
Allele 141	0.040795161952511
Allele 143	0.036676655921837
Allele 145	0.034101099453983
Allele 147	0.048649607021035
Allele 149	0.041866185812476
Allele 152	0.035848760696383
Allele 155	0.039695438621365
Allele 157	0.037601417123229


Cluster 05
Locus 001
Allele 092	0.112278440279104
Allele 094	0.112386107221679
Allele 096	0.112431899701373
Allele 098	0.112875693561490
Allele 100	0.117495790459528
Allele 102	0.108327666216061
Allele 104	0.111133521572419
Allele 106	0.105469744139944
Allele 108	0.107601136848402

Locus 002
Allele 118	0.081549586150101
Allele 122	0.083892506157281
Allele 124	0.084236588704157
Allele 126	0.085508745524335
Allele 127	0.082120644834126
Allele 128	0.083999027769045
Allele 130	0.082554987496523
Allele 132	0.083605543352617
Allele 134	0.081585322340469
Allele 135	0.085051521692355
Allele 137	0.086252976132441
Allele 151	0.079642549846552

Locus 003
Allele 130	0.070857207536798
Allele 133	0.067545035320512
Allele 136	0.070973159108267
Allele 138	0.070707935116467
Allele 139	0.073814701909824
Allele 141	0.073990626065653
Allele 143	0.069609934157006
Allele 145	0.071372155805999
Allele 146	0.072632397075533
Allele 147	0.069849427044994
Allele 148	0.072078485614766
Allele 150	0.074790892538442
Allele 152	0.072441265936979
Allele 156	0.069336776768762

Locus 004
Allele 093	0.058350402042384
Allele 095	0.060537100903388
Allele 096	0.057938868635627
Allele 097	0.060931551134316
Allele 099	0.059192722142974
Allele 100	0.057883568517900
Allele 101	0.059870766692703
Allele 103	0.062029994215978
Allele 105	0.059272347380887
Allele 107	0.058608832362052
Allele 109	0.058415393687363
Allele 110	0.058526458310798
Allele 113	0.058473523508576
Allele 121	0.058049280732857
Allele 123	0.058242089033634
Allele 125	0.056753055002445
Allele 131	0.056924045696118

Locus 005
Allele 218	0.048726021261940
Allele 220	0.050878780246945
Allele 222	0.049850439059634
Allele 224	0.051008649739849
Allele 226	0.050170532880235
Allele 228	0.050028168568800
Allele 230	0.050686047489717
Allele 232	0.051857862050807
Allele 234	0.051156870812825
Allele 236	0.049633107583635
Allele 238	0.050579198691771
Allele 240	0.050652300250604
Allele 242	0.049766051309321
Allele 244	0.049685887392741
Allele 246	0.049561583263089
Allele 248	0.048823490209579
Allele 250	0.050173004082378
Allele 252	0.049925828353211
Allele 254	0.048001414207782
Allele 256	0.048834762545139

Locus 006
Allele 094	0.074059969679713
Allele 096	0.071600116824124
Allele 098	0.071759579381185
Allele 100	0.070219858438103
Allele 102	0.072659080355449
Allele 104	0.076883518256662
Allele 106	0.073327314765491
Allele 108	0.072308968770569
Allele 110	0.073321643351095
Allele 112	0.068530612977999
Allele 114	0.070780056026183
Allele 124	0.067853387379947
Allele 126	0.068438212644970
Allele 149	0.068257681148510

Locus 007
Allele 202	0.061797427390827
Allele 204	0.062459087067540
Allele 206	0.060846148085605
Allele 208	0.063636527616597
Allele 210	0.062514889582884
Allele 212	0.065271612322516
Allele 214	0.063520223454477
Allele 216	0.064009063389824
Allele 218	0.061880723294733
Allele 220	0.063172969445863
Allele 222	0.062925672616605
Allele 224	0.062160601729212
Allele 226	0.062625078326420
Allele 228	0.061548375788218
Allele 233	0.061906628469502
Allele 238	0.059724971419178

Locus 008
Allele 121	0.091346247553294
Allele 123	0.094395797282227
Allele 125	0.093239140401031
Allele 127	0.085291527582607
Allele 129	0.091288814954737
Allele 131	0.091922192807793
Allele 133	0.092567310571108
Allele 135	0.091026036474389
Allele 137	0.092476357991618
Allele 151	0.086818677272356
Allele 161	0.089627897108839

Locus 009
Allele 161	0.081189239339670
Allele 165	0.081643451253800
Allele 167	0.088331412192477
Allele 169	0.084672494235126
Allele 171	0.084515695638099
Allele 173	0.085801989655399
Allele 175	0.083131519007583
Allele 177	0.084447185068034
Allele 179	0.079669293804784
Allele 181	0.082540785941031
Allele 183	0.081185875237079
Allele 185	0.082871058626918

Locus 010
Allele 108	0.049113325921766
Allele 115	0.050914997543373
Allele 121	0.048813497335215
Allele 123	0.048995359821657
Allele 125	0.050861875030238
Allele 127	0.049373211209661
Allele 129	0.050477658263182
Allele 131	0.049070442381368
Allele 133	0.051633523017424
Allele 135	0.050118652282395
Allele 137	0.050820221548459
Allele 139	0.051200511218498
Allele 141	0.050571444046892
Allele 143	0.048935257309244
Allele 145	0.050961647586440
Allele 147	0.051427847566656
Allele 149	0.049362065571808
Allele 152	0.048077779370984
Allele 155	0.049869271829278
Allele 157	0.049401411145463



Estimated Mixing Proportions
0.747225200000000
0.092253133333333
0.037140266666667
0.116998866666667
0.006382533333333



Estimated sigma: 
k: 0	1.000000000000000
k: 1	1.000000000000000
k: 2	1.000000000000000
k: 3	1.000000000000000
k: 4	1.000000000000000



Estimated tau: 
k: 0	10.000000000000000
k: 1	10.000000000000000
k: 2	10.000000000000000
k: 3	10.000000000000000
k: 4	10.000000000000000



