Estimated Clustering Probabilities for Samples
Sample	***Cluster  01***	***Cluster  02***	***Cluster  03***	***Cluster  04***	
000001:	0.009484500000000	0.011469500000000	0.969730500000000	0.009315500000000		1
000002:	0.007812500000000	0.007337500000000	0.977771500000000	0.007078500000000		1
000003:	0.003687000000000	0.003711500000000	0.989209000000000	0.003392500000000		1
000004:	0.013829000000000	0.015447000000000	0.959405500000000	0.011318500000000		1
000005:	0.010243500000000	0.010735000000000	0.969065000000000	0.009956500000000		1
000006:	0.005160500000000	0.005732500000000	0.984766500000000	0.004340500000000		1
000007:	0.085316500000000	0.091396500000000	0.745909000000000	0.077378000000000		1
000008:	0.017367000000000	0.017649000000000	0.950747000000000	0.014237000000000		1
000009:	0.026040000000000	0.025448000000000	0.926699500000000	0.021812500000000		1
000010:	0.024717500000000	0.024186000000000	0.931707000000000	0.019389500000000		1
000011:	0.029947000000000	0.029576500000000	0.912791000000000	0.027685500000000		1
000012:	0.005960000000000	0.007087000000000	0.981704500000000	0.005248500000000		1
000013:	0.013908000000000	0.014045500000000	0.959569500000000	0.012477000000000		1
000014:	0.013755000000000	0.015483500000000	0.957173000000000	0.013588500000000		1
000015:	0.013041500000000	0.013393500000000	0.961304500000000	0.012260500000000		1
000016:	0.003093000000000	0.003068000000000	0.991008500000000	0.002830500000000		1
000017:	0.012155500000000	0.012820500000000	0.964209500000000	0.010814500000000		1
000018:	0.015624000000000	0.015042500000000	0.955480500000000	0.013853000000000		1
000019:	0.060209500000000	0.055751500000000	0.826978000000000	0.057061000000000		1
000020:	0.027116500000000	0.028282000000000	0.917308500000000	0.027293000000000		1
000021:	0.038501000000000	0.044444500000000	0.878922500000000	0.038132000000000		1
000022:	0.079112500000000	0.081712000000000	0.770110000000000	0.069065500000000		1
000023:	0.003784000000000	0.003791000000000	0.989158500000000	0.003266500000000		1
000024:	0.006048000000000	0.006168500000000	0.982031500000000	0.005752000000000		1
000025:	0.008058000000000	0.008776000000000	0.975301500000000	0.007864500000000		1
000026:	0.009312500000000	0.009000500000000	0.972930000000000	0.008757000000000		1
000027:	0.009628500000000	0.009287500000000	0.973589500000000	0.007494500000000		1
000028:	0.004289000000000	0.005071000000000	0.987380000000000	0.003260000000000		1
000029:	0.013064500000000	0.010052000000000	0.967960500000000	0.008923000000000		1
000030:	0.015774000000000	0.015769500000000	0.952194000000000	0.016262500000000		1
000031:	0.005314000000000	0.005978000000000	0.983701000000000	0.005007000000000		1
000032:	0.003453000000000	0.003370000000000	0.989984000000000	0.003193000000000		1
000033:	0.009536000000000	0.010423000000000	0.970192500000000	0.009848500000000		1
000034:	0.005565000000000	0.004961500000000	0.984362500000000	0.005111000000000		1
000035:	0.009177500000000	0.008885000000000	0.974502000000000	0.007435500000000		1
000036:	0.006715500000000	0.007230000000000	0.978332000000000	0.007722500000000		1
000037:	0.007799500000000	0.008352500000000	0.976951500000000	0.006896500000000		1
000038:	0.010058500000000	0.010461500000000	0.969548000000000	0.009932000000000		1
000039:	0.010624000000000	0.009953500000000	0.967478500000000	0.011944000000000		1
000040:	0.004544000000000	0.003764500000000	0.987153000000000	0.004538500000000		1
000041:	0.007232500000000	0.007460000000000	0.977497500000000	0.007810000000000		1
000042:	0.004965500000000	0.004645000000000	0.985352000000000	0.005037500000000		1
000043:	0.007248000000000	0.005690500000000	0.980512500000000	0.006549000000000		1
000044:	0.005174000000000	0.004879500000000	0.985594500000000	0.004352000000000		1
000045:	0.033037000000000	0.035119500000000	0.903192000000000	0.028651500000000		1
000046:	0.012391500000000	0.012693500000000	0.964515500000000	0.010399500000000		1
000047:	0.034890500000000	0.036623500000000	0.896833000000000	0.031653000000000		1
000048:	0.052627000000000	0.057368000000000	0.845098500000000	0.044906500000000		1
000049:	0.058252000000000	0.061923500000000	0.826310500000000	0.053514000000000		1
000050:	0.050513000000000	0.050213500000000	0.857076500000000	0.042197000000000		1
000051:	0.064422500000000	0.063327500000000	0.821022000000000	0.051228000000000		1
000052:	0.015415500000000	0.017380000000000	0.953723500000000	0.013481000000000		1
000053:	0.008968000000000	0.009381500000000	0.973889500000000	0.007761000000000		1
000054:	0.049380000000000	0.048148000000000	0.861844500000000	0.040627500000000		1
000055:	0.017821000000000	0.016921000000000	0.949387500000000	0.015870500000000		1
000056:	0.018146000000000	0.019218500000000	0.945031000000000	0.017604500000000		1
000057:	0.033219500000000	0.036065000000000	0.900926500000000	0.029789000000000		1
000058:	0.011744500000000	0.011438000000000	0.966330000000000	0.010487500000000		1
000059:	0.057100500000000	0.057086000000000	0.836156500000000	0.049657000000000		1
000060:	0.041691000000000	0.043669000000000	0.875615000000000	0.039025000000000		1
000061:	0.015197500000000	0.016121500000000	0.954156500000000	0.014524500000000		1
000062:	0.050604000000000	0.054258500000000	0.848574500000000	0.046563000000000		1
000063:	0.024816500000000	0.024689000000000	0.928002000000000	0.022492500000000		1
000064:	0.090744000000000	0.092442000000000	0.732072500000000	0.084741500000000		1
000065:	0.030063500000000	0.030903500000000	0.912452000000000	0.026581000000000		1
000066:	0.019654500000000	0.019744000000000	0.945618500000000	0.014983000000000		1
000067:	0.004020500000000	0.005040000000000	0.987457500000000	0.003482000000000		1
000068:	0.012737000000000	0.013388000000000	0.961916000000000	0.011959000000000		1
000069:	0.004797000000000	0.005435500000000	0.985613000000000	0.004154500000000		1
000070:	0.008280000000000	0.007792000000000	0.976580500000000	0.007347500000000		1
000071:	0.004102000000000	0.003709000000000	0.988808500000000	0.003380500000000		1
000072:	0.003505000000000	0.003838000000000	0.989131500000000	0.003525500000000		1
000073:	0.004105000000000	0.003967000000000	0.987760500000000	0.004167500000000		1
000074:	0.008827000000000	0.009454500000000	0.973614500000000	0.008104000000000		1
000075:	0.006162500000000	0.006025000000000	0.982089000000000	0.005723500000000		1



Estimated Allele Frequencies
Cluster 01
Locus 001
Allele 092	0.120348159533939
Allele 094	0.115096917696415
Allele 096	0.101563056368591
Allele 098	0.118585053478684
Allele 100	0.114641629838007
Allele 102	0.099446058546340
Allele 104	0.112065231565619
Allele 106	0.125754084506808
Allele 108	0.092499808465596

Locus 002
Allele 118	0.078603315066877
Allele 122	0.078577891566185
Allele 124	0.080227951194550
Allele 126	0.108216631678650
Allele 127	0.080809166060044
Allele 128	0.085190135262401
Allele 130	0.080747459880546
Allele 132	0.086228997404958
Allele 134	0.073507679673464
Allele 135	0.084217813970756
Allele 137	0.086183437641372
Allele 151	0.077489520600194

Locus 003
Allele 130	0.065807953076309
Allele 133	0.067494545285296
Allele 136	0.070160624099649
Allele 138	0.078187109434731
Allele 139	0.074605723370347
Allele 141	0.074303061289033
Allele 143	0.063357891147410
Allele 145	0.075807191079909
Allele 146	0.071555858056407
Allele 147	0.070244538642913
Allele 148	0.077671506267764
Allele 150	0.069012326675514
Allele 152	0.076545598955466
Allele 156	0.065246072619253

Locus 004
Allele 093	0.056737535314122
Allele 095	0.057799891731189
Allele 096	0.053205306935777
Allele 097	0.060044890978695
Allele 099	0.062048618416950
Allele 100	0.059797763200672
Allele 101	0.068603199440204
Allele 103	0.074481635271829
Allele 105	0.054457916038244
Allele 107	0.056760403732749
Allele 109	0.055200197609229
Allele 110	0.054845701861749
Allele 113	0.062630944459592
Allele 121	0.058123635857655
Allele 123	0.053678187771220
Allele 125	0.055736860729891
Allele 131	0.055847310650231

Locus 005
Allele 218	0.045340118264832
Allele 220	0.050575397015582
Allele 222	0.052256770259759
Allele 224	0.051709313035286
Allele 226	0.052054033031417
Allele 228	0.050678596043657
Allele 230	0.052991555424662
Allele 232	0.051538838943430
Allele 234	0.055697732375529
Allele 236	0.053662167673611
Allele 238	0.051802997641144
Allele 240	0.049823091327217
Allele 242	0.046613032312157
Allele 244	0.047484069567433
Allele 246	0.049295338406524
Allele 248	0.048243619053780
Allele 250	0.050989460964767
Allele 252	0.048045438370014
Allele 254	0.045370694157507
Allele 256	0.045827736131693

Locus 006
Allele 094	0.072495895672363
Allele 096	0.069981345061321
Allele 098	0.073079814996969
Allele 100	0.063043156299719
Allele 102	0.072259136895436
Allele 104	0.086873952959887
Allele 106	0.075608011961793
Allele 108	0.068646651831777
Allele 110	0.081098556857471
Allele 112	0.075276162045567
Allele 114	0.064248567329374
Allele 124	0.068598482152342
Allele 126	0.065595169771014
Allele 149	0.063195096164969

Locus 007
Allele 202	0.060156203157687
Allele 204	0.057832779513051
Allele 206	0.056074494410895
Allele 208	0.068009629631705
Allele 210	0.065353549255656
Allele 212	0.061941273365330
Allele 214	0.064285629824115
Allele 216	0.061695968145295
Allele 218	0.060329102020193
Allele 220	0.061835930862584
Allele 222	0.071721550095323
Allele 224	0.061985081984513
Allele 226	0.068339355106396
Allele 228	0.059687038268158
Allele 233	0.059974433958809
Allele 238	0.060777980400292

Locus 008
Allele 121	0.090227428515903
Allele 123	0.107025248354389
Allele 125	0.085133813679660
Allele 127	0.078083016203828
Allele 129	0.088570415632402
Allele 131	0.088707358291542
Allele 133	0.099213207757790
Allele 135	0.087027811555105
Allele 137	0.115279210992764
Allele 151	0.078962962372603
Allele 161	0.081769526644015

Locus 009
Allele 161	0.074753641856838
Allele 165	0.075860927795639
Allele 167	0.090682571809457
Allele 169	0.082666340052379
Allele 171	0.090067585913332
Allele 173	0.095801808215100
Allele 175	0.082957678324819
Allele 177	0.081507813111607
Allele 179	0.076573293935820
Allele 181	0.082872421123025
Allele 183	0.085736965933557
Allele 185	0.080518951928425

Locus 010
Allele 108	0.048742213643949
Allele 115	0.048406219846817
Allele 121	0.047679452412089
Allele 123	0.052649837597027
Allele 125	0.049669623776875
Allele 127	0.048114969676128
Allele 129	0.050977574840738
Allele 131	0.048681695845139
Allele 133	0.051803005195059
Allele 135	0.048617291827094
Allele 137	0.054802757326573
Allele 139	0.055492656195461
Allele 141	0.050793022318254
Allele 143	0.046808764465385
Allele 145	0.046295372969033
Allele 147	0.053632805614574
Allele 149	0.049937649213396
Allele 152	0.049925717073662
Allele 155	0.047266850320191
Allele 157	0.049702519842556


Cluster 02
Locus 001
Allele 092	0.120509686984814
Allele 094	0.115076358881358
Allele 096	0.100792122273995
Allele 098	0.117321133541194
Allele 100	0.116273716324223
Allele 102	0.099416301054822
Allele 104	0.112128445075619
Allele 106	0.125850158809866
Allele 108	0.092632077054110

Locus 002
Allele 118	0.077994444549856
Allele 122	0.078403197820937
Allele 124	0.080570065574037
Allele 126	0.108227659897506
Allele 127	0.080663595915714
Allele 128	0.085257372621446
Allele 130	0.080804663920445
Allele 132	0.086375223258954
Allele 134	0.074153141587499
Allele 135	0.084273211358193
Allele 137	0.085727835877805
Allele 151	0.077549587617606

Locus 003
Allele 130	0.065566718192204
Allele 133	0.067426484262115
Allele 136	0.070480070394367
Allele 138	0.078841627642835
Allele 139	0.073337307168182
Allele 141	0.075927015296084
Allele 143	0.062896895295168
Allele 145	0.076127104811700
Allele 146	0.071044183740021
Allele 147	0.070573977874131
Allele 148	0.077281620640342
Allele 150	0.069026886335713
Allele 152	0.076363932849350
Allele 156	0.065106175497792

Locus 004
Allele 093	0.056631746911860
Allele 095	0.057812138479579
Allele 096	0.053488339687553
Allele 097	0.059909411196704
Allele 099	0.061888016914214
Allele 100	0.059942441209504
Allele 101	0.069191348602027
Allele 103	0.074064867935577
Allele 105	0.054703035885390
Allele 107	0.056453542969500
Allele 109	0.054722337151400
Allele 110	0.054702963425292
Allele 113	0.062135316519749
Allele 121	0.057996700169329
Allele 123	0.053714094700584
Allele 125	0.056165940835025
Allele 131	0.056477757406713

Locus 005
Allele 218	0.045620051800044
Allele 220	0.050513245631889
Allele 222	0.052622693394307
Allele 224	0.052123007124071
Allele 226	0.051457575521799
Allele 228	0.050558999029510
Allele 230	0.053651413325013
Allele 232	0.051684265120793
Allele 234	0.055682230541198
Allele 236	0.053923886720567
Allele 238	0.051320728678385
Allele 240	0.049585160141180
Allele 242	0.046545772894613
Allele 244	0.047424393864252
Allele 246	0.049480165285168
Allele 248	0.048122101282845
Allele 250	0.051107474715718
Allele 252	0.047656197998264
Allele 254	0.045080137612542
Allele 256	0.045840499317839

Locus 006
Allele 094	0.071754189101534
Allele 096	0.070262632416583
Allele 098	0.072936565506474
Allele 100	0.062990768193458
Allele 102	0.072280673331026
Allele 104	0.086450626046252
Allele 106	0.076052202664673
Allele 108	0.068667386580891
Allele 110	0.081190346204176
Allele 112	0.074376458972098
Allele 114	0.064603258665575
Allele 124	0.069513211523939
Allele 126	0.065790719043831
Allele 149	0.063130961749492

Locus 007
Allele 202	0.059317057724500
Allele 204	0.057853155773691
Allele 206	0.056072692837797
Allele 208	0.068337183367420
Allele 210	0.065670699115459
Allele 212	0.061967190640754
Allele 214	0.063933397194866
Allele 216	0.061602464363939
Allele 218	0.060611105370916
Allele 220	0.061443639955184
Allele 222	0.071378979659911
Allele 224	0.062452176749830
Allele 226	0.068390421540886
Allele 228	0.059680473477682
Allele 233	0.060296282093720
Allele 238	0.060993080133444

Locus 008
Allele 121	0.091261567306131
Allele 123	0.108549335620927
Allele 125	0.085949051391534
Allele 127	0.077411637010798
Allele 129	0.088729442626363
Allele 131	0.087751689989897
Allele 133	0.098863858166100
Allele 135	0.086732956561844
Allele 137	0.114166753285426
Allele 151	0.078760803708229
Allele 161	0.081822904332750

Locus 009
Allele 161	0.074874372308683
Allele 165	0.075040647883863
Allele 167	0.089978233267756
Allele 169	0.081704437305931
Allele 171	0.090008025326341
Allele 173	0.096216627497460
Allele 175	0.083391604402699
Allele 177	0.081656439806058
Allele 179	0.076564428925387
Allele 181	0.083718627190219
Allele 183	0.085776024167671
Allele 185	0.081070531917928

Locus 010
Allele 108	0.048426938410221
Allele 115	0.049007555941891
Allele 121	0.047766850595433
Allele 123	0.052903638834251
Allele 125	0.049571458365586
Allele 127	0.048183761284604
Allele 129	0.050785809616898
Allele 131	0.049037131617855
Allele 133	0.052324693045602
Allele 135	0.048893289404498
Allele 137	0.055057191265799
Allele 139	0.054321852507284
Allele 141	0.050985102715715
Allele 143	0.046559975422973
Allele 145	0.046012811463860
Allele 147	0.054028339113176
Allele 149	0.049826902888649
Allele 152	0.049312341052352
Allele 155	0.047674994520758
Allele 157	0.049319361932594


Cluster 03
Locus 001
Allele 092	0.037806929541897
Allele 094	0.397563436928490
Allele 096	0.063921542352453
Allele 098	0.201113459430041
Allele 100	0.086421394711884
Allele 102	0.091298200845328
Allele 104	0.073988124679203
Allele 106	0.028964511150029
Allele 108	0.018922400360672

Locus 002
Allele 118	0.016705823355876
Allele 122	0.029638041761061
Allele 124	0.211883517164902
Allele 126	0.122911183341104
Allele 127	0.009294214978836
Allele 128	0.098580294633360
Allele 130	0.074648581466706
Allele 132	0.236151055946708
Allele 134	0.011567404915534
Allele 135	0.105836008977764
Allele 137	0.072544082802004
Allele 151	0.010239790656146

Locus 003
Allele 130	0.023925006634948
Allele 133	0.010367425576889
Allele 136	0.131845143941260
Allele 138	0.102722441158857
Allele 139	0.136822111730458
Allele 141	0.033341444674427
Allele 143	0.012051900368863
Allele 145	0.084400978036359
Allele 146	0.112091781138493
Allele 147	0.009257142807583
Allele 148	0.147998919334311
Allele 150	0.080685670167507
Allele 152	0.096857787688500
Allele 156	0.017632246741546

Locus 004
Allele 093	0.048486410267212
Allele 095	0.073016454835454
Allele 096	0.011833627008754
Allele 097	0.186226610979691
Allele 099	0.052039160546095
Allele 100	0.084852630855552
Allele 101	0.149712394207813
Allele 103	0.134571442583419
Allele 105	0.049134209695577
Allele 107	0.092776223374755
Allele 109	0.023781499412429
Allele 110	0.023737758027893
Allele 113	0.014436695281302
Allele 121	0.016092303723246
Allele 123	0.018017298341983
Allele 125	0.010639291976611
Allele 131	0.010645988882211

Locus 005
Allele 218	0.011784719959860
Allele 220	0.096383727798384
Allele 222	0.132661117251069
Allele 224	0.132488813584022
Allele 226	0.095771015411892
Allele 228	0.046391764733087
Allele 230	0.045242751119125
Allele 232	0.064733413006058
Allele 234	0.068807337530692
Allele 236	0.057387269402447
Allele 238	0.077091983349375
Allele 240	0.040940100888876
Allele 242	0.036204731036743
Allele 244	0.010872216308193
Allele 246	0.016437089826204
Allele 248	0.010584345817709
Allele 250	0.015415356982923
Allele 252	0.017118905173163
Allele 254	0.012037619570554
Allele 256	0.011645721249624

Locus 006
Allele 094	0.106669969988650
Allele 096	0.172448681403658
Allele 098	0.040905015544941
Allele 100	0.012448630172597
Allele 102	0.099998718580186
Allele 104	0.236971068837525
Allele 106	0.144063949521615
Allele 108	0.068790567948608
Allele 110	0.050736039120612
Allele 112	0.021120137512625
Allele 114	0.011978555896446
Allele 124	0.010189907474135
Allele 126	0.011415732936926
Allele 149	0.012263025061472

Locus 007
Allele 202	0.010562879582142
Allele 204	0.024605970839522
Allele 206	0.012168563342419
Allele 208	0.137414136003733
Allele 210	0.040642019764368
Allele 212	0.186309420652105
Allele 214	0.106692812321659
Allele 216	0.114566430057333
Allele 218	0.062457476886016
Allele 220	0.055506659453893
Allele 222	0.057605668260412
Allele 224	0.113974251441943
Allele 226	0.039331483610596
Allele 228	0.017344204736615
Allele 233	0.010416992314342
Allele 238	0.010401030732911

Locus 008
Allele 121	0.086135397728632
Allele 123	0.078947315873770
Allele 125	0.057546118864494
Allele 127	0.014548642606777
Allele 129	0.056440249355703
Allele 131	0.270769112292282
Allele 133	0.151648821396296
Allele 135	0.187372166044072
Allele 137	0.069070571101086
Allele 151	0.014283456200753
Allele 161	0.013238148536132

Locus 009
Allele 161	0.014878380276653
Allele 165	0.030453875932472
Allele 167	0.056343710425963
Allele 169	0.099505206394834
Allele 171	0.280692956330958
Allele 173	0.189823253426758
Allele 175	0.107398242254077
Allele 177	0.107888231034350
Allele 179	0.014232857942215
Allele 181	0.043571111521969
Allele 183	0.026516792594167
Allele 185	0.028695381865582

Locus 010
Allele 108	0.029255572231242
Allele 115	0.010341748834056
Allele 121	0.010791706009049
Allele 123	0.046184038924676
Allele 125	0.098027689734082
Allele 127	0.073762141122910
Allele 129	0.084883023285035
Allele 131	0.092348969295175
Allele 133	0.165994585402888
Allele 135	0.104760856733180
Allele 137	0.082744760364500
Allele 139	0.025907083772634
Allele 141	0.040820640679924
Allele 143	0.011312896336803
Allele 145	0.030501729435594
Allele 147	0.020453000155464
Allele 149	0.028458806413033
Allele 152	0.016270416140961
Allele 155	0.010894484744472
Allele 157	0.016285850384325


Cluster 04
Locus 001
Allele 092	0.119959280297570
Allele 094	0.113852782453893
Allele 096	0.102111930411213
Allele 098	0.115541707695551
Allele 100	0.114887523890691
Allele 102	0.101709652041763
Allele 104	0.112851009927381
Allele 106	0.124012984317642
Allele 108	0.095073128964299

Locus 002
Allele 118	0.078379451273933
Allele 122	0.078820770166428
Allele 124	0.080704194478686
Allele 126	0.104786852969717
Allele 127	0.081409833843237
Allele 128	0.085529835759125
Allele 130	0.081121426448060
Allele 132	0.085579882846798
Allele 134	0.075086380448856
Allele 135	0.083673198998745
Allele 137	0.086578801178397
Allele 151	0.078329371588016

Locus 003
Allele 130	0.066264668503082
Allele 133	0.067930580998581
Allele 136	0.070139244548546
Allele 138	0.077692575696012
Allele 139	0.073332392058900
Allele 141	0.075134130494241
Allele 143	0.063909273635648
Allele 145	0.075198752656109
Allele 146	0.071406140483462
Allele 147	0.071647220039548
Allele 148	0.077070246696291
Allele 150	0.069189944244594
Allele 152	0.075184292038583
Allele 156	0.065900537906405

Locus 004
Allele 093	0.056109424609680
Allele 095	0.057874548903962
Allele 096	0.053604185181446
Allele 097	0.059487768790773
Allele 099	0.061979083039545
Allele 100	0.059787137138718
Allele 101	0.068721312888911
Allele 103	0.072688221612873
Allele 105	0.055339167751014
Allele 107	0.056552033237394
Allele 109	0.055859581553484
Allele 110	0.055288503244589
Allele 113	0.061516216027719
Allele 121	0.057755632141905
Allele 123	0.054301855136657
Allele 125	0.056558948443508
Allele 131	0.056576380297818

Locus 005
Allele 218	0.045960322575970
Allele 220	0.050428781375968
Allele 222	0.051940807683526
Allele 224	0.051812694490059
Allele 226	0.051637973989270
Allele 228	0.050688073494883
Allele 230	0.053131098431451
Allele 232	0.051523305413187
Allele 234	0.055370282388247
Allele 236	0.053127135998949
Allele 238	0.051784990488265
Allele 240	0.049341104683315
Allele 242	0.046886809890612
Allele 244	0.048140081097193
Allele 246	0.048828650065343
Allele 248	0.048544796038450
Allele 250	0.050863682915517
Allele 252	0.047493413224509
Allele 254	0.045896913047071
Allele 256	0.046599082708214

Locus 006
Allele 094	0.072376371482719
Allele 096	0.070310968109772
Allele 098	0.072979226955527
Allele 100	0.064130841471334
Allele 102	0.072313669628767
Allele 104	0.085160315040322
Allele 106	0.075758034235092
Allele 108	0.068242723586501
Allele 110	0.080384932339363
Allele 112	0.074023158591011
Allele 114	0.064584917561453
Allele 124	0.068898425382317
Allele 126	0.066628646341872
Allele 149	0.064207769273952

Locus 007
Allele 202	0.060330118388856
Allele 204	0.057743673882000
Allele 206	0.056715644774980
Allele 208	0.067800119163965
Allele 210	0.065163834138077
Allele 212	0.062046771312778
Allele 214	0.063598330717481
Allele 216	0.061515123855721
Allele 218	0.060964183939777
Allele 220	0.062411454710311
Allele 222	0.070510702819256
Allele 224	0.062902910904273
Allele 226	0.067874105286697
Allele 228	0.059650025373617
Allele 233	0.060365239610375
Allele 238	0.060407761121840

Locus 008
Allele 121	0.090475805265453
Allele 123	0.106725629937390
Allele 125	0.086917595337722
Allele 127	0.078975235594075
Allele 129	0.089448628000581
Allele 131	0.089098595791940
Allele 133	0.096751196081170
Allele 135	0.087646356505163
Allele 137	0.111008332212878
Allele 151	0.080469672886988
Allele 161	0.082482952386643

Locus 009
Allele 161	0.075473889225538
Allele 165	0.076261095510394
Allele 167	0.089688159449721
Allele 169	0.082348471288919
Allele 171	0.089651398671016
Allele 173	0.094727861882558
Allele 175	0.083226986669194
Allele 177	0.082263908759418
Allele 179	0.077089841538919
Allele 181	0.082777156429577
Allele 183	0.084653367140818
Allele 185	0.081837863433931

Locus 010
Allele 108	0.049243222168591
Allele 115	0.049030541849594
Allele 121	0.047776234328698
Allele 123	0.052109566031171
Allele 125	0.049573137904617
Allele 127	0.048156132581210
Allele 129	0.050770776110117
Allele 131	0.048723640726390
Allele 133	0.051744501374877
Allele 135	0.049003839186992
Allele 137	0.054054366961577
Allele 139	0.054808388280640
Allele 141	0.050782015364518
Allele 143	0.046754036420117
Allele 145	0.046682117593890
Allele 147	0.053244610427534
Allele 149	0.050662867983400
Allele 152	0.049449520396172
Allele 155	0.048113294277791
Allele 157	0.049317190032105



Estimated Mixing Proportions
0.020409100000000
0.020948980000000
0.940321020000000
0.018320900000000



Estimated sigma: 
k: 0	1.000000000000000
k: 1	1.000000000000000
k: 2	1.000000000000000
k: 3	1.000000000000000



Estimated psi: 
k: 0	0.599999999999828
k: 1	0.599999999999828
k: 2	0.599999999999828
k: 3	0.599999999999828



