Estimated Clustering Probabilities for Samples
Sample	***Cluster  01***	***Cluster  02***	***Cluster  03***	***Cluster  04***	***Cluster  05***	***Cluster  06***	
000001:	0.006543000000000	0.007226000000000	0.006819500000000	0.966442000000000	0.005917500000000	0.007052000000000		1
000002:	0.006603500000000	0.007063500000000	0.006108000000000	0.969008000000000	0.005485000000000	0.005732000000000		1
000003:	0.003512000000000	0.003387500000000	0.003272500000000	0.983788500000000	0.002945000000000	0.003094500000000		1
000004:	0.010055000000000	0.010376000000000	0.008909000000000	0.952022500000000	0.009033500000000	0.009604000000000		1
000005:	0.008434000000000	0.008597500000000	0.006935000000000	0.959134000000000	0.007708500000000	0.009191000000000		1
000006:	0.003693000000000	0.003666500000000	0.003346500000000	0.982359500000000	0.003213000000000	0.003721500000000		1
000007:	0.040918000000000	0.049813000000000	0.039793500000000	0.772482000000000	0.042035000000000	0.054958500000000		1
000008:	0.011631500000000	0.011901000000000	0.010256000000000	0.941455000000000	0.011895000000000	0.012861500000000		1
000009:	0.018413000000000	0.017709000000000	0.016856500000000	0.909137000000000	0.018804000000000	0.019080500000000		1
000010:	0.016087000000000	0.018104500000000	0.012892500000000	0.922269000000000	0.015311500000000	0.015335500000000		1
000011:	0.017414000000000	0.019873000000000	0.013881000000000	0.911722500000000	0.017112500000000	0.019997000000000		1
000012:	0.004821500000000	0.005679000000000	0.003934500000000	0.976440500000000	0.004307500000000	0.004817000000000		1
000013:	0.010965500000000	0.012189000000000	0.008499000000000	0.948094500000000	0.009471000000000	0.010781000000000		1
000014:	0.010577500000000	0.012138000000000	0.008204000000000	0.950222000000000	0.009530500000000	0.009328000000000		1
000015:	0.010045500000000	0.010718000000000	0.008618000000000	0.952396500000000	0.008674500000000	0.009547500000000		1
000016:	0.002822500000000	0.002799000000000	0.002492000000000	0.987069500000000	0.002249000000000	0.002568000000000		1
000017:	0.009793000000000	0.011067500000000	0.009259500000000	0.952210000000000	0.008254500000000	0.009415500000000		1
000018:	0.011446000000000	0.013371000000000	0.010408500000000	0.942922500000000	0.010420000000000	0.011432000000000		1
000019:	0.035823500000000	0.044947500000000	0.030766000000000	0.816210000000000	0.035453000000000	0.036800000000000		1
000020:	0.019833000000000	0.025558500000000	0.016908500000000	0.897901000000000	0.019317000000000	0.020482000000000		1
000021:	0.024736000000000	0.030980500000000	0.020347500000000	0.881263000000000	0.020873000000000	0.021800000000000		1
000022:	0.038454500000000	0.048034500000000	0.033553500000000	0.799984500000000	0.034542500000000	0.045430500000000		1
000023:	0.003262500000000	0.004115500000000	0.003050000000000	0.983590000000000	0.002790500000000	0.003191500000000		1
000024:	0.005422000000000	0.007330000000000	0.004731500000000	0.972567000000000	0.004922000000000	0.005027500000000		1
000025:	0.007587500000000	0.009267500000000	0.007042500000000	0.962239000000000	0.006413500000000	0.007450000000000		1
000026:	0.007683500000000	0.009249000000000	0.007050500000000	0.962763500000000	0.006288000000000	0.006965500000000		1
000027:	0.008058500000000	0.009003500000000	0.007568000000000	0.961167500000000	0.006735000000000	0.007467500000000		1
000028:	0.003144500000000	0.003499500000000	0.003099500000000	0.984749500000000	0.002534000000000	0.002973000000000		1
000029:	0.010958000000000	0.011420500000000	0.010779000000000	0.948759500000000	0.009021000000000	0.009062000000000		1
000030:	0.017456000000000	0.014487500000000	0.015563500000000	0.930072500000000	0.011125000000000	0.011295500000000		1
000031:	0.005343000000000	0.005555500000000	0.005220000000000	0.975415500000000	0.004149500000000	0.004316500000000		1
000032:	0.004071500000000	0.003792500000000	0.003263000000000	0.982877500000000	0.002863000000000	0.003132500000000		1
000033:	0.009124000000000	0.008764500000000	0.008467500000000	0.959053500000000	0.007242500000000	0.007348000000000		1
000034:	0.005413500000000	0.004553500000000	0.005014500000000	0.977476000000000	0.003723500000000	0.003819000000000		1
000035:	0.007112500000000	0.007587500000000	0.006906000000000	0.966915000000000	0.005278000000000	0.006201000000000		1
000036:	0.006005500000000	0.006802500000000	0.005732500000000	0.970758000000000	0.004621000000000	0.006080500000000		1
000037:	0.006764500000000	0.006709500000000	0.005908000000000	0.969359000000000	0.005298500000000	0.005960500000000		1
000038:	0.009416000000000	0.008303000000000	0.008703000000000	0.957228500000000	0.008010000000000	0.008339500000000		1
000039:	0.014808500000000	0.010089000000000	0.013486500000000	0.942997500000000	0.007991000000000	0.010627500000000		1
000040:	0.006199000000000	0.004095500000000	0.004902500000000	0.977364500000000	0.003721500000000	0.003717000000000		1
000041:	0.007845000000000	0.006821500000000	0.008777500000000	0.964122000000000	0.005933000000000	0.006501000000000		1
000042:	0.004544000000000	0.004521000000000	0.004448000000000	0.978780500000000	0.003794500000000	0.003912000000000		1
000043:	0.006461500000000	0.006003500000000	0.006079000000000	0.971006000000000	0.005067500000000	0.005382500000000		1
000044:	0.004885000000000	0.004545500000000	0.004239000000000	0.978587000000000	0.003947500000000	0.003796000000000		1
000045:	0.021747000000000	0.024365000000000	0.019157500000000	0.887183500000000	0.022750500000000	0.024796500000000		1
000046:	0.008222500000000	0.010169000000000	0.007152000000000	0.955752000000000	0.009363000000000	0.009341500000000		1
000047:	0.023259000000000	0.024152000000000	0.019112500000000	0.881516000000000	0.027285000000000	0.024675500000000		1
000048:	0.034432500000000	0.035304000000000	0.031717500000000	0.817820000000000	0.041683000000000	0.039043000000000		1
000049:	0.031734000000000	0.036766000000000	0.029289500000000	0.826582000000000	0.034957000000000	0.040671500000000		1
000050:	0.030095500000000	0.031464500000000	0.027878500000000	0.845188500000000	0.031152500000000	0.034220500000000		1
000051:	0.041383000000000	0.040518000000000	0.036906500000000	0.792570500000000	0.041652500000000	0.046969500000000		1
000052:	0.010838000000000	0.011229500000000	0.010113500000000	0.943729500000000	0.011419000000000	0.012670500000000		1
000053:	0.005613000000000	0.007071500000000	0.004776500000000	0.969967000000000	0.006013000000000	0.006559000000000		1
000054:	0.030142500000000	0.031793500000000	0.025872500000000	0.844396500000000	0.033627000000000	0.034168000000000		1
000055:	0.011609500000000	0.014310500000000	0.010220000000000	0.938636000000000	0.012249500000000	0.012974500000000		1
000056:	0.012841000000000	0.013373000000000	0.010197500000000	0.936864500000000	0.013035000000000	0.013689000000000		1
000057:	0.021749000000000	0.023668500000000	0.017442500000000	0.891945500000000	0.022451500000000	0.022743000000000		1
000058:	0.008571000000000	0.010282500000000	0.006832000000000	0.955014000000000	0.009623000000000	0.009677500000000		1
000059:	0.032483000000000	0.035114500000000	0.026309500000000	0.838601000000000	0.034452000000000	0.033040000000000		1
000060:	0.026753000000000	0.031871500000000	0.020796000000000	0.866391500000000	0.024982500000000	0.029205500000000		1
000061:	0.011888000000000	0.013500000000000	0.010406000000000	0.939604500000000	0.012385000000000	0.012216500000000		1
000062:	0.034409500000000	0.038173500000000	0.029304500000000	0.826977500000000	0.034107500000000	0.037027500000000		1
000063:	0.017495500000000	0.021445500000000	0.013887000000000	0.911993500000000	0.017552500000000	0.017626000000000		1
000064:	0.051690000000000	0.054641500000000	0.042915000000000	0.736730000000000	0.058085000000000	0.055938500000000		1
000065:	0.020166000000000	0.024855000000000	0.017141000000000	0.902738500000000	0.016425000000000	0.018674500000000		1
000066:	0.011377500000000	0.015215500000000	0.012301500000000	0.941523500000000	0.009282500000000	0.010299500000000		1
000067:	0.004597000000000	0.005092500000000	0.004159000000000	0.979204000000000	0.003581000000000	0.003366500000000		1
000068:	0.011991500000000	0.013980500000000	0.011710000000000	0.944015000000000	0.009178500000000	0.009124500000000		1
000069:	0.005035000000000	0.005059500000000	0.005126500000000	0.977271500000000	0.003739000000000	0.003768500000000		1
000070:	0.008116500000000	0.009302000000000	0.008082000000000	0.962237000000000	0.006123000000000	0.006139500000000		1
000071:	0.003948000000000	0.004386000000000	0.003670500000000	0.981770000000000	0.002936000000000	0.003289500000000		1
000072:	0.003979000000000	0.003832500000000	0.003405000000000	0.982907500000000	0.002811000000000	0.003065000000000		1
000073:	0.005246000000000	0.004078000000000	0.004071500000000	0.979944000000000	0.003278500000000	0.003382000000000		1
000074:	0.009929500000000	0.008889000000000	0.009711000000000	0.957646500000000	0.006859000000000	0.006965000000000		1
000075:	0.007282500000000	0.006730000000000	0.006523000000000	0.969196500000000	0.005151000000000	0.005117000000000		1



Estimated Allele Frequencies
Cluster 01
Locus 001
Allele 092	0.116385019530884
Allele 094	0.113888066347871
Allele 096	0.106177441726139
Allele 098	0.116812181106730
Allele 100	0.113670684620799
Allele 102	0.105925778125163
Allele 104	0.110987933234489
Allele 106	0.117360033867082
Allele 108	0.098792861440842

Locus 002
Allele 118	0.080210309341411
Allele 122	0.080691417238511
Allele 124	0.083147270636887
Allele 126	0.095568845369813
Allele 127	0.080214121416085
Allele 128	0.085630584384119
Allele 130	0.082083273610159
Allele 132	0.086253126797095
Allele 134	0.077151585485655
Allele 135	0.084134001818507
Allele 137	0.085853009831307
Allele 151	0.079062454070452

Locus 003
Allele 130	0.068588157554422
Allele 133	0.068528259981785
Allele 136	0.071150882996740
Allele 138	0.075214924198982
Allele 139	0.072988482341209
Allele 141	0.073972212623051
Allele 143	0.066082541178224
Allele 145	0.073008786021409
Allele 146	0.071715999822793
Allele 147	0.070284354369150
Allele 148	0.076072894420329
Allele 150	0.070818366268036
Allele 152	0.073804494020674
Allele 156	0.067769644203197

Locus 004
Allele 093	0.057716414563395
Allele 095	0.058845412762769
Allele 096	0.054984940514453
Allele 097	0.059690768406811
Allele 099	0.060938899538981
Allele 100	0.059841512367035
Allele 101	0.064356381683832
Allele 103	0.065321167460258
Allele 105	0.056956394551518
Allele 107	0.057490454000977
Allele 109	0.057395359164721
Allele 110	0.056776789387537
Allele 113	0.061298938417227
Allele 121	0.058398903973717
Allele 123	0.056112986483827
Allele 125	0.056921428407807
Allele 131	0.056953248315136

Locus 005
Allele 218	0.047424244895629
Allele 220	0.050106218741022
Allele 222	0.051806800395715
Allele 224	0.051208083188896
Allele 226	0.051692043710198
Allele 228	0.050371494957074
Allele 230	0.051719264519499
Allele 232	0.051062511978516
Allele 234	0.053203053151870
Allele 236	0.051785209038622
Allele 238	0.051044150223314
Allele 240	0.050013420720214
Allele 242	0.048234681288446
Allele 244	0.048633048856799
Allele 246	0.049334185023431
Allele 248	0.048447431230728
Allele 250	0.050499112597373
Allele 252	0.048682750658257
Allele 254	0.047042126632208
Allele 256	0.047690168192184

Locus 006
Allele 094	0.072405767803654
Allele 096	0.071525370815303
Allele 098	0.072930330525634
Allele 100	0.066294006644925
Allele 102	0.073285896937830
Allele 104	0.079160165721076
Allele 106	0.075147031919499
Allele 108	0.070454805150069
Allele 110	0.076309021703079
Allele 112	0.073433320874865
Allele 114	0.066651535562405
Allele 124	0.069046706324316
Allele 126	0.067665994355747
Allele 149	0.065690045661597

Locus 007
Allele 202	0.060408912079897
Allele 204	0.059505403279329
Allele 206	0.058453584864575
Allele 208	0.065895061247044
Allele 210	0.065104529488928
Allele 212	0.062518629666825
Allele 214	0.064125964047969
Allele 216	0.062020819369386
Allele 218	0.061853069692155
Allele 220	0.062584951525544
Allele 222	0.067827174567345
Allele 224	0.062276815632777
Allele 226	0.064924568355239
Allele 228	0.061027411842912
Allele 233	0.060338235223053
Allele 238	0.061134869117024

Locus 008
Allele 121	0.090951171583684
Allele 123	0.098356022595583
Allele 125	0.088337905309305
Allele 127	0.081862697362953
Allele 129	0.090298063121881
Allele 131	0.090391958820268
Allele 133	0.095286086127961
Allele 135	0.090159195287677
Allele 137	0.105528376205006
Allele 151	0.084101015368506
Allele 161	0.084727508217171

Locus 009
Allele 161	0.077479480677158
Allele 165	0.078144893930522
Allele 167	0.087416183477648
Allele 169	0.083160919131789
Allele 171	0.087135178964978
Allele 173	0.090527356010716
Allele 175	0.083832075805793
Allele 177	0.082389308325921
Allele 179	0.078410822802911
Allele 181	0.083789913190411
Allele 183	0.084717168048571
Allele 185	0.082996699633580

Locus 010
Allele 108	0.049630109506005
Allele 115	0.049108914828748
Allele 121	0.048424482287555
Allele 123	0.051343933219396
Allele 125	0.049895771216644
Allele 127	0.049101927340776
Allele 129	0.050369573570172
Allele 131	0.049761712343351
Allele 133	0.050871478993245
Allele 135	0.049263994886366
Allele 137	0.052421760895011
Allele 139	0.053419092365028
Allele 141	0.050956257298659
Allele 143	0.047544857115130
Allele 145	0.047946349192507
Allele 147	0.051232856088508
Allele 149	0.050214943475725
Allele 152	0.050096890844637
Allele 155	0.048288674210930
Allele 157	0.050106420321608


Cluster 02
Locus 001
Allele 092	0.116398250965795
Allele 094	0.113070714959788
Allele 096	0.105685632200454
Allele 098	0.117742580995792
Allele 100	0.113759448371314
Allele 102	0.104247149691904
Allele 104	0.112320322869671
Allele 106	0.118298870616946
Allele 108	0.098477029328339

Locus 002
Allele 118	0.079814941728369
Allele 122	0.080206618939597
Allele 124	0.082224996162816
Allele 126	0.098233713762768
Allele 127	0.079818902924657
Allele 128	0.086313285623418
Allele 130	0.082125557944295
Allele 132	0.085139143617488
Allele 134	0.076629329578392
Allele 135	0.084352699799046
Allele 137	0.086698641344095
Allele 151	0.078442168575060

Locus 003
Allele 130	0.068541323684105
Allele 133	0.067704903169217
Allele 136	0.071024609882168
Allele 138	0.075744053802160
Allele 139	0.073305181424317
Allele 141	0.075107533437258
Allele 143	0.065395406309829
Allele 145	0.073641869510751
Allele 146	0.071432552753221
Allele 147	0.069472243068709
Allele 148	0.076327194283625
Allele 150	0.070650180641526
Allele 152	0.074067086732855
Allele 156	0.067585861300262

Locus 004
Allele 093	0.057772127383021
Allele 095	0.059243103023988
Allele 096	0.054653176942113
Allele 097	0.059431919024042
Allele 099	0.061864387741947
Allele 100	0.059437933579512
Allele 101	0.065123213041816
Allele 103	0.067337328748133
Allele 105	0.056134444767135
Allele 107	0.057663292343539
Allele 109	0.056859637614225
Allele 110	0.056443022598303
Allele 113	0.061144253326315
Allele 121	0.058285478394449
Allele 123	0.055675848522858
Allele 125	0.056524829200451
Allele 131	0.056406003748152

Locus 005
Allele 218	0.046990120358780
Allele 220	0.049893119894901
Allele 222	0.051587473069395
Allele 224	0.051597640131757
Allele 226	0.051108422209106
Allele 228	0.050980418437923
Allele 230	0.052303287787622
Allele 232	0.051410338251264
Allele 234	0.054024196070755
Allele 236	0.052194922622063
Allele 238	0.050557027617968
Allele 240	0.050199638958661
Allele 242	0.047857863749285
Allele 244	0.048578899408415
Allele 246	0.049195735706599
Allele 248	0.048713289679039
Allele 250	0.050455227230293
Allele 252	0.048447361030123
Allele 254	0.046673294381859
Allele 256	0.047231723404187

Locus 006
Allele 094	0.072656569849558
Allele 096	0.070986701525798
Allele 098	0.072990974828110
Allele 100	0.065512440235631
Allele 102	0.072294484951065
Allele 104	0.080858861448795
Allele 106	0.074586888054277
Allele 108	0.070465327060694
Allele 110	0.077874624261829
Allele 112	0.073054466771375
Allele 114	0.066350002553799
Allele 124	0.068515124066248
Allele 126	0.068046711997693
Allele 149	0.065806822395125

Locus 007
Allele 202	0.060802095370661
Allele 204	0.059558811953032
Allele 206	0.058227199671962
Allele 208	0.066118640763788
Allele 210	0.065339822861194
Allele 212	0.062481736245278
Allele 214	0.064082499635298
Allele 216	0.062408168907701
Allele 218	0.061355597422245
Allele 220	0.062421541415136
Allele 222	0.067809550181088
Allele 224	0.062134104671045
Allele 226	0.065665078633387
Allele 228	0.060349519902453
Allele 233	0.060821818551092
Allele 238	0.060423813814637

Locus 008
Allele 121	0.091730821229414
Allele 123	0.101040719673981
Allele 125	0.089020873392743
Allele 127	0.081634963890209
Allele 129	0.090241578227283
Allele 131	0.089968761520158
Allele 133	0.095951212226264
Allele 135	0.089176567671511
Allele 137	0.104460549860573
Allele 151	0.082488589693400
Allele 161	0.084285362614465

Locus 009
Allele 161	0.077732352595608
Allele 165	0.077867825768904
Allele 167	0.088860350286277
Allele 169	0.083409437830426
Allele 171	0.087653075632499
Allele 173	0.090877794758273
Allele 175	0.082930848633133
Allele 177	0.083021450217289
Allele 179	0.077972671400859
Allele 181	0.083190134603953
Allele 183	0.084126293095915
Allele 185	0.082357765176861

Locus 010
Allele 108	0.049072404008121
Allele 115	0.049151756133760
Allele 121	0.048197253195076
Allele 123	0.051621318735026
Allele 125	0.049908475148447
Allele 127	0.048736712078939
Allele 129	0.050152685253403
Allele 131	0.048949867117495
Allele 133	0.052088866946802
Allele 135	0.048987113404427
Allele 137	0.052603553047906
Allele 139	0.054809050644399
Allele 141	0.050897728809962
Allele 143	0.047448876411133
Allele 145	0.047683036452727
Allele 147	0.052023693020718
Allele 149	0.049603989389613
Allele 152	0.049728059174252
Allele 155	0.048350309101655
Allele 157	0.049985251926139


Cluster 03
Locus 001
Allele 092	0.114687852968100
Allele 094	0.112940583546324
Allele 096	0.106672862174980
Allele 098	0.116192385057390
Allele 100	0.112564421518671
Allele 102	0.106264104837390
Allele 104	0.112061933828132
Allele 106	0.117814533305720
Allele 108	0.100801322763295

Locus 002
Allele 118	0.080700706978521
Allele 122	0.080896507689404
Allele 124	0.082685567746718
Allele 126	0.093666448087049
Allele 127	0.080773103090842
Allele 128	0.085170278357322
Allele 130	0.082459767914031
Allele 132	0.086320938839302
Allele 134	0.077887211386477
Allele 135	0.084717517721453
Allele 137	0.085636171902473
Allele 151	0.079085780286408

Locus 003
Allele 130	0.068565400328924
Allele 133	0.068673555026959
Allele 136	0.071034385165498
Allele 138	0.075285079800937
Allele 139	0.073432321606397
Allele 141	0.073997315772055
Allele 143	0.066781506941141
Allele 145	0.073629448839775
Allele 146	0.071652966237093
Allele 147	0.070124165837375
Allele 148	0.075062442243197
Allele 150	0.070993085708698
Allele 152	0.073311961677838
Allele 156	0.067456364814114

Locus 004
Allele 093	0.058366396286852
Allele 095	0.059024595693375
Allele 096	0.055455140710141
Allele 097	0.060122927393010
Allele 099	0.060139205350366
Allele 100	0.059836870260741
Allele 101	0.062810474030995
Allele 103	0.065107405278937
Allele 105	0.056918720308298
Allele 107	0.057761495119382
Allele 109	0.058048681353347
Allele 110	0.057237183610167
Allele 113	0.060746306442757
Allele 121	0.057958272049153
Allele 123	0.056700758168725
Allele 125	0.056730830362262
Allele 131	0.057034737581488

Locus 005
Allele 218	0.047679309076648
Allele 220	0.050040935554342
Allele 222	0.051327552700907
Allele 224	0.051228448198222
Allele 226	0.051160907886812
Allele 228	0.050482708046778
Allele 230	0.051880659719400
Allele 232	0.051127860532525
Allele 234	0.053049452271770
Allele 236	0.051533532008815
Allele 238	0.050811167215316
Allele 240	0.049679822002949
Allele 242	0.048154520448996
Allele 244	0.048708754970874
Allele 246	0.049975151127205
Allele 248	0.048628029498479
Allele 250	0.050714712776759
Allele 252	0.048827190559079
Allele 254	0.047016482312473
Allele 256	0.047972803091648

Locus 006
Allele 094	0.072424238130753
Allele 096	0.071017091630582
Allele 098	0.072359335948348
Allele 100	0.066370139012366
Allele 102	0.072990458936482
Allele 104	0.077688498811186
Allele 106	0.074849513008131
Allele 108	0.071166780077080
Allele 110	0.075702390396163
Allele 112	0.073790874413513
Allele 114	0.067129607021054
Allele 124	0.069260081709441
Allele 126	0.068497333435820
Allele 149	0.066753657469078

Locus 007
Allele 202	0.060877629690268
Allele 204	0.060105000145721
Allele 206	0.059340512096336
Allele 208	0.065718565245933
Allele 210	0.064685687462098
Allele 212	0.062871454515966
Allele 214	0.063621465633072
Allele 216	0.061932091782032
Allele 218	0.061477816504964
Allele 220	0.062533630191891
Allele 222	0.066983888882528
Allele 224	0.062448381484540
Allele 226	0.064390086640773
Allele 228	0.060988279428249
Allele 233	0.060617397250435
Allele 238	0.061408113045195

Locus 008
Allele 121	0.090744499165390
Allele 123	0.097862368022300
Allele 125	0.088967784630406
Allele 127	0.082910699708845
Allele 129	0.090779036405333
Allele 131	0.089905835577313
Allele 133	0.096014366016350
Allele 135	0.089820360254585
Allele 137	0.104103214298000
Allele 151	0.084062192437552
Allele 161	0.084829643483928

Locus 009
Allele 161	0.078125397674565
Allele 165	0.079413929804499
Allele 167	0.086657101229049
Allele 169	0.083106363590186
Allele 171	0.086821606745780
Allele 173	0.088723116632399
Allele 175	0.084548317784710
Allele 177	0.082387161466110
Allele 179	0.078974535185845
Allele 181	0.083419096922914
Allele 183	0.084271576505981
Allele 185	0.083551796457958

Locus 010
Allele 108	0.049379111326151
Allele 115	0.049032045163222
Allele 121	0.048621353272776
Allele 123	0.051651237687505
Allele 125	0.049884138122071
Allele 127	0.049321580806873
Allele 129	0.050031711281399
Allele 131	0.049779889337768
Allele 133	0.050928946851414
Allele 135	0.049550675190384
Allele 137	0.052179113435331
Allele 139	0.052891972662839
Allele 141	0.050985943295992
Allele 143	0.047533570538109
Allele 145	0.048318484480307
Allele 147	0.051550293361073
Allele 149	0.050137026117944
Allele 152	0.050024472467381
Allele 155	0.048278947297701
Allele 157	0.049919487303765


Cluster 04
Locus 001
Allele 092	0.037148535960040
Allele 094	0.400627838764025
Allele 096	0.063020310958798
Allele 098	0.200998324642032
Allele 100	0.086751102525385
Allele 102	0.090831966589404
Allele 104	0.073455114631697
Allele 106	0.028799257207104
Allele 108	0.018367548721512

Locus 002
Allele 118	0.016033271423786
Allele 122	0.029056957291679
Allele 124	0.212602305276542
Allele 126	0.124602201293519
Allele 127	0.009157578193553
Allele 128	0.098328172553315
Allele 130	0.074154775476462
Allele 132	0.236695647969580
Allele 134	0.011189179536890
Allele 135	0.106001018727686
Allele 137	0.072153520543004
Allele 151	0.010025371713983

Locus 003
Allele 130	0.023320544089390
Allele 133	0.010086175346301
Allele 136	0.132027589237015
Allele 138	0.103009028736259
Allele 139	0.136832803392622
Allele 141	0.032606479679320
Allele 143	0.011722791570222
Allele 145	0.085007149035753
Allele 146	0.112319391969659
Allele 147	0.009108221996036
Allele 148	0.148534002647448
Allele 150	0.080489553137554
Allele 152	0.097684728828965
Allele 156	0.017251540333458

Locus 004
Allele 093	0.047943170061785
Allele 095	0.072689542057524
Allele 096	0.011550018830597
Allele 097	0.187065580544718
Allele 099	0.051667860306736
Allele 100	0.084881282492322
Allele 101	0.151520416745894
Allele 103	0.137321271486713
Allele 105	0.048802751059711
Allele 107	0.092810605508574
Allele 109	0.023039966325866
Allele 110	0.023294615464079
Allele 113	0.013616775185112
Allele 121	0.015664218779439
Allele 123	0.017477947366839
Allele 125	0.010318803370992
Allele 131	0.010335174413102

Locus 005
Allele 218	0.011588549003909
Allele 220	0.096897399882027
Allele 222	0.133221617974455
Allele 224	0.133660853851889
Allele 226	0.095938114768991
Allele 228	0.046464330688195
Allele 230	0.045337163186370
Allele 232	0.064870860185706
Allele 234	0.068767194965061
Allele 236	0.057735748911728
Allele 238	0.077400605030633
Allele 240	0.040553792357129
Allele 242	0.035938484279830
Allele 244	0.010539229726517
Allele 246	0.015946709939597
Allele 248	0.010450634814289
Allele 250	0.014978407215235
Allele 252	0.016594961475541
Allele 254	0.011796813374254
Allele 256	0.011318528368646

Locus 006
Allele 094	0.106602545498460
Allele 096	0.173005876993399
Allele 098	0.040327643028089
Allele 100	0.012092939137567
Allele 102	0.099576121799227
Allele 104	0.239518374547595
Allele 106	0.144549094317209
Allele 108	0.068385880577945
Allele 110	0.050915648874227
Allele 112	0.020377754513703
Allele 114	0.011613502473565
Allele 124	0.010013951869649
Allele 126	0.010969854227416
Allele 149	0.012050812141951

Locus 007
Allele 202	0.010213565210936
Allele 204	0.024207575802177
Allele 206	0.011765601568318
Allele 208	0.138195112239287
Allele 210	0.039964742784425
Allele 212	0.187155050608319
Allele 214	0.106909992718253
Allele 216	0.114652486857707
Allele 218	0.062347800219688
Allele 220	0.055067575315970
Allele 222	0.057863406481601
Allele 224	0.114558215764505
Allele 226	0.039891949015309
Allele 228	0.016832517788272
Allele 233	0.010381355716788
Allele 238	0.009993051908443

Locus 008
Allele 121	0.085845680725724
Allele 123	0.080546390314859
Allele 125	0.056802454956854
Allele 127	0.014307907614335
Allele 129	0.055650513342275
Allele 131	0.272175129098553
Allele 133	0.152393328912749
Allele 135	0.187467605969930
Allele 137	0.068333088877623
Allele 151	0.013677192228622
Allele 161	0.012800707958478

Locus 009
Allele 161	0.014539882717757
Allele 165	0.030122731900174
Allele 167	0.055770182971715
Allele 169	0.099719006904376
Allele 171	0.282971241750308
Allele 173	0.191599617978715
Allele 175	0.107324494560388
Allele 177	0.107811593310931
Allele 179	0.013959104454524
Allele 181	0.042789004822089
Allele 183	0.025793666634518
Allele 185	0.027599471994507

Locus 010
Allele 108	0.028875403519884
Allele 115	0.010024893718198
Allele 121	0.010507721898888
Allele 123	0.045915505755862
Allele 125	0.098612185090860
Allele 127	0.073777024444667
Allele 129	0.085508418874959
Allele 131	0.092446277331487
Allele 133	0.167501473153870
Allele 135	0.105433771728015
Allele 137	0.083330277064194
Allele 139	0.025338315654108
Allele 141	0.040350598277062
Allele 143	0.011106487366341
Allele 145	0.030234516352182
Allele 147	0.020672627143168
Allele 149	0.028356979208483
Allele 152	0.015727876050374
Allele 155	0.010685908333241
Allele 157	0.015593739034159


Cluster 05
Locus 001
Allele 092	0.117467933965593
Allele 094	0.112915741326391
Allele 096	0.104783428358805
Allele 098	0.117302377960244
Allele 100	0.112063196138010
Allele 102	0.103741709438605
Allele 104	0.113109211832575
Allele 106	0.119700682805995
Allele 108	0.098915718173784

Locus 002
Allele 118	0.080400553089342
Allele 122	0.080376212633386
Allele 124	0.081835860867110
Allele 126	0.097043194940221
Allele 127	0.081944541973212
Allele 128	0.085278085407903
Allele 130	0.082546147300266
Allele 132	0.085161485676078
Allele 134	0.077189375967464
Allele 135	0.083380597746072
Allele 137	0.085200902199606
Allele 151	0.079643042199342

Locus 003
Allele 130	0.068298010976405
Allele 133	0.069371299860396
Allele 136	0.071784454764709
Allele 138	0.075271098485301
Allele 139	0.073854884264266
Allele 141	0.074358237846637
Allele 143	0.065614645748869
Allele 145	0.072861001329064
Allele 146	0.071240837025932
Allele 147	0.071316125397894
Allele 148	0.075240750816954
Allele 150	0.069981344002527
Allele 152	0.073287051641505
Allele 156	0.067520257839538

Locus 004
Allele 093	0.057694330790847
Allele 095	0.059080866410836
Allele 096	0.055269746026429
Allele 097	0.059620441970270
Allele 099	0.061388797120837
Allele 100	0.060323085261820
Allele 101	0.064253595591314
Allele 103	0.065667153289395
Allele 105	0.056511845787107
Allele 107	0.057520828512428
Allele 109	0.056268045806528
Allele 110	0.056024161093526
Allele 113	0.061286318483285
Allele 121	0.058317723793932
Allele 123	0.055575040774174
Allele 125	0.057617249647304
Allele 131	0.057580769639960

Locus 005
Allele 218	0.046976191941606
Allele 220	0.049855680985222
Allele 222	0.051848009374840
Allele 224	0.050859892420812
Allele 226	0.051703589072221
Allele 228	0.050135553697493
Allele 230	0.051393589509430
Allele 232	0.050599670755291
Allele 234	0.053313730459098
Allele 236	0.051841986314691
Allele 238	0.051243471974888
Allele 240	0.050329512752014
Allele 242	0.048075345741047
Allele 244	0.048607669846337
Allele 246	0.050130807154852
Allele 248	0.049054308886629
Allele 250	0.051116398611329
Allele 252	0.048783888714306
Allele 254	0.046630532130222
Allele 256	0.047500169657671

Locus 006
Allele 094	0.072202755879472
Allele 096	0.070720952181037
Allele 098	0.073581738064464
Allele 100	0.066232190168328
Allele 102	0.072811755554824
Allele 104	0.078913029189903
Allele 106	0.074449123964354
Allele 108	0.070004598132504
Allele 110	0.076336671691607
Allele 112	0.074126599328724
Allele 114	0.066652048543537
Allele 124	0.069629201226446
Allele 126	0.068396185179762
Allele 149	0.065943150895036

Locus 007
Allele 202	0.061150925122583
Allele 204	0.059640123736164
Allele 206	0.058156440560907
Allele 208	0.065639752373996
Allele 210	0.064706947247682
Allele 212	0.062187216809814
Allele 214	0.063725536063812
Allele 216	0.062061716009577
Allele 218	0.062135683283878
Allele 220	0.061972664977894
Allele 222	0.068123985162201
Allele 224	0.062389897433060
Allele 226	0.064982785358787
Allele 228	0.060953913886656
Allele 233	0.060388929364520
Allele 238	0.061783482608468

Locus 008
Allele 121	0.090706342648465
Allele 123	0.097961567339879
Allele 125	0.087998125847745
Allele 127	0.081925071162904
Allele 129	0.090822782470151
Allele 131	0.090107394451439
Allele 133	0.095300365768870
Allele 135	0.089066871195761
Allele 137	0.107818389562571
Allele 151	0.082976491912574
Allele 161	0.085316597639645

Locus 009
Allele 161	0.077347215253294
Allele 165	0.078317638311317
Allele 167	0.088017739756679
Allele 169	0.082063465363404
Allele 171	0.087401647050725
Allele 173	0.090295899070184
Allele 175	0.083551227505970
Allele 177	0.082747596481576
Allele 179	0.078592132994685
Allele 181	0.084248533838707
Allele 183	0.085804005922132
Allele 185	0.081612898451332

Locus 010
Allele 108	0.049247585497100
Allele 115	0.049273556953127
Allele 121	0.048551568910423
Allele 123	0.051929969191614
Allele 125	0.049658488149906
Allele 127	0.049085109062872
Allele 129	0.050233908953246
Allele 131	0.049532023955666
Allele 133	0.050559581385180
Allele 135	0.049254356823906
Allele 137	0.052522276707847
Allele 139	0.053434168095954
Allele 141	0.051812790988069
Allele 143	0.048239512994586
Allele 145	0.047124372509049
Allele 147	0.051089916086774
Allele 149	0.050503138934647
Allele 152	0.050121029880517
Allele 155	0.048017357001915
Allele 157	0.049809287917601


Cluster 06
Locus 001
Allele 092	0.117110894856946
Allele 094	0.112166153321328
Allele 096	0.104329336128517
Allele 098	0.117048910125218
Allele 100	0.113212340871630
Allele 102	0.103458844942846
Allele 104	0.112512097162980
Allele 106	0.121869307435106
Allele 108	0.098292115155425

Locus 002
Allele 118	0.080580029073336
Allele 122	0.080518666377302
Allele 124	0.081898149211719
Allele 126	0.098833277960108
Allele 127	0.080909324093164
Allele 128	0.085274558780654
Allele 130	0.082274325853319
Allele 132	0.085451103380688
Allele 134	0.076837314937673
Allele 135	0.083782071692413
Allele 137	0.084724550347209
Allele 151	0.078916628292416

Locus 003
Allele 130	0.067759333416405
Allele 133	0.069513189950331
Allele 136	0.071018970588118
Allele 138	0.076519930100449
Allele 139	0.073230356712550
Allele 141	0.073737765727212
Allele 143	0.065786409128326
Allele 145	0.073861764210359
Allele 146	0.071258401491628
Allele 147	0.070608445220931
Allele 148	0.075509558901199
Allele 150	0.069967804073868
Allele 152	0.074097236396357
Allele 156	0.067130834082265

Locus 004
Allele 093	0.057419713195751
Allele 095	0.058962360155047
Allele 096	0.054895626534563
Allele 097	0.059653489021902
Allele 099	0.061783949111206
Allele 100	0.059509789690226
Allele 101	0.064039475684468
Allele 103	0.068343970839983
Allele 105	0.056052826847530
Allele 107	0.057552301008079
Allele 109	0.056210051092078
Allele 110	0.056126961726076
Allele 113	0.062108929233159
Allele 121	0.058581721091261
Allele 123	0.055480748433929
Allele 125	0.056710920808951
Allele 131	0.056567165525795

Locus 005
Allele 218	0.046851062422643
Allele 220	0.050656380340432
Allele 222	0.051637989706844
Allele 224	0.051110529883855
Allele 226	0.051405693312363
Allele 228	0.050219881267583
Allele 230	0.052037827039497
Allele 232	0.050755200579194
Allele 234	0.054115839031414
Allele 236	0.052258592551754
Allele 238	0.050928364290070
Allele 240	0.049981957147657
Allele 242	0.047908655753356
Allele 244	0.048265659742620
Allele 246	0.049600871706163
Allele 248	0.048754404043272
Allele 250	0.051181721985098
Allele 252	0.048621073014302
Allele 254	0.046458548744390
Allele 256	0.047249747437494

Locus 006
Allele 094	0.072295306756271
Allele 096	0.070292461652303
Allele 098	0.073123544162714
Allele 100	0.065589391793758
Allele 102	0.073011612098238
Allele 104	0.079617417317981
Allele 106	0.073960976843214
Allele 108	0.069537770552870
Allele 110	0.078450100653294
Allele 112	0.074742722598994
Allele 114	0.066383368043303
Allele 124	0.069919961024084
Allele 126	0.067563439686208
Allele 149	0.065511926816769

Locus 007
Allele 202	0.060641445949993
Allele 204	0.059292159700036
Allele 206	0.058126779938391
Allele 208	0.066825741403800
Allele 210	0.065382277874977
Allele 212	0.061902327148652
Allele 214	0.063955392799913
Allele 216	0.061984192913184
Allele 218	0.060958216249896
Allele 220	0.062628299728150
Allele 222	0.067720903571931
Allele 224	0.062396721519789
Allele 226	0.066097844047630
Allele 228	0.060366643917831
Allele 233	0.060652214716468
Allele 238	0.061068838519362

Locus 008
Allele 121	0.091249646791774
Allele 123	0.100600355328894
Allele 125	0.087866927380119
Allele 127	0.081099634704342
Allele 129	0.089848852471805
Allele 131	0.090180002805415
Allele 133	0.096168801880581
Allele 135	0.089482283498883
Allele 137	0.106944979300890
Allele 151	0.082636593269908
Allele 161	0.083921922567393

Locus 009
Allele 161	0.077011895412368
Allele 165	0.077643618101345
Allele 167	0.088812603779261
Allele 169	0.082808443137417
Allele 171	0.087576190948993
Allele 173	0.089797865492316
Allele 175	0.083012996798395
Allele 177	0.082815477044686
Allele 179	0.078267094398124
Allele 181	0.084170861474132
Allele 183	0.085654589071740
Allele 185	0.082428364341221

Locus 010
Allele 108	0.048952969682896
Allele 115	0.049250791718888
Allele 121	0.048809527854651
Allele 123	0.052320129734610
Allele 125	0.049703240334835
Allele 127	0.048734267705216
Allele 129	0.050452255851457
Allele 131	0.049260943237850
Allele 133	0.050912870038857
Allele 135	0.049337098966091
Allele 137	0.053330372603399
Allele 139	0.053331576586163
Allele 141	0.050947446187149
Allele 143	0.047679932941943
Allele 145	0.047390164511208
Allele 147	0.051735976007185
Allele 149	0.050124985842985
Allele 152	0.049967687720621
Allele 155	0.047704206251605
Allele 157	0.050053556222393



Estimated Mixing Proportions
0.013904180000000
0.015231360000000
0.012243733333333
0.931177340000000
0.013229513333333
0.014213873333333



Estimated sigma: 
k: 0	1.000000000000000
k: 1	1.000000000000000
k: 2	1.000000000000000
k: 3	1.000000000000000
k: 4	1.000000000000000
k: 5	1.000000000000000



Estimated psi: 
k: 0	0.599999999999828
k: 1	0.599999999999828
k: 2	0.599999999999828
k: 3	0.599999999999828
k: 4	0.599999999999828
k: 5	0.599999999999828



