Estimated Clustering Probabilities for Samples
Sample	***Cluster  01***	***Cluster  02***	***Cluster  03***	***Cluster  04***	***Cluster  05***	***Cluster  06***	***Cluster  07***	
000001:	0.002655000000000	0.212270000000000	0.053820000000000	0.012310000000000	0.005690000000000	0.095220000000000	0.618035000000000		1
000002:	0.004565000000000	0.441800000000000	0.168610000000000	0.012845000000000	0.006835000000000	0.164985000000000	0.200360000000000		1
000003:	0.001225000000000	0.891075000000000	0.046415000000000	0.003355000000000	0.001900000000000	0.022345000000000	0.033685000000000		1
000004:	0.004990000000000	0.476350000000000	0.069380000000000	0.012710000000000	0.008315000000000	0.022090000000000	0.406165000000000		1
000005:	0.000560000000000	0.929540000000000	0.015635000000000	0.002980000000000	0.002355000000000	0.006340000000000	0.042590000000000		1
000006:	0.002390000000000	0.681470000000000	0.015560000000000	0.004795000000000	0.003725000000000	0.021685000000000	0.270375000000000		1
000007:	0.008490000000000	0.338300000000000	0.229585000000000	0.076070000000000	0.053050000000000	0.046655000000000	0.247850000000000		1
000008:	0.006850000000000	0.117540000000000	0.747985000000000	0.038350000000000	0.005200000000000	0.020345000000000	0.063730000000000		1
000009:	0.012095000000000	0.455060000000000	0.241530000000000	0.048345000000000	0.008395000000000	0.137410000000000	0.097165000000000		1
000010:	0.028315000000000	0.274620000000000	0.366060000000000	0.265950000000000	0.002695000000000	0.015995000000000	0.046365000000000		1
000011:	0.003125000000000	0.100730000000000	0.062690000000000	0.015575000000000	0.205840000000000	0.012160000000000	0.599880000000000		1
000012:	0.004055000000000	0.598300000000000	0.204320000000000	0.010125000000000	0.002975000000000	0.044190000000000	0.136035000000000		1
000013:	0.006405000000000	0.374230000000000	0.182365000000000	0.097490000000000	0.007920000000000	0.028910000000000	0.302680000000000		1
000014:	0.005675000000000	0.453770000000000	0.043540000000000	0.037510000000000	0.004250000000000	0.016635000000000	0.438620000000000		1
000015:	0.003600000000000	0.686300000000000	0.086860000000000	0.026315000000000	0.005575000000000	0.036845000000000	0.154505000000000		1
000016:	0.000530000000000	0.848495000000000	0.038285000000000	0.004255000000000	0.002480000000000	0.003660000000000	0.102295000000000		1
000017:	0.001170000000000	0.601035000000000	0.333375000000000	0.010000000000000	0.002415000000000	0.013675000000000	0.038330000000000		1
000018:	0.005125000000000	0.691710000000000	0.141525000000000	0.019010000000000	0.003465000000000	0.036660000000000	0.102505000000000		1
000019:	0.010695000000000	0.531345000000000	0.090585000000000	0.084760000000000	0.001885000000000	0.039095000000000	0.241635000000000		1
000020:	0.006460000000000	0.650905000000000	0.077205000000000	0.033460000000000	0.018960000000000	0.020205000000000	0.192805000000000		1
000021:	0.003555000000000	0.142315000000000	0.383620000000000	0.046405000000000	0.003585000000000	0.087590000000000	0.332930000000000		1
000022:	0.002810000000000	0.361215000000000	0.256475000000000	0.038830000000000	0.002655000000000	0.011645000000000	0.326370000000000		1
000023:	0.001360000000000	0.618980000000000	0.069175000000000	0.006410000000000	0.001070000000000	0.009260000000000	0.293745000000000		1
000024:	0.003785000000000	0.443625000000000	0.203315000000000	0.016635000000000	0.003895000000000	0.060355000000000	0.268390000000000		1
000025:	0.001885000000000	0.569330000000000	0.180185000000000	0.007050000000000	0.003035000000000	0.009790000000000	0.228725000000000		1
000026:	0.002705000000000	0.249560000000000	0.510180000000000	0.010185000000000	0.002140000000000	0.059390000000000	0.165840000000000		1
000027:	0.000145000000000	0.961700000000000	0.008405000000000	0.000410000000000	0.000265000000000	0.008495000000000	0.020580000000000		1
000028:	0.001990000000000	0.772135000000000	0.065735000000000	0.005855000000000	0.005210000000000	0.019025000000000	0.130050000000000		1
000029:	0.002355000000000	0.703645000000000	0.116280000000000	0.008980000000000	0.004105000000000	0.029665000000000	0.134970000000000		1
000030:	0.003445000000000	0.119590000000000	0.767995000000000	0.003940000000000	0.002600000000000	0.042925000000000	0.059505000000000		1
000031:	0.000015000000000	0.004795000000000	0.001540000000000	0.000005000000000	0.000000000000000	0.993410000000000	0.000235000000000		1
000032:	0.000640000000000	0.636800000000000	0.275345000000000	0.001665000000000	0.003045000000000	0.065135000000000	0.017370000000000		1
000033:	0.001140000000000	0.063915000000000	0.839185000000000	0.002075000000000	0.000970000000000	0.076150000000000	0.016565000000000		1
000034:	0.001275000000000	0.080545000000000	0.836375000000000	0.001985000000000	0.003630000000000	0.064540000000000	0.011650000000000		1
000035:	0.003975000000000	0.585605000000000	0.290060000000000	0.007435000000000	0.003060000000000	0.057540000000000	0.052325000000000		1
000036:	0.005850000000000	0.779050000000000	0.125795000000000	0.004625000000000	0.010750000000000	0.030020000000000	0.043910000000000		1
000037:	0.002655000000000	0.712410000000000	0.089435000000000	0.005180000000000	0.002665000000000	0.043220000000000	0.144435000000000		1
000038:	0.003135000000000	0.844610000000000	0.066435000000000	0.002200000000000	0.002445000000000	0.054655000000000	0.026520000000000		1
000039:	0.007820000000000	0.458640000000000	0.262140000000000	0.002705000000000	0.006055000000000	0.233465000000000	0.029175000000000		1
000040:	0.002610000000000	0.571375000000000	0.180125000000000	0.004000000000000	0.003575000000000	0.196915000000000	0.041400000000000		1
000041:	0.006400000000000	0.784645000000000	0.053845000000000	0.004705000000000	0.004955000000000	0.087555000000000	0.057895000000000		1
000042:	0.001220000000000	0.359700000000000	0.354655000000000	0.001535000000000	0.001435000000000	0.266215000000000	0.015240000000000		1
000043:	0.002675000000000	0.725940000000000	0.108585000000000	0.004290000000000	0.003595000000000	0.073610000000000	0.081305000000000		1
000044:	0.004015000000000	0.139840000000000	0.599955000000000	0.006330000000000	0.004350000000000	0.058760000000000	0.186750000000000		1
000045:	0.018820000000000	0.493320000000000	0.036960000000000	0.020530000000000	0.021765000000000	0.128690000000000	0.279915000000000		1
000046:	0.019520000000000	0.453695000000000	0.027085000000000	0.026425000000000	0.009670000000000	0.086505000000000	0.377100000000000		1
000047:	0.044585000000000	0.608070000000000	0.057780000000000	0.040825000000000	0.052215000000000	0.022225000000000	0.174300000000000		1
000048:	0.010035000000000	0.405275000000000	0.091925000000000	0.042170000000000	0.010600000000000	0.372765000000000	0.067230000000000		1
000049:	0.009970000000000	0.599820000000000	0.074540000000000	0.033330000000000	0.018430000000000	0.047925000000000	0.215985000000000		1
000050:	0.010890000000000	0.237695000000000	0.017620000000000	0.019710000000000	0.012300000000000	0.050850000000000	0.650935000000000		1
000051:	0.027480000000000	0.465475000000000	0.062070000000000	0.032125000000000	0.023490000000000	0.133050000000000	0.256310000000000		1
000052:	0.004275000000000	0.375805000000000	0.062095000000000	0.007950000000000	0.006250000000000	0.028550000000000	0.515075000000000		1
000053:	0.012010000000000	0.274630000000000	0.245105000000000	0.020335000000000	0.002630000000000	0.024870000000000	0.420420000000000		1
000054:	0.008340000000000	0.302585000000000	0.083310000000000	0.044880000000000	0.004580000000000	0.025500000000000	0.530805000000000		1
000055:	0.015100000000000	0.379475000000000	0.116995000000000	0.057615000000000	0.006155000000000	0.029015000000000	0.395645000000000		1
000056:	0.030730000000000	0.082315000000000	0.015580000000000	0.086110000000000	0.000765000000000	0.054915000000000	0.729585000000000		1
000057:	0.013990000000000	0.456595000000000	0.061790000000000	0.061210000000000	0.003255000000000	0.003775000000000	0.399385000000000		1
000058:	0.007630000000000	0.794725000000000	0.044395000000000	0.027660000000000	0.005130000000000	0.009070000000000	0.111390000000000		1
000059:	0.006915000000000	0.094110000000000	0.020465000000000	0.020900000000000	0.001645000000000	0.007310000000000	0.848655000000000		1
000060:	0.007150000000000	0.138010000000000	0.106060000000000	0.038355000000000	0.002820000000000	0.023970000000000	0.683635000000000		1
000061:	0.005420000000000	0.728675000000000	0.068810000000000	0.045065000000000	0.003545000000000	0.009795000000000	0.138690000000000		1
000062:	0.004040000000000	0.122120000000000	0.252235000000000	0.009880000000000	0.001810000000000	0.010975000000000	0.598940000000000		1
000063:	0.007810000000000	0.109430000000000	0.033650000000000	0.033640000000000	0.002465000000000	0.005640000000000	0.807365000000000		1
000064:	0.026860000000000	0.103015000000000	0.093480000000000	0.078300000000000	0.004515000000000	0.015370000000000	0.678460000000000		1
000065:	0.000955000000000	0.045915000000000	0.012980000000000	0.005190000000000	0.002615000000000	0.012735000000000	0.919610000000000		1
000066:	0.002405000000000	0.070945000000000	0.019550000000000	0.013345000000000	0.001465000000000	0.008565000000000	0.883725000000000		1
000067:	0.001305000000000	0.701625000000000	0.042335000000000	0.005705000000000	0.001755000000000	0.018935000000000	0.228340000000000		1
000068:	0.000995000000000	0.182850000000000	0.061205000000000	0.003050000000000	0.000905000000000	0.019385000000000	0.731610000000000		1
000069:	0.001580000000000	0.884520000000000	0.027400000000000	0.003765000000000	0.001295000000000	0.007210000000000	0.074230000000000		1
000070:	0.003115000000000	0.587675000000000	0.056685000000000	0.006040000000000	0.002965000000000	0.021630000000000	0.321890000000000		1
000071:	0.000440000000000	0.934770000000000	0.013775000000000	0.001895000000000	0.000730000000000	0.004145000000000	0.044245000000000		1
000072:	0.002020000000000	0.593285000000000	0.310460000000000	0.004940000000000	0.003190000000000	0.061265000000000	0.024840000000000		1
000073:	0.002405000000000	0.261575000000000	0.404810000000000	0.003380000000000	0.001735000000000	0.217965000000000	0.108130000000000		1
000074:	0.004060000000000	0.494225000000000	0.298720000000000	0.004365000000000	0.006510000000000	0.142775000000000	0.049345000000000		1
000075:	0.006440000000000	0.445025000000000	0.387910000000000	0.005205000000000	0.003150000000000	0.091905000000000	0.060365000000000		1



Estimated Allele Frequencies
Cluster 01
Locus 001
Allele 092	0.109926522840528
Allele 094	0.114679975793078
Allele 096	0.106452562953521
Allele 098	0.122262999492008
Allele 100	0.115350181933398
Allele 102	0.107078004901212
Allele 104	0.112520321888918
Allele 106	0.108166804528040
Allele 108	0.103562625669297

Locus 002
Allele 118	0.080606668860060
Allele 122	0.080566046142954
Allele 124	0.083875721763745
Allele 126	0.088579397389572
Allele 127	0.082494284514805
Allele 128	0.082188023571273
Allele 130	0.089753680901908
Allele 132	0.087392751631447
Allele 134	0.079097938093333
Allele 135	0.084072219386881
Allele 137	0.082028722586228
Allele 151	0.079344545157793

Locus 003
Allele 130	0.069364262330965
Allele 133	0.068878142969063
Allele 136	0.070684375877616
Allele 138	0.074920154055635
Allele 139	0.072914816351910
Allele 141	0.069337659709527
Allele 143	0.066561518890525
Allele 145	0.071600494584309
Allele 146	0.075462418231939
Allele 147	0.070182265482205
Allele 148	0.075560574957944
Allele 150	0.072289280237043
Allele 152	0.072798704499139
Allele 156	0.069445331822179

Locus 004
Allele 093	0.059076489525706
Allele 095	0.058256428497259
Allele 096	0.055499224573323
Allele 097	0.059204618906232
Allele 099	0.059961618582574
Allele 100	0.057676653609530
Allele 101	0.059488566361832
Allele 103	0.060210902296120
Allele 105	0.060354728579249
Allele 107	0.060329247739801
Allele 109	0.056410937738564
Allele 110	0.057616325696137
Allele 113	0.058926119227981
Allele 121	0.058766105283092
Allele 123	0.056236587217325
Allele 125	0.060579842116735
Allele 131	0.061405604048540

Locus 005
Allele 218	0.047371243957245
Allele 220	0.052278693992134
Allele 222	0.051058471576408
Allele 224	0.051102804030135
Allele 226	0.050879011463115
Allele 228	0.050177320575487
Allele 230	0.049893533841547
Allele 232	0.049592649886784
Allele 234	0.052353013120196
Allele 236	0.051156269534546
Allele 238	0.052066373240193
Allele 240	0.051706345170479
Allele 242	0.048840658009895
Allele 244	0.048015459367952
Allele 246	0.049070270329252
Allele 248	0.050103222821620
Allele 250	0.049302931015551
Allele 252	0.048645352254816
Allele 254	0.048558595418492
Allele 256	0.047827780394156

Locus 006
Allele 094	0.073185178806069
Allele 096	0.071155930985500
Allele 098	0.075229938696668
Allele 100	0.068878426291577
Allele 102	0.076786420210837
Allele 104	0.073169648273196
Allele 106	0.075158015602782
Allele 108	0.069087733900504
Allele 110	0.071806609219030
Allele 112	0.072673072723495
Allele 114	0.067919709785183
Allele 124	0.068804719670007
Allele 126	0.067880709785781
Allele 149	0.068263886049371

Locus 007
Allele 202	0.060149603443301
Allele 204	0.061285341678947
Allele 206	0.059672601957805
Allele 208	0.064647124225580
Allele 210	0.062378429239149
Allele 212	0.063863168430243
Allele 214	0.062372836223688
Allele 216	0.063151692349745
Allele 218	0.066970256824604
Allele 220	0.064362714967427
Allele 222	0.063656065050326
Allele 224	0.063388498840222
Allele 226	0.061754640790115
Allele 228	0.062655415901661
Allele 233	0.059676740804615
Allele 238	0.060014869272573

Locus 008
Allele 121	0.089742277022798
Allele 123	0.091000020467917
Allele 125	0.089205015858598
Allele 127	0.085340063462674
Allele 129	0.092017799612890
Allele 131	0.095522471841732
Allele 133	0.093577966137020
Allele 135	0.094038975380107
Allele 137	0.096799661678695
Allele 151	0.086131662240899
Allele 161	0.086624086296673

Locus 009
Allele 161	0.079753768596936
Allele 165	0.079337474771243
Allele 167	0.083049981300399
Allele 169	0.083115139858936
Allele 171	0.087327908865199
Allele 173	0.090279612240222
Allele 175	0.081803948995891
Allele 177	0.086411054109558
Allele 179	0.085403941105990
Allele 181	0.082724930150695
Allele 183	0.081676621228857
Allele 185	0.079115618776073

Locus 010
Allele 108	0.049607960526110
Allele 115	0.047918357220021
Allele 121	0.050907729288406
Allele 123	0.050613310971762
Allele 125	0.049854816060268
Allele 127	0.050730361760545
Allele 129	0.049267723482895
Allele 131	0.052505797390781
Allele 133	0.049666341530553
Allele 135	0.051224705530625
Allele 137	0.052291824690194
Allele 139	0.049498699628150
Allele 141	0.050711122046114
Allele 143	0.050424287223349
Allele 145	0.047768606925839
Allele 147	0.048883409328553
Allele 149	0.050028666736867
Allele 152	0.049409741157243
Allele 155	0.048409440037722
Allele 157	0.050277098464003


Cluster 02
Locus 001
Allele 092	0.023213633401773
Allele 094	0.445289134387911
Allele 096	0.045111751930830
Allele 098	0.232253140231317
Allele 100	0.079353603124003
Allele 102	0.072528698435661
Allele 104	0.060309345076436
Allele 106	0.023194478039583
Allele 108	0.018746215372484

Locus 002
Allele 118	0.019945969455832
Allele 122	0.026250859076801
Allele 124	0.215762462258070
Allele 126	0.108646959347732
Allele 127	0.013122769781017
Allele 128	0.046644852691369
Allele 130	0.112457139669373
Allele 132	0.299096424221958
Allele 134	0.018929143738856
Allele 135	0.061488398598971
Allele 137	0.064138759276635
Allele 151	0.013516261883386

Locus 003
Allele 130	0.025816023939257
Allele 133	0.014212244258307
Allele 136	0.182961763111893
Allele 138	0.117179038766874
Allele 139	0.164277103387081
Allele 141	0.026241347308172
Allele 143	0.023721896724453
Allele 145	0.098968821559029
Allele 146	0.084228710409959
Allele 147	0.012851418110298
Allele 148	0.085481636007139
Allele 150	0.073494633363017
Allele 152	0.071484988991204
Allele 156	0.019080374063317

Locus 004
Allele 093	0.068002904321929
Allele 095	0.080152186560489
Allele 096	0.016871783115045
Allele 097	0.214941600378018
Allele 099	0.047501921004596
Allele 100	0.054631899166831
Allele 101	0.053897247037651
Allele 103	0.176764891743644
Allele 105	0.039633670923116
Allele 107	0.113471776791169
Allele 109	0.012880245218642
Allele 110	0.034902281875718
Allele 113	0.015957364425612
Allele 121	0.013947623320687
Allele 123	0.023508050236003
Allele 125	0.016269971745993
Allele 131	0.016664582134856

Locus 005
Allele 218	0.011951393744121
Allele 220	0.070011146224286
Allele 222	0.171364764622539
Allele 224	0.083811362796229
Allele 226	0.106036352641097
Allele 228	0.028423690775978
Allele 230	0.042854873786554
Allele 232	0.043873048891003
Allele 234	0.067764010249793
Allele 236	0.082981653078644
Allele 238	0.072726151273913
Allele 240	0.045022580703621
Allele 242	0.052478664225698
Allele 244	0.016833922807319
Allele 246	0.025350246245335
Allele 248	0.014927903845235
Allele 250	0.015169874049708
Allele 252	0.022870881219555
Allele 254	0.013334149961818
Allele 256	0.012213328857554

Locus 006
Allele 094	0.127284550240942
Allele 096	0.253489313857811
Allele 098	0.031854548657702
Allele 100	0.016028081354300
Allele 102	0.131088826386320
Allele 104	0.241487869862360
Allele 106	0.038684927097693
Allele 108	0.042502503281004
Allele 110	0.027666869229489
Allele 112	0.019717653460174
Allele 114	0.018795197112019
Allele 124	0.018530473668249
Allele 126	0.012934178755917
Allele 149	0.019935007036023

Locus 007
Allele 202	0.017391208493960
Allele 204	0.029980043588879
Allele 206	0.013910725769259
Allele 208	0.179899558697848
Allele 210	0.024585200155269
Allele 212	0.256278124882559
Allele 214	0.066231303957624
Allele 216	0.116489750993973
Allele 218	0.040514376165416
Allele 220	0.080104080497620
Allele 222	0.033253380557166
Allele 224	0.063072702159882
Allele 226	0.028667133719841
Allele 228	0.018714559143973
Allele 233	0.015565648614110
Allele 238	0.015342202602619

Locus 008
Allele 121	0.087102451227462
Allele 123	0.070419012131643
Allele 125	0.056232182496391
Allele 127	0.014735236567968
Allele 129	0.068911745891897
Allele 131	0.180105012887659
Allele 133	0.144278631322839
Allele 135	0.290076955860954
Allele 137	0.053170916614410
Allele 151	0.019199349920132
Allele 161	0.015768505078644

Locus 009
Allele 161	0.023601267736408
Allele 165	0.049984178394257
Allele 167	0.055080689223252
Allele 169	0.062004565992158
Allele 171	0.246745555717377
Allele 173	0.165734896091444
Allele 175	0.132011974996057
Allele 177	0.144320588195441
Allele 179	0.017082872348620
Allele 181	0.054316208230377
Allele 183	0.021751691404150
Allele 185	0.027365511670458

Locus 010
Allele 108	0.034519959268178
Allele 115	0.012951795612387
Allele 121	0.016163911406589
Allele 123	0.040816230227055
Allele 125	0.058135259773637
Allele 127	0.113086752690241
Allele 129	0.079836565654145
Allele 131	0.110628041901509
Allele 133	0.113028362505848
Allele 135	0.078260356973707
Allele 137	0.085473039169370
Allele 139	0.023710147225048
Allele 141	0.048312078071191
Allele 143	0.013632979753228
Allele 145	0.049572421879027
Allele 147	0.024508235761731
Allele 149	0.041519702466808
Allele 152	0.025951993914873
Allele 155	0.013210515696898
Allele 157	0.016681650048529


Cluster 03
Locus 001
Allele 092	0.077502693918032
Allele 094	0.176930707244430
Allele 096	0.147673610017821
Allele 098	0.069628696415677
Allele 100	0.138779975299223
Allele 102	0.200703641836682
Allele 104	0.057479796874615
Allele 106	0.077079651642223
Allele 108	0.054221226751298

Locus 002
Allele 118	0.033483982271157
Allele 122	0.033397052090392
Allele 124	0.333290771524924
Allele 126	0.060302930492912
Allele 127	0.028925326805275
Allele 128	0.041705531770307
Allele 130	0.039579048966842
Allele 132	0.086519895697641
Allele 134	0.029398123619200
Allele 135	0.164039055104917
Allele 137	0.121381036080941
Allele 151	0.027977245575492

Locus 003
Allele 130	0.031233334634975
Allele 133	0.027631915076263
Allele 136	0.094448194095948
Allele 138	0.092164459710754
Allele 139	0.065181379221334
Allele 141	0.063833564598226
Allele 143	0.025912384693571
Allele 145	0.052404827608027
Allele 146	0.184848290147773
Allele 147	0.027918316053976
Allele 148	0.057779656052870
Allele 150	0.135633230940558
Allele 152	0.109775330025289
Allele 156	0.031235117140435

Locus 004
Allele 093	0.045799242270326
Allele 095	0.035914082192208
Allele 096	0.035044150195490
Allele 097	0.116056344145598
Allele 099	0.036291863846516
Allele 100	0.137411042159701
Allele 101	0.105381810022552
Allele 103	0.085161397579378
Allele 105	0.056004758249105
Allele 107	0.066547093824900
Allele 109	0.088558096676570
Allele 110	0.030846024151210
Allele 113	0.032981493850120
Allele 121	0.038978107033818
Allele 123	0.036295887157461
Allele 125	0.026507232531195
Allele 131	0.026221374113852

Locus 005
Allele 218	0.040724696679011
Allele 220	0.125861386587727
Allele 222	0.084374199426964
Allele 224	0.057703095441828
Allele 226	0.050398437920640
Allele 228	0.035394712426357
Allele 230	0.045127748335394
Allele 232	0.116998370849687
Allele 234	0.058962180293466
Allele 236	0.033255539300346
Allele 238	0.054654583397871
Allele 240	0.051559306623149
Allele 242	0.036608283457241
Allele 244	0.024546789111914
Allele 246	0.024556590802800
Allele 248	0.023893306425888
Allele 250	0.033931656062372
Allele 252	0.030647971941628
Allele 254	0.031547172018229
Allele 256	0.039253972897488

Locus 006
Allele 094	0.120438313685904
Allele 096	0.080780186727023
Allele 098	0.033324957095261
Allele 100	0.036024788621941
Allele 102	0.074256975421020
Allele 104	0.042660474958933
Allele 106	0.316624672402058
Allele 108	0.060674678494213
Allele 110	0.095488787320104
Allele 112	0.028492125275743
Allele 114	0.030232504480731
Allele 124	0.027456303551990
Allele 126	0.025745435579203
Allele 149	0.027799796385878

Locus 007
Allele 202	0.027382525873026
Allele 204	0.039362365248543
Allele 206	0.025681840686113
Allele 208	0.041840378382689
Allele 210	0.035904722576813
Allele 212	0.078136324065439
Allele 214	0.155270438621412
Allele 216	0.101319795837337
Allele 218	0.103016794409594
Allele 220	0.042086683310587
Allele 222	0.048499109918565
Allele 224	0.154415167212879
Allele 226	0.050956348503604
Allele 228	0.036891904726502
Allele 233	0.032774681092580
Allele 238	0.026460919534316

Locus 008
Allele 121	0.045881821469018
Allele 123	0.094378452879327
Allele 125	0.107410989658485
Allele 127	0.029451514165455
Allele 129	0.040144791081766
Allele 131	0.396247609908455
Allele 133	0.052560609673844
Allele 135	0.104869137129723
Allele 137	0.059428362584515
Allele 151	0.038686448988001
Allele 161	0.030940262461412

Locus 009
Allele 161	0.044531063019825
Allele 165	0.040032641481314
Allele 167	0.047287363956740
Allele 169	0.078433269713975
Allele 171	0.312768303821675
Allele 173	0.103634301932684
Allele 175	0.070747005081267
Allele 177	0.072896296263418
Allele 179	0.032238902228620
Allele 181	0.071837375487856
Allele 183	0.061186358435868
Allele 185	0.064407118576756

Locus 010
Allele 108	0.032319246442563
Allele 115	0.027853698323231
Allele 121	0.023369033944952
Allele 123	0.040757952640835
Allele 125	0.071423976639148
Allele 127	0.032982577887094
Allele 129	0.111298539435169
Allele 131	0.070994043698758
Allele 133	0.109262325887745
Allele 135	0.146514861110952
Allele 137	0.039893386568326
Allele 139	0.035573182496270
Allele 141	0.036488271523591
Allele 143	0.030837351120588
Allele 145	0.031384977738432
Allele 147	0.044539131779983
Allele 149	0.031674477411634
Allele 152	0.026206412256798
Allele 155	0.031370693916479
Allele 157	0.025255859177450


Cluster 04
Locus 001
Allele 092	0.104631729274462
Allele 094	0.128973428632415
Allele 096	0.109889720925623
Allele 098	0.121533415345908
Allele 100	0.125241149429020
Allele 102	0.095528922182871
Allele 104	0.101780379460466
Allele 106	0.125468431852571
Allele 108	0.086952822896661

Locus 002
Allele 118	0.070434453880081
Allele 122	0.074603016848696
Allele 124	0.091262996074738
Allele 126	0.094232591632678
Allele 127	0.075673783808474
Allele 128	0.083596018652832
Allele 130	0.098033219428096
Allele 132	0.103865129818200
Allele 134	0.073785732979727
Allele 135	0.076314557480656
Allele 137	0.086994534225192
Allele 151	0.071203965170630

Locus 003
Allele 130	0.063548563643990
Allele 133	0.063631252884648
Allele 136	0.077385277742163
Allele 138	0.084285662301233
Allele 139	0.087812151466370
Allele 141	0.068800620251758
Allele 143	0.058112824592094
Allele 145	0.066602202884695
Allele 146	0.074562096991380
Allele 147	0.064308259061409
Allele 148	0.072997385434017
Allele 150	0.083238728364140
Allele 152	0.065457481308852
Allele 156	0.069257493073249

Locus 004
Allele 093	0.052992572587020
Allele 095	0.057813550748188
Allele 096	0.050547257006360
Allele 097	0.059830451316222
Allele 099	0.062182300659411
Allele 100	0.059460594565333
Allele 101	0.065664834261874
Allele 103	0.081029392188443
Allele 105	0.059985494730741
Allele 107	0.062350720889993
Allele 109	0.050153507299164
Allele 110	0.054700401780180
Allele 113	0.053178122677321
Allele 121	0.071027273735664
Allele 123	0.050849837653672
Allele 125	0.054132305158210
Allele 131	0.054101382742207

Locus 005
Allele 218	0.043181534465138
Allele 220	0.050782497385216
Allele 222	0.055105344679808
Allele 224	0.057620206561670
Allele 226	0.049773656379330
Allele 228	0.059865839716488
Allele 230	0.049989963150725
Allele 232	0.050000150101729
Allele 234	0.066076755274822
Allele 236	0.049584244964838
Allele 238	0.052058858848190
Allele 240	0.048638861661723
Allele 242	0.045476535498009
Allele 244	0.045637798868133
Allele 246	0.045604164831367
Allele 248	0.049790674529307
Allele 250	0.047255443751071
Allele 252	0.048025631015973
Allele 254	0.043230055587349
Allele 256	0.042301782729115

Locus 006
Allele 094	0.076115483533884
Allele 096	0.075950001341796
Allele 098	0.080968183389555
Allele 100	0.058405764497382
Allele 102	0.067945125879074
Allele 104	0.080209569133471
Allele 106	0.108663519071251
Allele 108	0.063331348688234
Allele 110	0.077845820721901
Allele 112	0.065982369935581
Allele 114	0.061467253925294
Allele 124	0.063845623886086
Allele 126	0.059361244961687
Allele 149	0.059908691034805

Locus 007
Allele 202	0.058690091994146
Allele 204	0.058246681161960
Allele 206	0.052900548714184
Allele 208	0.061700472769089
Allele 210	0.059384474482630
Allele 212	0.085610305952422
Allele 214	0.064295911716295
Allele 216	0.061761353661291
Allele 218	0.065988260252234
Allele 220	0.064041580860262
Allele 222	0.064953224728279
Allele 224	0.062545214835578
Allele 226	0.072648560434772
Allele 228	0.057072879145218
Allele 233	0.054113172454178
Allele 238	0.056047266837461

Locus 008
Allele 121	0.091184311932563
Allele 123	0.102186659840136
Allele 125	0.081083624174932
Allele 127	0.072959130569551
Allele 129	0.087970882978435
Allele 131	0.129677867867225
Allele 133	0.090379411661840
Allele 135	0.087761632123448
Allele 137	0.104169925857530
Allele 151	0.073641589514329
Allele 161	0.078984963480009

Locus 009
Allele 161	0.069522163136102
Allele 165	0.071517125566931
Allele 167	0.091193119170636
Allele 169	0.079419423558131
Allele 171	0.085703045851731
Allele 173	0.115154330363578
Allele 175	0.078259612752250
Allele 177	0.104346669447564
Allele 179	0.077187975052786
Allele 181	0.076027751186806
Allele 183	0.082073148644538
Allele 185	0.069595635268947

Locus 010
Allele 108	0.044596349048522
Allele 115	0.042409649258352
Allele 121	0.044547772740805
Allele 123	0.050444888074482
Allele 125	0.054965637627449
Allele 127	0.047459011553919
Allele 129	0.052219942488720
Allele 131	0.051997098228877
Allele 133	0.050085665529094
Allele 135	0.052178729698421
Allele 137	0.055037012046619
Allele 139	0.069433371054616
Allele 141	0.053339534688113
Allele 143	0.057824248071095
Allele 145	0.042314571163609
Allele 147	0.047837573186648
Allele 149	0.047828737621534
Allele 152	0.044326685222670
Allele 155	0.045864246318437
Allele 157	0.045289276378020


Cluster 05
Locus 001
Allele 092	0.100910602878763
Allele 094	0.116456562795552
Allele 096	0.103982297362311
Allele 098	0.111042746570337
Allele 100	0.107438521146096
Allele 102	0.103098236464380
Allele 104	0.106685071120238
Allele 106	0.151699240758697
Allele 108	0.098686720903625

Locus 002
Allele 118	0.079155083365142
Allele 122	0.080049114572719
Allele 124	0.082803489019107
Allele 126	0.103209955592960
Allele 127	0.077415276564891
Allele 128	0.092327584921194
Allele 130	0.082580891459354
Allele 132	0.083562382399636
Allele 134	0.078378896938238
Allele 135	0.083313435592923
Allele 137	0.080102952976605
Allele 151	0.077100936597232

Locus 003
Allele 130	0.067710629549674
Allele 133	0.066805908548135
Allele 136	0.069760254700190
Allele 138	0.075047508488090
Allele 139	0.069083549572414
Allele 141	0.067749162790251
Allele 143	0.065997103075545
Allele 145	0.073157378204194
Allele 146	0.085611655250847
Allele 147	0.066090438945521
Allele 148	0.073042823701376
Allele 150	0.069332334535240
Allele 152	0.082847596262265
Allele 156	0.067763656376258

Locus 004
Allele 093	0.056418476694116
Allele 095	0.058136280381146
Allele 096	0.056250807566411
Allele 097	0.058916809502185
Allele 099	0.068710009016884
Allele 100	0.058121948955090
Allele 101	0.062976699143077
Allele 103	0.061106366197921
Allele 105	0.056946215948501
Allele 107	0.057793361607151
Allele 109	0.055148142699368
Allele 110	0.057072654415877
Allele 113	0.056826006273473
Allele 121	0.056628230940621
Allele 123	0.057224681679259
Allele 125	0.060999337201773
Allele 131	0.060723971777147

Locus 005
Allele 218	0.046787021691868
Allele 220	0.061242089528778
Allele 222	0.049998933646203
Allele 224	0.050220873203237
Allele 226	0.050092132785076
Allele 228	0.057782074455236
Allele 230	0.050559085945756
Allele 232	0.048284665027872
Allele 234	0.051502659634114
Allele 236	0.051355170779026
Allele 238	0.048588462077016
Allele 240	0.051940170884978
Allele 242	0.047251822078751
Allele 244	0.048450031906265
Allele 246	0.047735994217022
Allele 248	0.047931501143620
Allele 250	0.046852407314412
Allele 252	0.049021517016585
Allele 254	0.047222271270006
Allele 256	0.047181115394180

Locus 006
Allele 094	0.068072710559507
Allele 096	0.071185415648484
Allele 098	0.085022419321786
Allele 100	0.066717121921492
Allele 102	0.076519199617971
Allele 104	0.077362609948476
Allele 106	0.069501686739977
Allele 108	0.068122824375085
Allele 110	0.075289479732987
Allele 112	0.071387344985247
Allele 114	0.066894395995742
Allele 124	0.069034252284869
Allele 126	0.067672535763138
Allele 149	0.067218003105239

Locus 007
Allele 202	0.057790547965636
Allele 204	0.058497778490642
Allele 206	0.058240534826301
Allele 208	0.061482788475598
Allele 210	0.061296486322277
Allele 212	0.061319379396731
Allele 214	0.059652299543575
Allele 216	0.061684335205539
Allele 218	0.064494438376517
Allele 220	0.062729650563170
Allele 222	0.061750600426377
Allele 224	0.075665620312126
Allele 226	0.079587271386199
Allele 228	0.057583581723510
Allele 233	0.058298081498205
Allele 238	0.059926605487595

Locus 008
Allele 121	0.086778434400097
Allele 123	0.093453580829395
Allele 125	0.091405680975437
Allele 127	0.082159981483178
Allele 129	0.085154141284795
Allele 131	0.123626182475314
Allele 133	0.089261716497888
Allele 135	0.090366086466793
Allele 137	0.090311541901910
Allele 151	0.083029238889213
Allele 161	0.084453414795980

Locus 009
Allele 161	0.077845932543825
Allele 165	0.079443274965226
Allele 167	0.082902615020713
Allele 169	0.078697883154068
Allele 171	0.085298836876488
Allele 173	0.092687671179869
Allele 175	0.082877236897958
Allele 177	0.081232417161503
Allele 179	0.076330477824428
Allele 181	0.080742487652852
Allele 183	0.104664154998949
Allele 185	0.077277011724121

Locus 010
Allele 108	0.048688548928673
Allele 115	0.047076676706298
Allele 121	0.049667790836341
Allele 123	0.050061571566065
Allele 125	0.049379450602864
Allele 127	0.050453259590347
Allele 129	0.050578290939955
Allele 131	0.049351439403635
Allele 133	0.055034694608784
Allele 135	0.048904114809110
Allele 137	0.063634098854449
Allele 139	0.048009821790130
Allele 141	0.050135718179669
Allele 143	0.048513549084527
Allele 145	0.048144489383624
Allele 147	0.048215767388603
Allele 149	0.048272484794740
Allele 152	0.049333851336080
Allele 155	0.047954669267953
Allele 157	0.048589711928149


Cluster 06
Locus 001
Allele 092	0.071708317534915
Allele 094	0.143241553656723
Allele 096	0.078004554696390
Allele 098	0.207753901289592
Allele 100	0.074445344954660
Allele 102	0.136764533851028
Allele 104	0.147712796483316
Allele 106	0.067535322669944
Allele 108	0.072833674863430

Locus 002
Allele 118	0.051918596424369
Allele 122	0.056228287636375
Allele 124	0.085966331911350
Allele 126	0.075089831513735
Allele 127	0.047307749825065
Allele 128	0.061794053955350
Allele 130	0.061645691569427
Allele 132	0.248145740766638
Allele 134	0.047282164227105
Allele 135	0.150804076501977
Allele 137	0.066636368455644
Allele 151	0.047181107212963

Locus 003
Allele 130	0.048134158423012
Allele 133	0.043899388559281
Allele 136	0.078101363284594
Allele 138	0.065652748504680
Allele 139	0.051542873678705
Allele 141	0.075511823458979
Allele 143	0.042572503364738
Allele 145	0.077376597867988
Allele 146	0.067200089566391
Allele 147	0.043481120700594
Allele 148	0.205496330293263
Allele 150	0.077214171901071
Allele 152	0.079348056160360
Allele 156	0.044468774236342

Locus 004
Allele 093	0.056384374919593
Allele 095	0.058079254368021
Allele 096	0.037765901105136
Allele 097	0.062286124156039
Allele 099	0.043977196478693
Allele 100	0.159946499495332
Allele 101	0.060605275215486
Allele 103	0.066944854605203
Allele 105	0.102013215079861
Allele 107	0.053695498087605
Allele 109	0.043262010257642
Allele 110	0.046525866970695
Allele 113	0.044993747362423
Allele 121	0.039079258888885
Allele 123	0.046315442421675
Allele 125	0.039243620568403
Allele 131	0.038881860019309

Locus 005
Allele 218	0.037054480763984
Allele 220	0.060199691170746
Allele 222	0.059661877494523
Allele 224	0.118962378145356
Allele 226	0.056544797361280
Allele 228	0.036895676308342
Allele 230	0.080572682182438
Allele 232	0.043056421134164
Allele 234	0.064412841790655
Allele 236	0.038637453588310
Allele 238	0.046513305613132
Allele 240	0.039352722531253
Allele 242	0.040389565521674
Allele 244	0.035270602636100
Allele 246	0.048015882460570
Allele 248	0.034491040238917
Allele 250	0.039791423575542
Allele 252	0.040237847443496
Allele 254	0.043566069376713
Allele 256	0.036373240662804

Locus 006
Allele 094	0.057955991279073
Allele 096	0.092146897605407
Allele 098	0.050588516049629
Allele 100	0.049113296619884
Allele 102	0.073635514607436
Allele 104	0.056346597991802
Allele 106	0.239993453403329
Allele 108	0.054373503101258
Allele 110	0.077498918397018
Allele 112	0.064013755599953
Allele 114	0.046045242921752
Allele 124	0.047321189413757
Allele 126	0.044846517838112
Allele 149	0.046120605171590

Locus 007
Allele 202	0.041339339978119
Allele 204	0.047663623802592
Allele 206	0.040957371112216
Allele 208	0.070494867582212
Allele 210	0.053448357122442
Allele 212	0.074439406387385
Allele 214	0.054158884562676
Allele 216	0.093553072515761
Allele 218	0.053052892286491
Allele 220	0.054497725369668
Allele 222	0.052765187811452
Allele 224	0.171626330341129
Allele 226	0.047442665139602
Allele 228	0.046614557642940
Allele 233	0.040427704718963
Allele 238	0.057518013626351

Locus 008
Allele 121	0.065673739404708
Allele 123	0.088985111452779
Allele 125	0.068455336269630
Allele 127	0.103381132996361
Allele 129	0.066046539165629
Allele 131	0.220009139988045
Allele 133	0.102017467740743
Allele 135	0.077118048546601
Allele 137	0.089413348671848
Allele 151	0.067494670664819
Allele 161	0.051405465098836

Locus 009
Allele 161	0.050361276516522
Allele 165	0.056925075670063
Allele 167	0.058281497742710
Allele 169	0.063358940309871
Allele 171	0.141296783178178
Allele 173	0.086482630056551
Allele 175	0.191688265124363
Allele 177	0.065311737494088
Allele 179	0.054157004159300
Allele 181	0.086721547329122
Allele 183	0.072732112108707
Allele 185	0.072683130310525

Locus 010
Allele 108	0.049519125543168
Allele 115	0.033140113848429
Allele 121	0.039775796088610
Allele 123	0.043618506420157
Allele 125	0.046079423609855
Allele 127	0.038370538527746
Allele 129	0.052152083178946
Allele 131	0.063240870994244
Allele 133	0.100722408834648
Allele 135	0.118720945456007
Allele 137	0.041921375309392
Allele 139	0.038171931610002
Allele 141	0.066618414784052
Allele 143	0.033288772901071
Allele 145	0.039581518310883
Allele 147	0.035960577224445
Allele 149	0.038366253610962
Allele 152	0.043036343061903
Allele 155	0.037420025584632
Allele 157	0.040294975100849


Cluster 07
Locus 001
Allele 092	0.084668580084810
Allele 094	0.376400642729551
Allele 096	0.059637113606618
Allele 098	0.172763246540094
Allele 100	0.087832070573399
Allele 102	0.033030918886236
Allele 104	0.109523945245830
Allele 106	0.047675646331453
Allele 108	0.028467836002010

Locus 002
Allele 118	0.037518649262818
Allele 122	0.062212984346654
Allele 124	0.054356296055984
Allele 126	0.197475596310642
Allele 127	0.031801990315967
Allele 128	0.232372124727390
Allele 130	0.045532872009305
Allele 132	0.114979840066932
Allele 134	0.023382562362755
Allele 135	0.102809934971790
Allele 137	0.061765540472037
Allele 151	0.035791609097728

Locus 003
Allele 130	0.043759674117037
Allele 133	0.029204907671370
Allele 136	0.045786324588611
Allele 138	0.083098059830538
Allele 139	0.129125398573331
Allele 141	0.042766473354587
Allele 143	0.019727129527796
Allele 145	0.083451128639359
Allele 146	0.073361171511167
Allele 147	0.031648397042789
Allele 148	0.229733927028642
Allele 150	0.034741152554401
Allele 152	0.118971904111978
Allele 156	0.034624351448394

Locus 004
Allele 093	0.027043349518447
Allele 095	0.078134738863336
Allele 096	0.019149020881108
Allele 097	0.127545108032182
Allele 099	0.081917445483357
Allele 100	0.033032783432866
Allele 101	0.296416499978595
Allele 103	0.075548600106846
Allele 105	0.037580720042506
Allele 107	0.055969817139608
Allele 109	0.019474242401951
Allele 110	0.023394838291847
Allele 113	0.034651601268126
Allele 121	0.029163042394350
Allele 123	0.020450525947534
Allele 125	0.020572838732757
Allele 131	0.019954827484583

Locus 005
Allele 218	0.017347535963084
Allele 220	0.072079033030366
Allele 222	0.060927328648290
Allele 224	0.178672454283352
Allele 226	0.085226073057246
Allele 228	0.086758260001729
Allele 230	0.042866292075921
Allele 232	0.052345598378099
Allele 234	0.058561671910318
Allele 236	0.046197645792179
Allele 238	0.087900812837626
Allele 240	0.036446884712344
Allele 242	0.022775274815968
Allele 244	0.021059109722527
Allele 246	0.019083681039450
Allele 248	0.023840933675147
Allele 250	0.029792626699521
Allele 252	0.021233308864938
Allele 254	0.018926849404821
Allele 256	0.017958625087077

Locus 006
Allele 094	0.055523179556433
Allele 096	0.054375744942307
Allele 098	0.076820885349215
Allele 100	0.020044869943714
Allele 102	0.057456737486810
Allele 104	0.332551313067557
Allele 106	0.055918794817330
Allele 108	0.128408229805570
Allele 110	0.065883562460571
Allele 112	0.049236431942836
Allele 114	0.021288900229245
Allele 124	0.023457330217933
Allele 126	0.036684721664793
Allele 149	0.022349298515688

Locus 007
Allele 202	0.023626773340780
Allele 204	0.026738453451820
Allele 206	0.032632764470120
Allele 208	0.115866706002596
Allele 210	0.091069626849783
Allele 212	0.092334534171944
Allele 214	0.113695015498705
Allele 216	0.072444454493351
Allele 218	0.063099685824507
Allele 220	0.032589622324945
Allele 222	0.121389230504982
Allele 224	0.075905864776200
Allele 226	0.064836088081435
Allele 228	0.029288095357499
Allele 233	0.024101054741114
Allele 238	0.020382030110218

Locus 008
Allele 121	0.131302085020387
Allele 123	0.103769596019844
Allele 125	0.043329028204111
Allele 127	0.023596629548458
Allele 129	0.073997701580968
Allele 131	0.143511956791639
Allele 133	0.228790254114716
Allele 135	0.055760973595758
Allele 137	0.131086291225824
Allele 151	0.023851496385251
Allele 161	0.041003987513045

Locus 009
Allele 161	0.022317294868948
Allele 165	0.030396350200488
Allele 167	0.088687616499536
Allele 169	0.172244957171836
Allele 171	0.202978123520475
