Estimated Clustering Probabilities for Samples
Sample	***Cluster  01***	***Cluster  02***	***Cluster  03***	***Cluster  04***	***Cluster  05***	***Cluster  06***	***Cluster  07***	***Cluster  08***	
000001:	0.661455000000000	0.060990000000000	0.003800000000000	0.012715000000000	0.007520000000000	0.015240000000000	0.171930000000000	0.066350000000000		1
000002:	0.067795000000000	0.009770000000000	0.002985000000000	0.007335000000000	0.006730000000000	0.007975000000000	0.855020000000000	0.042390000000000		1
000003:	0.752610000000000	0.002275000000000	0.001135000000000	0.002950000000000	0.114640000000000	0.002285000000000	0.113790000000000	0.010315000000000		1
000004:	0.399830000000000	0.065100000000000	0.007720000000000	0.022610000000000	0.008475000000000	0.021105000000000	0.392370000000000	0.082790000000000		1
000005:	0.614410000000000	0.013430000000000	0.035360000000000	0.007220000000000	0.008330000000000	0.020730000000000	0.230185000000000	0.070335000000000		1
000006:	0.325075000000000	0.020100000000000	0.005080000000000	0.009640000000000	0.005740000000000	0.012550000000000	0.583870000000000	0.037945000000000		1
000007:	0.288875000000000	0.090480000000000	0.008260000000000	0.072500000000000	0.010425000000000	0.103985000000000	0.352805000000000	0.072670000000000		1
000008:	0.156355000000000	0.025230000000000	0.003845000000000	0.005265000000000	0.003640000000000	0.020765000000000	0.756955000000000	0.027945000000000		1
000009:	0.080005000000000	0.041320000000000	0.004670000000000	0.002650000000000	0.001870000000000	0.013520000000000	0.825335000000000	0.030630000000000		1
000010:	0.104160000000000	0.027155000000000	0.004635000000000	0.008035000000000	0.005800000000000	0.037980000000000	0.740510000000000	0.071725000000000		1
000011:	0.351490000000000	0.066955000000000	0.014890000000000	0.035820000000000	0.010885000000000	0.079750000000000	0.278865000000000	0.161345000000000		1
000012:	0.687275000000000	0.028815000000000	0.016635000000000	0.011490000000000	0.009175000000000	0.129510000000000	0.072155000000000	0.044945000000000		1
000013:	0.327860000000000	0.049140000000000	0.009165000000000	0.078390000000000	0.014135000000000	0.065400000000000	0.256590000000000	0.199320000000000		1
000014:	0.486920000000000	0.058130000000000	0.005255000000000	0.042890000000000	0.020350000000000	0.068185000000000	0.139215000000000	0.179055000000000		1
000015:	0.118150000000000	0.079010000000000	0.003535000000000	0.013280000000000	0.010970000000000	0.009695000000000	0.711740000000000	0.053620000000000		1
000016:	0.090930000000000	0.005870000000000	0.001220000000000	0.002825000000000	0.003395000000000	0.007555000000000	0.852775000000000	0.035430000000000		1
000017:	0.105505000000000	0.009300000000000	0.003340000000000	0.044615000000000	0.098845000000000	0.009635000000000	0.708335000000000	0.020425000000000		1
000018:	0.199125000000000	0.013715000000000	0.006885000000000	0.012245000000000	0.010270000000000	0.019560000000000	0.677930000000000	0.060270000000000		1
000019:	0.228075000000000	0.452980000000000	0.003540000000000	0.001285000000000	0.010245000000000	0.110930000000000	0.123555000000000	0.069390000000000		1
000020:	0.061200000000000	0.022445000000000	0.009355000000000	0.003215000000000	0.006025000000000	0.037635000000000	0.800155000000000	0.059970000000000		1
000021:	0.245930000000000	0.057175000000000	0.009205000000000	0.051420000000000	0.017170000000000	0.095210000000000	0.357910000000000	0.165980000000000		1
000022:	0.834570000000000	0.007775000000000	0.005120000000000	0.006010000000000	0.012025000000000	0.041900000000000	0.063135000000000	0.029465000000000		1
000023:	0.739680000000000	0.002210000000000	0.001200000000000	0.001390000000000	0.002885000000000	0.010850000000000	0.210705000000000	0.031080000000000		1
000024:	0.041355000000000	0.001835000000000	0.000935000000000	0.001285000000000	0.006365000000000	0.016770000000000	0.912030000000000	0.019425000000000		1
000025:	0.192845000000000	0.006840000000000	0.005670000000000	0.004290000000000	0.037150000000000	0.027415000000000	0.585490000000000	0.140300000000000		1
000026:	0.071955000000000	0.002825000000000	0.003155000000000	0.003620000000000	0.007435000000000	0.007155000000000	0.874490000000000	0.029365000000000		1
000027:	0.228195000000000	0.005135000000000	0.006470000000000	0.013700000000000	0.011600000000000	0.011880000000000	0.647130000000000	0.075890000000000		1
000028:	0.132080000000000	0.005270000000000	0.004725000000000	0.004385000000000	0.009475000000000	0.011675000000000	0.766625000000000	0.065765000000000		1
000029:	0.337680000000000	0.006940000000000	0.061720000000000	0.006075000000000	0.007310000000000	0.008315000000000	0.424985000000000	0.146975000000000		1
000030:	0.101100000000000	0.002880000000000	0.007990000000000	0.007185000000000	0.013020000000000	0.006590000000000	0.799435000000000	0.061800000000000		1
000031:	0.081775000000000	0.003445000000000	0.003675000000000	0.008740000000000	0.005645000000000	0.004435000000000	0.865695000000000	0.026590000000000		1
000032:	0.193240000000000	0.003115000000000	0.004035000000000	0.006400000000000	0.006120000000000	0.004660000000000	0.765035000000000	0.017395000000000		1
000033:	0.048225000000000	0.003185000000000	0.003035000000000	0.013265000000000	0.026995000000000	0.003360000000000	0.878675000000000	0.023260000000000		1
000034:	0.019745000000000	0.002020000000000	0.001925000000000	0.005735000000000	0.003530000000000	0.001870000000000	0.951690000000000	0.013485000000000		1
000035:	0.512065000000000	0.002475000000000	0.001410000000000	0.003435000000000	0.011910000000000	0.003350000000000	0.453580000000000	0.011775000000000		1
000036:	0.159280000000000	0.009265000000000	0.004440000000000	0.003785000000000	0.026495000000000	0.004915000000000	0.754985000000000	0.036835000000000		1
000037:	0.529700000000000	0.028075000000000	0.007560000000000	0.014675000000000	0.017560000000000	0.010425000000000	0.323875000000000	0.068130000000000		1
000038:	0.250360000000000	0.002670000000000	0.005930000000000	0.012885000000000	0.003870000000000	0.001635000000000	0.663370000000000	0.059280000000000		1
000039:	0.149490000000000	0.003705000000000	0.006720000000000	0.019755000000000	0.007555000000000	0.002500000000000	0.735670000000000	0.074605000000000		1
000040:	0.121305000000000	0.001185000000000	0.004175000000000	0.010185000000000	0.001330000000000	0.000935000000000	0.783530000000000	0.077355000000000		1
000041:	0.013565000000000	0.000255000000000	0.000345000000000	0.001040000000000	0.000445000000000	0.000820000000000	0.361210000000000	0.622320000000000		1
000042:	0.100205000000000	0.005860000000000	0.001385000000000	0.006615000000000	0.004770000000000	0.001385000000000	0.855470000000000	0.024310000000000		1
000043:	0.735975000000000	0.007955000000000	0.005690000000000	0.012900000000000	0.012420000000000	0.004960000000000	0.192220000000000	0.027880000000000		1
000044:	0.218020000000000	0.004255000000000	0.001985000000000	0.006020000000000	0.003380000000000	0.004265000000000	0.705915000000000	0.056160000000000		1
000045:	0.614100000000000	0.051660000000000	0.009680000000000	0.008280000000000	0.005960000000000	0.031405000000000	0.198565000000000	0.080350000000000		1
000046:	0.611515000000000	0.032975000000000	0.004980000000000	0.002700000000000	0.002725000000000	0.011840000000000	0.265070000000000	0.068195000000000		1
000047:	0.790180000000000	0.189930000000000	0.000540000000000	0.000265000000000	0.000310000000000	0.001760000000000	0.009605000000000	0.007410000000000		1
000048:	0.210815000000000	0.041890000000000	0.045925000000000	0.035960000000000	0.010000000000000	0.040480000000000	0.552690000000000	0.062240000000000		1
000049:	0.201360000000000	0.082315000000000	0.012400000000000	0.022605000000000	0.009630000000000	0.053385000000000	0.352130000000000	0.266175000000000		1
000050:	0.281030000000000	0.124080000000000	0.010715000000000	0.018025000000000	0.012660000000000	0.039590000000000	0.203820000000000	0.310080000000000		1
000051:	0.582125000000000	0.077940000000000	0.010220000000000	0.006740000000000	0.010435000000000	0.089860000000000	0.100350000000000	0.122330000000000		1
000052:	0.330570000000000	0.024300000000000	0.010775000000000	0.007200000000000	0.005880000000000	0.017600000000000	0.336745000000000	0.266930000000000		1
000053:	0.149270000000000	0.037780000000000	0.003710000000000	0.002940000000000	0.006155000000000	0.016160000000000	0.674900000000000	0.109085000000000		1
000054:	0.453095000000000	0.113635000000000	0.003280000000000	0.009905000000000	0.018755000000000	0.035180000000000	0.166570000000000	0.199580000000000		1
000055:	0.204490000000000	0.056390000000000	0.006210000000000	0.006520000000000	0.033140000000000	0.028515000000000	0.484455000000000	0.180280000000000		1
000056:	0.540075000000000	0.032600000000000	0.007115000000000	0.006595000000000	0.008555000000000	0.019320000000000	0.122395000000000	0.263345000000000		1
000057:	0.521950000000000	0.068780000000000	0.004460000000000	0.002600000000000	0.009720000000000	0.033415000000000	0.212950000000000	0.146125000000000		1
000058:	0.314640000000000	0.046065000000000	0.006685000000000	0.003025000000000	0.010080000000000	0.026060000000000	0.423075000000000	0.170370000000000		1
000059:	0.369160000000000	0.107045000000000	0.005255000000000	0.003610000000000	0.007925000000000	0.059680000000000	0.105300000000000	0.342025000000000		1
000060:	0.230390000000000	0.115790000000000	0.007800000000000	0.010465000000000	0.014380000000000	0.061370000000000	0.291000000000000	0.268805000000000		1
000061:	0.407480000000000	0.070155000000000	0.047450000000000	0.004310000000000	0.021120000000000	0.069030000000000	0.282930000000000	0.097525000000000		1
000062:	0.033670000000000	0.005985000000000	0.005190000000000	0.000530000000000	0.004900000000000	0.525200000000000	0.412845000000000	0.011680000000000		1
000063:	0.523155000000000	0.040225000000000	0.005560000000000	0.002170000000000	0.021730000000000	0.042160000000000	0.166730000000000	0.198270000000000		1
000064:	0.071430000000000	0.020925000000000	0.003490000000000	0.001155000000000	0.004705000000000	0.046030000000000	0.043855000000000	0.808410000000000		1
000065:	0.140840000000000	0.016640000000000	0.012720000000000	0.003465000000000	0.017680000000000	0.046935000000000	0.181060000000000	0.580660000000000		1
000066:	0.139620000000000	0.015645000000000	0.012260000000000	0.003480000000000	0.010000000000000	0.078500000000000	0.327760000000000	0.412735000000000		1
000067:	0.689310000000000	0.004100000000000	0.003715000000000	0.003605000000000	0.006765000000000	0.012105000000000	0.159265000000000	0.121135000000000		1
000068:	0.332180000000000	0.009700000000000	0.006890000000000	0.007260000000000	0.013980000000000	0.010290000000000	0.124395000000000	0.495305000000000		1
000069:	0.954150000000000	0.000895000000000	0.000725000000000	0.000875000000000	0.004490000000000	0.001505000000000	0.028025000000000	0.009335000000000		1
000070:	0.486575000000000	0.005445000000000	0.005595000000000	0.002235000000000	0.022470000000000	0.018670000000000	0.118230000000000	0.340780000000000		1
000071:	0.560825000000000	0.003585000000000	0.003870000000000	0.002500000000000	0.007845000000000	0.007435000000000	0.359740000000000	0.054200000000000		1
000072:	0.228535000000000	0.002185000000000	0.003975000000000	0.012350000000000	0.004360000000000	0.005680000000000	0.714360000000000	0.028555000000000		1
000073:	0.037710000000000	0.000770000000000	0.000815000000000	0.000875000000000	0.000690000000000	0.002055000000000	0.929795000000000	0.027290000000000		1
000074:	0.099850000000000	0.007085000000000	0.006700000000000	0.009945000000000	0.007270000000000	0.004460000000000	0.766965000000000	0.097725000000000		1
000075:	0.336630000000000	0.004115000000000	0.004335000000000	0.005980000000000	0.005275000000000	0.004525000000000	0.565960000000000	0.073180000000000		1



Estimated Allele Frequencies
Cluster 01
Locus 001
Allele 092	0.030098193676737
Allele 094	0.335538933146174
Allele 096	0.040297425618595
Allele 098	0.288700222187635
Allele 100	0.152906076291385
Allele 102	0.048739335532038
Allele 104	0.047503216588364
Allele 106	0.036353864224941
Allele 108	0.019862732734130

Locus 002
Allele 118	0.023003845910317
Allele 122	0.051796483972883
Allele 124	0.094506839659776
Allele 126	0.168923783293354
Allele 127	0.018195382554374
Allele 128	0.087876210711011
Allele 130	0.121850214265436
Allele 132	0.242456667266290
Allele 134	0.022218709191037
Allele 135	0.103026136771652
Allele 137	0.044962380195602
Allele 151	0.021183346208269

Locus 003
Allele 130	0.043949834578795
Allele 133	0.022672609996408
Allele 136	0.158449815084019
Allele 138	0.058263917894697
Allele 139	0.109973835432259
Allele 141	0.024884341832878
Allele 143	0.020194269256908
Allele 145	0.137586522150043
Allele 146	0.063657821224429
Allele 147	0.017211850682525
Allele 148	0.155143288805114
Allele 150	0.044068166710125
Allele 152	0.116859813664643
Allele 156	0.027083912687159

Locus 004
Allele 093	0.096453938939525
Allele 095	0.099013284245223
Allele 096	0.017515328112232
Allele 097	0.145000437348327
Allele 099	0.052492504727750
Allele 100	0.038175408347847
Allele 101	0.122280048947974
Allele 103	0.109398595958923
Allele 105	0.035681390511966
Allele 107	0.131696024452793
Allele 109	0.018523063653961
Allele 110	0.018669394077833
Allele 113	0.023318053399173
Allele 121	0.020184997806793
Allele 123	0.021818611633801
Allele 125	0.025263787559888
Allele 131	0.024515130275992

Locus 005
Allele 218	0.015932502488174
Allele 220	0.071363888198606
Allele 222	0.116423215440112
Allele 224	0.103800611709546
Allele 226	0.098623468738626
Allele 228	0.026573909475456
Allele 230	0.036464358480566
Allele 232	0.060355992179871
Allele 234	0.038141827663187
Allele 236	0.092971595109467
Allele 238	0.104680202805338
Allele 240	0.039968584072788
Allele 242	0.060842290139907
Allele 244	0.016063657141489
Allele 246	0.025875579006449
Allele 248	0.021671360947125
Allele 250	0.016649783034255
Allele 252	0.021158072026218
Allele 254	0.015629556443793
Allele 256	0.016809544899028

Locus 006
Allele 094	0.054721694089547
Allele 096	0.115327125938080
Allele 098	0.055241549221226
Allele 100	0.020757090313012
Allele 102	0.052209389801516
Allele 104	0.459699918901828
Allele 106	0.042773293753881
Allele 108	0.050037194060107
Allele 110	0.029965548610174
Allele 112	0.039081481971587
Allele 114	0.019600451230227
Allele 124	0.018648659939693
Allele 126	0.018105799368592
Allele 149	0.023830802800531

Locus 007
Allele 202	0.018647860796076
Allele 204	0.025026823051639
Allele 206	0.020686746603888
Allele 208	0.198344635009007
Allele 210	0.038295033118491
Allele 212	0.067262826145749
Allele 214	0.091085877030557
Allele 216	0.087210116075765
Allele 218	0.080308980978914
Allele 220	0.092428630717739
Allele 222	0.047755260041265
Allele 224	0.085104053116460
Allele 226	0.070478913147298
Allele 228	0.028149970002493
Allele 233	0.029551664024183
Allele 238	0.019662610140477

Locus 008
Allele 121	0.118349958152270
Allele 123	0.090588235415941
Allele 125	0.030765089174233
Allele 127	0.020526601290446
Allele 129	0.036190080236937
Allele 131	0.110960544174146
Allele 133	0.170598533007505
Allele 135	0.314590259614212
Allele 137	0.060474177535840
Allele 151	0.021491036032209
Allele 161	0.025465485366260

Locus 009
Allele 161	0.023258369699536
Allele 165	0.062114992397345
Allele 167	0.046586223563174
Allele 169	0.058945051363067
Allele 171	0.241133008408801
Allele 173	0.267473890830796
Allele 175	0.072821629306158
Allele 177	0.070587000504109
Allele 179	0.029792180512639
Allele 181	0.067613584837139
Allele 183	0.034476870061017
Allele 185	0.025197198516218

Locus 010
Allele 108	0.032609324683071
Allele 115	0.015457613991305
Allele 121	0.023928724921527
Allele 123	0.055355257926728
Allele 125	0.084439212139224
Allele 127	0.137260577403684
Allele 129	0.055154057453570
Allele 131	0.050722816904988
Allele 133	0.117096950807883
Allele 135	0.053598339527292
Allele 137	0.116959423056246
Allele 139	0.021812473851475
Allele 141	0.031445043071945
Allele 143	0.016729831004728
Allele 145	0.030921907485516
Allele 147	0.051847970460419
Allele 149	0.031111638118630
Allele 152	0.027486036692060
Allele 155	0.018552782373001
Allele 157	0.027510018126709


Cluster 02
Locus 001
Allele 092	0.114606192991637
Allele 094	0.162521193814962
Allele 096	0.099084286576848
Allele 098	0.154043770380337
Allele 100	0.099797612477392
Allele 102	0.082376578816341
Allele 104	0.095870791092402
Allele 106	0.115176883682248
Allele 108	0.076522690167834

Locus 002
Allele 118	0.070766722703107
Allele 122	0.078965692146158
Allele 124	0.071857815141754
Allele 126	0.121982881269578
Allele 127	0.060348519722943
Allele 128	0.090375980769790
Allele 130	0.077045132259289
Allele 132	0.083240260717829
Allele 134	0.066755120352394
Allele 135	0.070559622715147
Allele 137	0.137571101025502
Allele 151	0.070531151176507

Locus 003
Allele 130	0.057209923286729
Allele 133	0.063394994399721
Allele 136	0.068940037071320
Allele 138	0.074074917450227
Allele 139	0.077156734469664
Allele 141	0.060320261655702
Allele 143	0.053139366931834
Allele 145	0.071632460499635
Allele 146	0.117539946789708
Allele 147	0.053787346382083
Allele 148	0.108190749682569
Allele 150	0.061605911563810
Allele 152	0.070172819537817
Allele 156	0.062834530279180

Locus 004
Allele 093	0.050303763892992
Allele 095	0.054671731853188
Allele 096	0.047020813187464
Allele 097	0.064139091274402
Allele 099	0.068809833096865
Allele 100	0.056336503905698
Allele 101	0.069145908167195
Allele 103	0.101816105481598
Allele 105	0.052656587291184
Allele 107	0.055548803885135
Allele 109	0.046310168102498
Allele 110	0.054866482875477
Allele 113	0.050123944496601
Allele 121	0.054784358833407
Allele 123	0.046319510924125
Allele 125	0.063267118008777
Allele 131	0.063879274723393

Locus 005
Allele 218	0.040784467842053
Allele 220	0.051670399826865
Allele 222	0.049761904691442
Allele 224	0.077894697685181
Allele 226	0.057231981393352
Allele 228	0.045472346535080
Allele 230	0.046903925489421
Allele 232	0.046346886864227
Allele 234	0.079662909832584
Allele 236	0.053336560471161
Allele 238	0.046851168428972
Allele 240	0.063093507376151
Allele 242	0.044732982186437
Allele 244	0.041571364607584
Allele 246	0.042510257962239
Allele 248	0.044111410387771
Allele 250	0.043905283860335
Allele 252	0.043856419311966
Allele 254	0.039952828652526
Allele 256	0.040348696594655

Locus 006
Allele 094	0.093898704523046
Allele 096	0.084015456986168
Allele 098	0.076167540131042
Allele 100	0.054198457699777
Allele 102	0.086705780624207
Allele 104	0.091470303654701
Allele 106	0.068438852381606
Allele 108	0.062842756957571
Allele 110	0.079143052245500
Allele 112	0.074945960815657
Allele 114	0.055483144954213
Allele 124	0.060887651463525
Allele 126	0.055512299236843
Allele 149	0.056290038326144

Locus 007
Allele 202	0.075897853484538
Allele 204	0.052313619066978
Allele 206	0.048926881072648
Allele 208	0.068045631752091
Allele 210	0.057170522467470
Allele 212	0.060491333551772
Allele 214	0.067666968760369
Allele 216	0.060004277661472
Allele 218	0.067407544732601
Allele 220	0.089060115197255
Allele 222	0.073101093469594
Allele 224	0.060574930889370
Allele 226	0.061640277616351
Allele 228	0.056555750700292
Allele 233	0.049366702529758
Allele 238	0.051776497047443

Locus 008
Allele 121	0.105936307458480
Allele 123	0.104611381613129
Allele 125	0.072114205810498
Allele 127	0.067734098526967
Allele 129	0.080721246319959
Allele 131	0.099575704924648
Allele 133	0.109765291680423
Allele 135	0.088727426811428
Allele 137	0.129443399457420
Allele 151	0.067894280676149
Allele 161	0.073476656720897

Locus 009
Allele 161	0.066260264369514
Allele 165	0.071254296438355
Allele 167	0.096014042262724
Allele 169	0.085575128781977
Allele 171	0.103112785340264
Allele 173	0.106953656582324
Allele 175	0.080577026000716
Allele 177	0.098788885211267
Allele 179	0.068750299396221
Allele 181	0.077590322475509
Allele 183	0.079466457503439
Allele 185	0.065656835637690

Locus 010
Allele 108	0.045640903645261
Allele 115	0.040280939018532
Allele 121	0.043190833125079
Allele 123	0.053968371952308
Allele 125	0.056500689656468
Allele 127	0.050930635291306
Allele 129	0.055423419072310
Allele 131	0.045376485676642
Allele 133	0.057306157672839
Allele 135	0.046168235497173
Allele 137	0.067286849523583
Allele 139	0.093927063906987
Allele 141	0.046178155672600
Allele 143	0.041645706303744
Allele 145	0.041021041608892
Allele 147	0.040741073368250
Allele 149	0.042318485184682
Allele 152	0.044127754974376
Allele 155	0.042842448101598
Allele 157	0.045124750747368


Cluster 03
Locus 001
Allele 092	0.104665561828387
Allele 094	0.118031438424618
Allele 096	0.114761225893911
Allele 098	0.122990593850425
Allele 100	0.107772368978217
Allele 102	0.111337186803969
Allele 104	0.108623778848360
Allele 106	0.107966550295495
Allele 108	0.103851295076616

Locus 002
Allele 118	0.077978340809217
Allele 122	0.080550419954602
Allele 124	0.084997903886715
Allele 126	0.082944053307181
Allele 127	0.077534110650849
Allele 128	0.085096453102899
Allele 130	0.085924626017738
Allele 132	0.097677864025136
Allele 134	0.082080195174756
Allele 135	0.083935169466384
Allele 137	0.082691792877759
Allele 151	0.078589070726765

Locus 003
Allele 130	0.069099692740643
Allele 133	0.067665284714796
Allele 136	0.074594901274263
Allele 138	0.073398014174483
Allele 139	0.077663009617360
Allele 141	0.071064844804603
Allele 143	0.068332832561524
Allele 145	0.070338936657767
Allele 146	0.070487361840071
Allele 147	0.066963612593410
Allele 148	0.074029256401956
Allele 150	0.076352918887683
Allele 152	0.071652715555205
Allele 156	0.068356618176237

Locus 004
Allele 093	0.057774272724249
Allele 095	0.059197814193829
Allele 096	0.055135490606511
Allele 097	0.064271567269648
Allele 099	0.062479741239619
Allele 100	0.061452307779156
Allele 101	0.060151705203843
Allele 103	0.059935652960328
Allele 105	0.059341322613335
Allele 107	0.059218335497348
Allele 109	0.057270244914596
Allele 110	0.057050288923814
Allele 113	0.057077631559363
Allele 121	0.057215903974545
Allele 123	0.060735275718369
Allele 125	0.055364836592908
Allele 131	0.056327608228541

Locus 005
Allele 218	0.048416964260701
Allele 220	0.050006384886905
Allele 222	0.050966720162997
Allele 224	0.051794484366610
Allele 226	0.049935859363351
Allele 228	0.050017864574699
Allele 230	0.052441043338566
Allele 232	0.050591328653828
Allele 234	0.050282893941902
Allele 236	0.050716185528138
Allele 238	0.049424512810119
Allele 240	0.054176708818763
Allele 242	0.051720476815346
Allele 244	0.047882009861260
Allele 246	0.050502381746229
Allele 248	0.047865726595501
Allele 250	0.048359875149614
Allele 252	0.050697510615307
Allele 254	0.047045368776514
Allele 256	0.047155699733650

Locus 006
Allele 094	0.071873319179925
Allele 096	0.074357212285054
Allele 098	0.069738698152554
Allele 100	0.066883272176367
Allele 102	0.070464831180504
Allele 104	0.078800549309729
Allele 106	0.071580011061341
Allele 108	0.077813287619559
Allele 110	0.071376000894800
Allele 112	0.070723152075587
Allele 114	0.067740862127104
Allele 124	0.069194459674200
Allele 126	0.070130688441650
Allele 149	0.069323655821628

Locus 007
Allele 202	0.059227106672819
Allele 204	0.060107733698663
Allele 206	0.059767451253287
Allele 208	0.062766634002912
Allele 210	0.062622048019094
Allele 212	0.072390302796530
Allele 214	0.064337510255753
Allele 216	0.061268863119073
Allele 218	0.062650398425554
Allele 220	0.062979214087682
Allele 222	0.062512840066427
Allele 224	0.063852821289253
Allele 226	0.062402422700116
Allele 228	0.059743888011030
Allele 233	0.060723833915168
Allele 238	0.062646931686638

Locus 008
Allele 121	0.092923192682704
Allele 123	0.091955728211674
Allele 125	0.089718993897862
Allele 127	0.084727482057921
Allele 129	0.092940473402674
Allele 131	0.091100274802987
Allele 133	0.103044279506138
Allele 135	0.095272075961631
Allele 137	0.087048389089175
Allele 151	0.085555398973305
Allele 161	0.085713711413928

Locus 009
Allele 161	0.078487792192376
Allele 165	0.080904749177958
Allele 167	0.082816922344837
Allele 169	0.085193239945075
Allele 171	0.081987801809670
Allele 173	0.088096565846869
Allele 175	0.083733601448591
Allele 177	0.085100144572387
Allele 179	0.079754831412719
Allele 181	0.090022399374551
Allele 183	0.084259408554569
Allele 185	0.079642543320399

Locus 010
Allele 108	0.052103691129728
Allele 115	0.047898636979758
Allele 121	0.048827361815913
Allele 123	0.049471879076016
Allele 125	0.052634517015124
Allele 127	0.049406424159541
Allele 129	0.051158236308762
Allele 131	0.051965211185894
Allele 133	0.051489189700454
Allele 135	0.049210216992494
Allele 137	0.051070601971843
Allele 139	0.049902821184837
Allele 141	0.052209055790613
Allele 143	0.048418486296554
Allele 145	0.049104080312410
Allele 147	0.048637913419894
Allele 149	0.051347224740408
Allele 152	0.048427838483331
Allele 155	0.047434241932130
Allele 157	0.049282371504298


Cluster 04
Locus 001
Allele 092	0.112327699754212
Allele 094	0.116984781816149
Allele 096	0.122003148738199
Allele 098	0.106834602814091
Allele 100	0.107009275064932
Allele 102	0.109529133192088
Allele 104	0.104331037435105
Allele 106	0.121579551220213
Allele 108	0.099400769965009

Locus 002
Allele 118	0.077388322689293
Allele 122	0.079593735341682
Allele 124	0.086605987489658
Allele 126	0.090704076019888
Allele 127	0.074749845758395
Allele 128	0.093201172993919
Allele 130	0.080475845643597
Allele 132	0.097922355917108
Allele 134	0.075425266146903
Allele 135	0.080926342708975
Allele 137	0.086937269742217
Allele 151	0.076069779548366

Locus 003
Allele 130	0.066407547815598
Allele 133	0.066008504958375
Allele 136	0.072446552351478
Allele 138	0.081726746928168
Allele 139	0.070702225853711
Allele 141	0.077700304113997
Allele 143	0.067722052808421
Allele 145	0.074836554553851
Allele 146	0.069942160814781
Allele 147	0.066123428166214
Allele 148	0.070392831261857
Allele 150	0.070554686431558
Allele 152	0.070614041504127
Allele 156	0.074822362437865

Locus 004
Allele 093	0.057765772119417
Allele 095	0.059496107712134
Allele 096	0.058012193566093
Allele 097	0.060820541340540
Allele 099	0.059255188032782
Allele 100	0.066427108147741
Allele 101	0.063145969002271
Allele 103	0.065651620447903
Allele 105	0.057136480649816
Allele 107	0.061633814671348
Allele 109	0.056057434754073
Allele 110	0.055935136755467
Allele 113	0.055633936684943
Allele 121	0.056880824799599
Allele 123	0.056001799473723
Allele 125	0.054524027206411
Allele 131	0.055622044635740

Locus 005
Allele 218	0.047419152988723
Allele 220	0.052800592976065
Allele 222	0.054178050360100
Allele 224	0.054874216480903
Allele 226	0.054736819361056
Allele 228	0.050464463094385
Allele 230	0.055309676084281
Allele 232	0.049229574361556
Allele 234	0.050581051412908
Allele 236	0.053345236215564
Allele 238	0.049027444838889
Allele 240	0.048135399498369
Allele 242	0.048834015232494
Allele 244	0.047299929803245
Allele 246	0.049512122676940
Allele 248	0.046654823427237
Allele 250	0.047041729060694
Allele 252	0.047184545570911
Allele 254	0.046248241105906
Allele 256	0.047122915449775

Locus 006
Allele 094	0.075639044258747
Allele 096	0.083519619395685
Allele 098	0.072318898448933
Allele 100	0.067915894198252
Allele 102	0.068846949262726
Allele 104	0.072403335801777
Allele 106	0.072063585055126
Allele 108	0.070749039260917
Allele 110	0.077981056380601
Allele 112	0.068948980242221
Allele 114	0.066597817942387
Allele 124	0.068683169233414
Allele 126	0.066552414883756
Allele 149	0.067780195635459

Locus 007
Allele 202	0.058490460126912
Allele 204	0.059523848847136
Allele 206	0.059100787872341
Allele 208	0.061388683287017
Allele 210	0.059303596191224
Allele 212	0.062669337631376
Allele 214	0.067722872664547
Allele 216	0.062073869146443
Allele 218	0.063157945877345
Allele 220	0.062497536610868
Allele 222	0.063980553379548
Allele 224	0.069863939698224
Allele 226	0.069884965450449
Allele 228	0.059779219053641
Allele 233	0.058910288916947
Allele 238	0.061652095245983

Locus 008
Allele 121	0.097376616837862
Allele 123	0.115403417173979
Allele 125	0.085670477779051
Allele 127	0.083612419508375
Allele 129	0.086988046050099
Allele 131	0.096860100804509
Allele 133	0.094548298942534
Allele 135	0.085838418801125
Allele 137	0.086108575151680
Allele 151	0.084976391261489
Allele 161	0.082617237689297

Locus 009
Allele 161	0.082526605260110
Allele 165	0.081034582729368
Allele 167	0.080960371780615
Allele 169	0.085482888124579
Allele 171	0.083157475487014
Allele 173	0.095677659454558
Allele 175	0.083670254439971
Allele 177	0.080591789926056
Allele 179	0.077086569167336
Allele 181	0.084032873072938
Allele 183	0.085032505106013
Allele 185	0.080746425451443

Locus 010
Allele 108	0.048791917601659
Allele 115	0.046225763192630
Allele 121	0.047307221142313
Allele 123	0.049764832488830
Allele 125	0.054849760253209
Allele 127	0.048514703504482
Allele 129	0.051287867620776
Allele 131	0.049292400775997
Allele 133	0.054828871049016
Allele 135	0.056492354684326
Allele 137	0.056666681037105
Allele 139	0.047120424830513
Allele 141	0.049811638100088
Allele 143	0.048231355886859
Allele 145	0.048665604683677
Allele 147	0.046962954132789
Allele 149	0.049364718691840
Allele 152	0.047971368902231
Allele 155	0.049822418855282
Allele 157	0.048027142566378


Cluster 05
Locus 001
Allele 092	0.106545039224512
Allele 094	0.133571934464985
Allele 096	0.107391435964770
Allele 098	0.113183741161405
Allele 100	0.117718623343340
Allele 102	0.108902888406114
Allele 104	0.112447361266778
Allele 106	0.100480975494762
Allele 108	0.099758000673335

Locus 002
Allele 118	0.082310962653929
Allele 122	0.081580559585415
Allele 124	0.095846073370310
Allele 126	0.080664117191355
Allele 127	0.074059437670508
Allele 128	0.086111877123744
Allele 130	0.080561767507433
Allele 132	0.092431724701194
Allele 134	0.076633614104798
Allele 135	0.082468539209947
Allele 137	0.092701032011942
Allele 151	0.074630294869426

Locus 003
Allele 130	0.069116532155508
Allele 133	0.066565171615408
Allele 136	0.083716020014648
Allele 138	0.074425133272156
Allele 139	0.075510347325423
Allele 141	0.076390313261146
Allele 143	0.066404297433670
Allele 145	0.072312176534058
Allele 146	0.071970344789846
Allele 147	0.064688510622895
Allele 148	0.071865627125703
Allele 150	0.069123343090257
Allele 152	0.071423049613011
Allele 156	0.066489133146270

Locus 004
Allele 093	0.057323296197267
Allele 095	0.064330152325629
Allele 096	0.063575652551750
Allele 097	0.065168451455383
Allele 099	0.061318130568733
Allele 100	0.060732357850274
Allele 101	0.060101178348351
Allele 103	0.058801609878749
Allele 105	0.058664185328343
Allele 107	0.065218523132617
Allele 109	0.055520812389722
Allele 110	0.056084710043786
Allele 113	0.054381314602183
Allele 121	0.056115416585633
Allele 123	0.055119510310019
Allele 125	0.053412346425433
Allele 131	0.054132352006129

Locus 005
Allele 218	0.047912479037064
Allele 220	0.051412135127244
Allele 222	0.055503216041464
Allele 224	0.051233871259043
Allele 226	0.052755892099087
Allele 228	0.049729186128295
Allele 230	0.050386058051302
Allele 232	0.052059704572151
Allele 234	0.052278847371347
Allele 236	0.062006901391503
Allele 238	0.050238793216402
Allele 240	0.048754915354518
Allele 242	0.049016090481428
Allele 244	0.046674538569931
Allele 246	0.047481027998428
Allele 248	0.046262104453702
Allele 250	0.046827647236481
Allele 252	0.046842000858675
Allele 254	0.045442569083728
Allele 256	0.047182021668207

Locus 006
Allele 094	0.090504683000120
Allele 096	0.073630661947961
Allele 098	0.070400355910941
Allele 100	0.065394219000024
Allele 102	0.075746044639318
Allele 104	0.083450315615510
Allele 106	0.070370426759882
Allele 108	0.068578606243947
Allele 110	0.069953408483969
Allele 112	0.067661002776271
Allele 114	0.065197931011748
Allele 124	0.065702445692660
Allele 126	0.066411291241384
Allele 149	0.066998607676266

Locus 007
Allele 202	0.057272542307333
Allele 204	0.061870570314072
Allele 206	0.058399784228946
Allele 208	0.064931230689886
Allele 210	0.060843655319933
Allele 212	0.063496044030905
Allele 214	0.069799030183385
Allele 216	0.066684535416352
Allele 218	0.060951818591594
Allele 220	0.070296767010710
Allele 222	0.061993032094402
Allele 224	0.068749822117351
Allele 226	0.060554710903341
Allele 228	0.059046497877244
Allele 233	0.057766251719622
Allele 238	0.057343707194924

Locus 008
Allele 121	0.092376565868176
Allele 123	0.091417350598049
Allele 125	0.090440292268313
Allele 127	0.082179271124094
Allele 129	0.085520648600870
Allele 131	0.096077576753518
Allele 133	0.092594600078902
Allele 135	0.109526193993897
Allele 137	0.092522219146786
Allele 151	0.082066554681080
Allele 161	0.085278726886316

Locus 009
Allele 161	0.088503164727573
Allele 165	0.085457731395041
Allele 167	0.087406658862262
Allele 169	0.084705912838974
Allele 171	0.085923871523647
Allele 173	0.091485187938410
Allele 175	0.078770763709304
Allele 177	0.087845159021118
Allele 179	0.076078984786917
Allele 181	0.079589656399166
Allele 183	0.077734031506650
Allele 185	0.076498877290938

Locus 010
Allele 108	0.047410343148683
Allele 115	0.047523548513609
Allele 121	0.046168399703500
Allele 123	0.049626257192087
Allele 125	0.052399722957529
Allele 127	0.049784105568043
Allele 129	0.051519185468772
Allele 131	0.056903260535342
Allele 133	0.055487528702209
Allele 135	0.055005996438935
Allele 137	0.057041809793013
Allele 139	0.049443990816850
Allele 141	0.047797996076142
Allele 143	0.046670738490071
Allele 145	0.049014489719644
Allele 147	0.047825273956569
Allele 149	0.047371350756736
Allele 152	0.047021899746286
Allele 155	0.047096451188863
Allele 157	0.048887651227118


Cluster 06
Locus 001
Allele 092	0.098651027339178
Allele 094	0.150521116499503
Allele 096	0.097190697407351
Allele 098	0.113959053449650
Allele 100	0.159817549557358
Allele 102	0.086142970547989
Allele 104	0.098788801917662
Allele 106	0.118305510122654
Allele 108	0.076623273158654

Locus 002
Allele 118	0.068677745631342
Allele 122	0.069448347190687
Allele 124	0.098986278398442
Allele 126	0.103982776602005
Allele 127	0.066318937945193
Allele 128	0.098838095673509
Allele 130	0.075060680334968
Allele 132	0.112999476387455
Allele 134	0.070017709370377
Allele 135	0.078616379854960
Allele 137	0.089486529777357
Allele 151	0.067567042833704

Locus 003
Allele 130	0.059394332868144
Allele 133	0.058032752588574
Allele 136	0.066913570703980
Allele 138	0.073974534357219
Allele 139	0.072306511170079
Allele 141	0.104317477108736
Allele 143	0.054116600815073
Allele 145	0.065440708435005
Allele 146	0.068254125501373
Allele 147	0.056852746945823
Allele 148	0.074469540101355
Allele 150	0.066454934639045
Allele 152	0.115326596269850
Allele 156	0.064145568495748

Locus 004
Allele 093	0.056419821474423
Allele 095	0.060656016920760
Allele 096	0.047279749517615
Allele 097	0.076550811147101
Allele 099	0.065948922030749
Allele 100	0.055020201324240
Allele 101	0.075411516324181
Allele 103	0.072185942032642
Allele 105	0.052380559183458
Allele 107	0.053915023532295
Allele 109	0.047386088099930
Allele 110	0.048141672157920
Allele 113	0.092540274043625
Allele 121	0.055032889045904
Allele 123	0.047481605667778
Allele 125	0.046770018016788
Allele 131	0.046878889480589

Locus 005
Allele 218	0.039625146342816
Allele 220	0.048976930983523
Allele 222	0.051075722480883
Allele 224	0.058710518380516
Allele 226	0.050616417710133
Allele 228	0.056572153348241
Allele 230	0.078976564322184
Allele 232	0.045998398294629
Allele 234	0.055044334999605
Allele 236	0.046726472230445
Allele 238	0.046664921782643
Allele 240	0.047573616963445
Allele 242	0.051104599822760
Allele 244	0.042895679488030
Allele 246	0.043485629204006
Allele 248	0.042032957138613
Allele 250	0.070663745613828
Allele 252	0.041529066009785
Allele 254	0.040712805373227
Allele 256	0.041014319510687

Locus 006
Allele 094	0.104929992516361
Allele 096	0.077482283704815
Allele 098	0.072287257292972
Allele 100	0.053077904378581
Allele 102	0.067010084977684
Allele 104	0.120484320708172
Allele 106	0.069124486368589
Allele 108	0.066798761806047
Allele 110	0.075931080913351
Allele 112	0.064950122928783
Allele 114	0.056141158451806
Allele 124	0.058134879686851
Allele 126	0.057694011754494
Allele 149	0.055953654511493

Locus 007
Allele 202	0.054859697727177
Allele 204	0.052671409920226
Allele 206	0.049053556115285
Allele 208	0.066212222704360
Allele 210	0.099474793722327
Allele 212	0.062642107698265
Allele 214	0.062380512919948
Allele 216	0.056104183149815
Allele 218	0.060328175502227
Allele 220	0.060844662441811
Allele 222	0.065801265519819
Allele 224	0.088378382494001
Allele 226	0.067283475618269
Allele 228	0.051136601395148
Allele 233	0.050788628707293
Allele 238	0.052040324364029

Locus 008
Allele 121	0.087212112377396
Allele 123	0.111248343176483
Allele 125	0.074533224968782
Allele 127	0.067389158000969
Allele 129	0.079915802334692
Allele 131	0.102135779508646
Allele 133	0.151016168175095
Allele 135	0.087960694708003
Allele 137	0.099208705114977
Allele 151	0.066169042962413
Allele 161	0.073210968672545

Locus 009
Allele 161	0.063924265450864
Allele 165	0.065863656884119
Allele 167	0.085124397364912
Allele 169	0.090670267574251
Allele 171	0.101459641461653
Allele 173	0.100113295948460
Allele 175	0.076292276017696
Allele 177	0.080956849064468
Allele 179	0.065168414795099
Allele 181	0.083309674936421
Allele 183	0.078345393758020
Allele 185	0.108771866744037

Locus 010
Allele 108	0.044481124450141
Allele 115	0.071270031984322
Allele 121	0.042017590422820
Allele 123	0.047880803569649
Allele 125	0.055713858777919
Allele 127	0.044351489463928
Allele 129	0.051045562802772
Allele 131	0.043925171209919
Allele 133	0.082927030753518
Allele 135	0.051942368972611
Allele 137	0.053220799058509
Allele 139	0.055786229372216
Allele 141	0.045018302572290
Allele 143	0.043863052518876
Allele 145	0.041905234768697
Allele 147	0.044002556657760
Allele 149	0.043972875993579
Allele 152	0.045127476015830
Allele 155	0.046280030315759
Allele 157	0.045268410318883


Cluster 07
Locus 001
Allele 092	0.037411353090694
Allele 094	0.393350111488914
Allele 096	0.081107667253886
Allele 098	0.133993087506583
Allele 100	0.050581586320266
Allele 102	0.147066898704463
Allele 104	0.089277204668544
Allele 106	0.032364018034824
Allele 108	0.034848072931823

Locus 002
Allele 118	0.019000387805215
Allele 122	0.017490485865221
Allele 124	0.318987089001879
Allele 126	0.076512384051648
Allele 127	0.012735159119779
Allele 128	0.043875733635603
Allele 130	0.048343978751943
Allele 132	0.235596933148892
Allele 134	0.014416886131399
Allele 135	0.118879762756884
Allele 137	0.080966535584383
Allele 151	0.013194664147155

Locus 003
Allele 130	0.014927187740656
Allele 133	0.013158830353458
Allele 136	0.127007313369016
Allele 138	0.122679581606834
Allele 139	0.129467403081310
Allele 141	0.043187400904708
Allele 143	0.018168970332509
Allele 145	0.043983952191482
Allele 146	0.150310236865344
Allele 147	0.012582718722915
Allele 148	0.106971539052977
Allele 150	0.121551622457628
Allele 152	0.081419401594938
Allele 156	0.014583841726225
