Estimated Clustering Probabilities for Samples
Sample	***Cluster  01***	***Cluster  02***	***Cluster  03***	
000001:	0.926330000000000	0.057885000000000	0.015785000000000		1
000002:	0.682480000000000	0.307585000000000	0.009935000000000		1
000003:	0.935345000000000	0.059910000000000	0.004745000000000		1
000004:	0.877755000000000	0.108125000000000	0.014120000000000		1
000005:	0.855695000000000	0.128085000000000	0.016220000000000		1
000006:	0.940490000000000	0.053025000000000	0.006485000000000		1
000007:	0.479200000000000	0.393205000000000	0.127595000000000		1
000008:	0.674830000000000	0.311105000000000	0.014065000000000		1
000009:	0.715590000000000	0.263975000000000	0.020435000000000		1
000010:	0.760645000000000	0.191240000000000	0.048115000000000		1
000011:	0.736425000000000	0.215840000000000	0.047735000000000		1
000012:	0.799770000000000	0.191755000000000	0.008475000000000		1
000013:	0.746380000000000	0.233435000000000	0.020185000000000		1
000014:	0.913990000000000	0.067570000000000	0.018440000000000		1
000015:	0.813655000000000	0.167695000000000	0.018650000000000		1
000016:	0.961345000000000	0.034485000000000	0.004170000000000		1
000017:	0.664755000000000	0.317515000000000	0.017730000000000		1
000018:	0.835900000000000	0.140730000000000	0.023370000000000		1
000019:	0.784935000000000	0.120195000000000	0.094870000000000		1
000020:	0.813735000000000	0.142155000000000	0.044110000000000		1
000021:	0.669755000000000	0.274390000000000	0.055855000000000		1
000022:	0.696605000000000	0.136065000000000	0.167330000000000		1
000023:	0.959930000000000	0.035815000000000	0.004255000000000		1
000024:	0.765655000000000	0.225335000000000	0.009010000000000		1
000025:	0.934280000000000	0.057075000000000	0.008645000000000		1
000026:	0.721295000000000	0.261755000000000	0.016950000000000		1
000027:	0.909340000000000	0.079875000000000	0.010785000000000		1
000028:	0.963815000000000	0.031780000000000	0.004405000000000		1
000029:	0.912960000000000	0.068685000000000	0.018355000000000		1
000030:	0.641330000000000	0.321560000000000	0.037110000000000		1
000031:	0.584810000000000	0.408210000000000	0.006980000000000		1
000032:	0.777540000000000	0.215080000000000	0.007380000000000		1
000033:	0.528710000000000	0.457225000000000	0.014065000000000		1
000034:	0.550240000000000	0.442820000000000	0.006940000000000		1
000035:	0.796835000000000	0.180400000000000	0.022765000000000		1
000036:	0.931815000000000	0.050930000000000	0.017255000000000		1
000037:	0.915155000000000	0.075070000000000	0.009775000000000		1
000038:	0.685855000000000	0.307150000000000	0.006995000000000		1
000039:	0.662430000000000	0.321105000000000	0.016465000000000		1
000040:	0.731645000000000	0.264210000000000	0.004145000000000		1
000041:	0.916960000000000	0.076265000000000	0.006775000000000		1
000042:	0.672360000000000	0.322630000000000	0.005010000000000		1
000043:	0.892960000000000	0.102485000000000	0.004555000000000		1
000044:	0.752315000000000	0.244275000000000	0.003410000000000		1
000045:	0.910620000000000	0.064775000000000	0.024605000000000		1
000046:	0.888450000000000	0.102210000000000	0.009340000000000		1
000047:	0.900920000000000	0.073475000000000	0.025605000000000		1
000048:	0.690555000000000	0.270850000000000	0.038595000000000		1
000049:	0.629020000000000	0.293970000000000	0.077010000000000		1
000050:	0.924890000000000	0.047760000000000	0.027350000000000		1
000051:	0.856255000000000	0.087500000000000	0.056245000000000		1
000052:	0.945840000000000	0.043995000000000	0.010165000000000		1
000053:	0.898200000000000	0.091260000000000	0.010540000000000		1
000054:	0.889730000000000	0.068030000000000	0.042240000000000		1
000055:	0.764175000000000	0.220515000000000	0.015310000000000		1
000056:	0.933695000000000	0.052070000000000	0.014235000000000		1
000057:	0.936780000000000	0.044045000000000	0.019175000000000		1
000058:	0.949515000000000	0.041625000000000	0.008860000000000		1
000059:	0.892755000000000	0.063405000000000	0.043840000000000		1
000060:	0.671810000000000	0.261960000000000	0.066230000000000		1
000061:	0.944390000000000	0.042755000000000	0.012855000000000		1
000062:	0.683955000000000	0.269325000000000	0.046720000000000		1
000063:	0.885265000000000	0.089080000000000	0.025655000000000		1
000064:	0.845370000000000	0.087840000000000	0.066790000000000		1
000065:	0.943995000000000	0.027945000000000	0.028060000000000		1
000066:	0.970395000000000	0.016390000000000	0.013215000000000		1
000067:	0.915600000000000	0.080305000000000	0.004095000000000		1
000068:	0.963830000000000	0.024145000000000	0.012025000000000		1
000069:	0.982020000000000	0.010825000000000	0.007155000000000		1
000070:	0.946585000000000	0.045520000000000	0.007895000000000		1
000071:	0.979385000000000	0.016760000000000	0.003855000000000		1
000072:	0.712255000000000	0.279540000000000	0.008205000000000		1
000073:	0.655345000000000	0.340465000000000	0.004190000000000		1
000074:	0.706595000000000	0.283935000000000	0.009470000000000		1
000075:	0.870720000000000	0.120915000000000	0.008365000000000		1



Estimated Allele Frequencies
Cluster 01
Locus 001
Allele 092	0.041570365834075
Allele 094	0.405975651371289
Allele 096	0.051038174339831
Allele 098	0.219547211558997
Allele 100	0.090570164928721
Allele 102	0.070134523948938
Allele 104	0.080800065381430
Allele 106	0.023757736338933
Allele 108	0.016606106297786

Locus 002
Allele 118	0.021322619822431
Allele 122	0.035204808346632
Allele 124	0.184128591258992
Allele 126	0.132418439940422
Allele 127	0.012912324433132
Allele 128	0.111571132359968
Allele 130	0.082950385492457
Allele 132	0.219286560386878
Allele 134	0.014113786562441
Allele 135	0.098971875318322
Allele 137	0.073618054327406
Allele 151	0.013501421750919

Locus 003
Allele 130	0.027463723659546
Allele 133	0.013425895086851
Allele 136	0.135645731303690
Allele 138	0.095445076117670
Allele 139	0.157135238258571
Allele 141	0.026899056148886
Allele 143	0.013845991971361
Allele 145	0.092673292767169
Allele 146	0.093010557242215
Allele 147	0.012836923456282
Allele 148	0.147909252202408
Allele 150	0.067293454706280
Allele 152	0.097663459982251
Allele 156	0.018752347096822

Locus 004
Allele 093	0.049971605736202
Allele 095	0.079906209368105
Allele 096	0.011141639760955
Allele 097	0.194103726933669
Allele 099	0.049145187118157
Allele 100	0.063187827539141
Allele 101	0.159861054578185
Allele 103	0.133468535275978
Allele 105	0.047388944785007
Allele 107	0.093018500348684
Allele 109	0.017578140876856
Allele 110	0.024283805307460
Allele 113	0.016814683014554
Allele 121	0.015602311588769
Allele 123	0.017822071338175
Allele 125	0.013340651127828
Allele 131	0.013365105302276

Locus 005
Allele 218	0.010215079847038
Allele 220	0.083327340304860
Allele 222	0.131228621755742
Allele 224	0.128840529529744
Allele 226	0.097393708114914
Allele 228	0.051932297880812
Allele 230	0.039591847775219
Allele 232	0.064158249061206
Allele 234	0.067188946885844
Allele 236	0.060064687624028
Allele 238	0.087549530696595
Allele 240	0.041611661994962
Allele 242	0.037824217652151
Allele 244	0.012316435396807
Allele 246	0.018317843760700
Allele 248	0.013394154841796
Allele 250	0.015276742775152
Allele 252	0.017903847700205
Allele 254	0.011006809820751
Allele 256	0.010857446581475

Locus 006
Allele 094	0.092131597214950
Allele 096	0.163215660632995
Allele 098	0.046212254843407
Allele 100	0.013583911076957
Allele 102	0.109198859367387
Allele 104	0.273184089949993
Allele 106	0.107101726948626
Allele 108	0.078241331065033
Allele 110	0.037668125369144
Allele 112	0.027269508382863
Allele 114	0.013171455397045
Allele 124	0.010979170244888
Allele 126	0.014152511268317
Allele 149	0.013889798238395

Locus 007
Allele 202	0.012709513815848
Allele 204	0.023484208876039
Allele 206	0.014354607789112
Allele 208	0.155727428596984
Allele 210	0.046299956140677
Allele 212	0.196560607916168
Allele 214	0.099349215318793
Allele 216	0.099695809443672
Allele 218	0.059910587839233
Allele 220	0.059833922101664
Allele 222	0.065152979921838
Allele 224	0.085440042493607
Allele 226	0.037704387861364
Allele 228	0.020026057510343
Allele 233	0.012256164369585
Allele 238	0.011494510005073

Locus 008
Allele 121	0.088074107184861
Allele 123	0.069247889849360
Allele 125	0.052902649477842
Allele 127	0.013129372995587
Allele 129	0.067993007487003
Allele 131	0.215557950610502
Allele 133	0.174108837483356
Allele 135	0.206828527239901
Allele 137	0.083008947301541
Allele 151	0.013474993830999
Allele 161	0.015673716539049

Locus 009
Allele 161	0.013781316508692
Allele 165	0.032807221265144
Allele 167	0.052257639613151
Allele 169	0.106834947506253
Allele 171	0.270890877309745
Allele 173	0.209664528558231
Allele 175	0.091354388368239
Allele 177	0.117997869386843
Allele 179	0.016961108136460
Allele 181	0.039065275504097
Allele 183	0.024131285886126
Allele 185	0.024253541957022

Locus 010
Allele 108	0.028223637722624
Allele 115	0.011146024781235
Allele 121	0.013281622420009
Allele 123	0.052137104689493
Allele 125	0.109634155501797
Allele 127	0.086205770193138
Allele 129	0.078144175829430
Allele 131	0.096589073973063
Allele 133	0.144376114347973
Allele 135	0.080854866803931
Allele 137	0.090347823960322
Allele 139	0.029198151898877
Allele 141	0.038321540570909
Allele 143	0.011757721910233
Allele 145	0.030831417425297
Allele 147	0.022067544637542
Allele 149	0.028006367732710
Allele 152	0.017182876943117
Allele 155	0.011257960002118
Allele 157	0.020436048656182


Cluster 02
Locus 001
Allele 092	0.087820043494914
Allele 094	0.183322288696724
Allele 096	0.114920464266161
Allele 098	0.104925489864672
Allele 100	0.102090442391229
Allele 102	0.138941794880725
Allele 104	0.085304524235494
Allele 106	0.115220351812298
Allele 108	0.067454600357784

Locus 002
Allele 118	0.048256540692714
Allele 122	0.050636422593886
Allele 124	0.171629409269222
Allele 126	0.105737836287532
Allele 127	0.049578328714743
Allele 128	0.067190475042542
Allele 130	0.060911514880725
Allele 132	0.162004355253111
Allele 134	0.045838088368258
Allele 135	0.109359723555937
Allele 137	0.080604291361239
Allele 151	0.048253013980092

Locus 003
Allele 130	0.043686162542312
Allele 133	0.043462004055582
Allele 136	0.081724732226425
Allele 138	0.100724807192453
Allele 139	0.058064411517058
Allele 141	0.075334812101885
Allele 143	0.041320765576918
Allele 145	0.065662160291859
Allele 146	0.120232472597122
Allele 147	0.045017512991903
Allele 148	0.099490116288233
Allele 150	0.092665765948863
Allele 152	0.085439274955156
Allele 156	0.047175001714233

Locus 004
Allele 093	0.049440875495234
Allele 095	0.048472391843628
Allele 096	0.040419820530762
Allele 097	0.081586524520546
Allele 099	0.064839869644653
Allele 100	0.111688614941679
Allele 101	0.078717955942037
Allele 103	0.098917431308622
Allele 105	0.054345474132383
Allele 107	0.062866059452626
Allele 109	0.059558285852691
Allele 110	0.042725889567196
Allele 113	0.045264915871386
Allele 121	0.045013697686036
Allele 123	0.041886588788726
Allele 125	0.037057497788583
Allele 131	0.037198106633215

Locus 005
Allele 218	0.039209376136470
Allele 220	0.087496533892745
Allele 222	0.074824862786805
Allele 224	0.078592738435323
Allele 226	0.061092282227477
Allele 228	0.039054232708615
Allele 230	0.063262049270767
Allele 232	0.058595783320512
Allele 234	0.062686603278804
Allele 236	0.052021569957532
Allele 238	0.040716253210786
Allele 240	0.047387353425007
Allele 242	0.039236400836921
Allele 244	0.033049525686809
Allele 246	0.037083744021685
Allele 248	0.033154849699462
Allele 250	0.042894644369084
Allele 252	0.036326556918520
Allele 254	0.035608660289399
Allele 256	0.037705979527276

Locus 006
Allele 094	0.106356926888550
Allele 096	0.111055023507243
Allele 098	0.053994250077765
Allele 100	0.042462526204655
Allele 102	0.065233883003275
Allele 104	0.072988144165674
Allele 106	0.169751621726281
Allele 108	0.050546691943656
Allele 110	0.102125873687653
Allele 112	0.047631607192932
Allele 114	0.043743553649415
Allele 124	0.050758695589522
Allele 126	0.041415639954185
Allele 149	0.041935562409193

Locus 007
Allele 202	0.039677041467607
Allele 204	0.048609988635010
Allele 206	0.037133245311555
Allele 208	0.057506759740385
Allele 210	0.050682208647651
Allele 212	0.074781658138514
Allele 214	0.094653176960304
Allele 216	0.097654349525204
Allele 218	0.065116685625784
Allele 220	0.051916942369619
Allele 222	0.057425418452164
Allele 224	0.130421376535783
Allele 226	0.067905434835235
Allele 228	0.040219092876772
Allele 233	0.041839570565621
Allele 238	0.044457050312793

Locus 008
Allele 121	0.083681945828463
Allele 123	0.125897144852358
Allele 125	0.085156253724417
Allele 127	0.057579584858682
Allele 129	0.058487214258865
Allele 131	0.234296282504232
Allele 133	0.079350859061708
Allele 135	0.083206413296170
Allele 137	0.083364665084371
Allele 151	0.056850096761027
Allele 161	0.052129539769704

Locus 009
Allele 161	0.056757255535154
Allele 165	0.055281808572908
Allele 167	0.086813330410998
Allele 169	0.072679397092074
Allele 171	0.171413966233419
Allele 173	0.087896341115652
Allele 175	0.118797924207788
Allele 177	0.068085392545824
Allele 179	0.050871990212942
Allele 181	0.081585066187139
Allele 183	0.075820619359343
Allele 185	0.073996908526758

Locus 010
Allele 108	0.044090935922028
Allele 115	0.037255883764688
Allele 121	0.032799195135954
Allele 123	0.042641404503754
Allele 125	0.045220429138090
Allele 127	0.034464554333670
Allele 129	0.071807031653901
Allele 131	0.054174751474299
Allele 133	0.115549801350183
Allele 135	0.105891141194861
Allele 137	0.053515025093873
Allele 139	0.039353332459766
Allele 141	0.051941268294904
Allele 143	0.033942201338813
Allele 145	0.040858210938708
Allele 147	0.043379248136879
Allele 149	0.044943968333415
Allele 152	0.038161279329193
Allele 155	0.036270880281086
Allele 157	0.033739457321937


Cluster 03
Locus 001
Allele 092	0.112938470098911
Allele 094	0.114134260270495
Allele 096	0.102246546991962
Allele 098	0.114044052738846
Allele 100	0.130098744010488
Allele 102	0.101299488704848
Allele 104	0.108717931503582
Allele 106	0.125536215208731
Allele 108	0.090984290472138

Locus 002
Allele 118	0.072176310795783
Allele 122	0.076256065990864
Allele 124	0.084199520420166
Allele 126	0.115452840540623
Allele 127	0.076111502887112
Allele 128	0.084705709991354
Allele 130	0.079734762384259
Allele 132	0.084511165832830
Allele 134	0.070376634535980
Allele 135	0.089926876582921
Allele 137	0.091700375600742
Allele 151	0.074848234437366

Locus 003
Allele 130	0.062452272883050
Allele 133	0.064398282549918
Allele 136	0.067569679663760
Allele 138	0.083469366275913
Allele 139	0.071153101774265
Allele 141	0.073092463967996
Allele 143	0.060702220238317
Allele 145	0.079121312847715
Allele 146	0.074230572699166
Allele 147	0.067319179354184
Allele 148	0.077628471764108
Allele 150	0.073509692104125
Allele 152	0.079958972460184
Allele 156	0.065394411417299

Locus 004
Allele 093	0.055262057822350
Allele 095	0.057932453472535
Allele 096	0.051763357409561
Allele 097	0.058327398208561
Allele 099	0.063651556958719
Allele 100	0.058420788842124
Allele 101	0.064500528165002
Allele 103	0.092106915540442
Allele 105	0.052597457692279
Allele 107	0.055513054417399
Allele 109	0.057386140906874
Allele 110	0.054653861860990
Allele 113	0.059472147162859
Allele 121	0.058406907836113
Allele 123	0.053381731081695
Allele 125	0.053731066492425
Allele 131	0.052892576130072

Locus 005
Allele 218	0.044801352368565
Allele 220	0.051185414325398
Allele 222	0.050488502117495
Allele 224	0.052201897072400
Allele 226	0.050392118362352
Allele 228	0.051397397584080
Allele 230	0.054640692733324
Allele 232	0.056966048306179
Allele 234	0.059248483834318
Allele 236	0.057105122428825
Allele 238	0.050839197430434
Allele 240	0.049132564322828
Allele 242	0.045821868884533
Allele 244	0.046749349778077
Allele 246	0.047204249477221
Allele 248	0.047080011719064
Allele 250	0.047328391440812
Allele 252	0.046586236756865
Allele 254	0.044252980168428
Allele 256	0.046578120888802

Locus 006
Allele 094	0.071287077338721
Allele 096	0.072652119781235
Allele 098	0.069485736602022
Allele 100	0.061732665807907
Allele 102	0.072613090186218
Allele 104	0.095964871006617
Allele 106	0.078611217706716
Allele 108	0.065502045069197
Allele 110	0.086713482335297
Allele 112	0.070231514944277
Allele 114	0.063884737858075
Allele 124	0.066719598017300
Allele 126	0.063941464956014
Allele 149	0.060660378390407

Locus 007
Allele 202	0.060279226792171
Allele 204	0.056079526142819
Allele 206	0.055362843296826
Allele 208	0.068228532463320
Allele 210	0.061801362766764
Allele 212	0.064976943093357
Allele 214	0.064932399512503
Allele 216	0.062243237664555
Allele 218	0.059821677580373
Allele 220	0.062420909726025
Allele 222	0.065542341104455
Allele 224	0.064182808754168
Allele 226	0.075281600999652
Allele 228	0.057923351369124
Allele 233	0.062849466673253
Allele 238	0.058073772060636

Locus 008
Allele 121	0.092663161740701
Allele 123	0.121371205491578
Allele 125	0.087895474745701
Allele 127	0.075582809224203
Allele 129	0.084389627608563
Allele 131	0.092963076942283
Allele 133	0.098249158904288
Allele 135	0.084804037893991
Allele 137	0.105022477067932
Allele 151	0.077988295439032
Allele 161	0.079070674941726

Locus 009
Allele 161	0.075905564786750
Allele 165	0.075793073332392
Allele 167	0.091855359288631
Allele 169	0.084272557792474
Allele 171	0.091015736304738
Allele 173	0.094345247691328
Allele 175	0.085781854895970
Allele 177	0.084908386312001
Allele 179	0.072924938214093
Allele 181	0.080531383253845
Allele 183	0.083568715391391
Allele 185	0.079097182736388

Locus 010
Allele 108	0.047999533956549
Allele 115	0.047131107381407
Allele 121	0.045841498056877
Allele 123	0.050631009433762
Allele 125	0.048806431549055
Allele 127	0.047118535267856
Allele 129	0.051586512940044
Allele 131	0.048493428868149
Allele 133	0.055340535365991
Allele 135	0.048703473538607
Allele 137	0.053842122967485
Allele 139	0.059630946879571
Allele 141	0.050259689300105
Allele 143	0.047569573029227
Allele 145	0.045615030095545
Allele 147	0.060534479062198
Allele 149	0.049639189677978
Allele 152	0.046587603643529
Allele 155	0.047227026632640
Allele 157	0.047442272353424



Estimated Mixing Proportions
0.815770133333333
0.160385266666667
0.023844600000000



Estimated sigma: 
k: 0	1.000000000000000
k: 1	1.000000000000000
k: 2	1.000000000000000



Estimated tau: 
k: 0	10.000000000000000
k: 1	10.000000000000000
k: 2	10.000000000000000



