Estimated Clustering Probabilities for Samples
Sample	***Cluster  01***	***Cluster  02***	***Cluster  03***	***Cluster  04***	***Cluster  05***	
000001:	0.005893500000000	0.971344500000000	0.007557500000000	0.008262000000000	0.006942500000000		1
000002:	0.004952500000000	0.974772000000000	0.006939000000000	0.007025500000000	0.006311000000000		1
000003:	0.002871000000000	0.986871000000000	0.003570500000000	0.003337500000000	0.003350000000000		1
000004:	0.009096500000000	0.959312000000000	0.010894000000000	0.010985500000000	0.009712000000000		1
000005:	0.006896000000000	0.965586000000000	0.009081000000000	0.009857500000000	0.008579500000000		1
000006:	0.002806000000000	0.984957000000000	0.003904000000000	0.004064000000000	0.004269000000000		1
000007:	0.042390000000000	0.776902500000000	0.060873000000000	0.061647500000000	0.058187000000000		1
000008:	0.011106500000000	0.948884500000000	0.013521000000000	0.014150000000000	0.012338000000000		1
000009:	0.018541500000000	0.920212500000000	0.021126500000000	0.021777500000000	0.018342000000000		1
000010:	0.015009500000000	0.929775000000000	0.018681000000000	0.019152000000000	0.017382500000000		1
000011:	0.015034500000000	0.917177000000000	0.022636000000000	0.025011000000000	0.020141500000000		1
000012:	0.004757500000000	0.978854500000000	0.005172000000000	0.005825500000000	0.005390500000000		1
000013:	0.008975500000000	0.955996000000000	0.010874000000000	0.012561000000000	0.011593500000000		1
000014:	0.008668000000000	0.958535000000000	0.010707500000000	0.010719000000000	0.011370500000000		1
000015:	0.008165000000000	0.959524000000000	0.010622500000000	0.011066500000000	0.010622000000000		1
000016:	0.002140500000000	0.989820000000000	0.002687000000000	0.002586000000000	0.002766500000000		1
000017:	0.009118000000000	0.959453000000000	0.010139500000000	0.010475500000000	0.010814000000000		1
000018:	0.009702500000000	0.952314500000000	0.012622500000000	0.012822000000000	0.012538500000000		1
000019:	0.044227000000000	0.821806000000000	0.045714500000000	0.043364500000000	0.044888000000000		1
000020:	0.020343500000000	0.908128500000000	0.023707000000000	0.022968500000000	0.024852500000000		1
000021:	0.023945500000000	0.887402500000000	0.030508500000000	0.028588500000000	0.029555000000000		1
000022:	0.048926500000000	0.784773000000000	0.052887500000000	0.054887500000000	0.058525500000000		1
000023:	0.003250000000000	0.986341500000000	0.003554500000000	0.003237500000000	0.003616500000000		1
000024:	0.005018000000000	0.978089500000000	0.005469000000000	0.005832000000000	0.005591500000000		1
000025:	0.006699500000000	0.971011500000000	0.007266000000000	0.006675500000000	0.008347500000000		1
000026:	0.006671500000000	0.969516500000000	0.007721000000000	0.007690500000000	0.008400500000000		1
000027:	0.007088500000000	0.968407500000000	0.008297000000000	0.008048000000000	0.008159000000000		1
000028:	0.002637000000000	0.987856500000000	0.003093500000000	0.003026000000000	0.003387000000000		1
000029:	0.009161500000000	0.961269500000000	0.010174000000000	0.008391000000000	0.011004000000000		1
000030:	0.011475500000000	0.946733000000000	0.014281000000000	0.012761000000000	0.014749500000000		1
000031:	0.004122000000000	0.980250000000000	0.004982500000000	0.005329500000000	0.005316000000000		1
000032:	0.002766500000000	0.986757500000000	0.003506000000000	0.003402500000000	0.003567500000000		1
000033:	0.006748500000000	0.966338000000000	0.009052500000000	0.008767500000000	0.009093500000000		1
000034:	0.003877000000000	0.981577500000000	0.004648500000000	0.004786000000000	0.005111000000000		1
000035:	0.004924000000000	0.974452000000000	0.006798500000000	0.006893500000000	0.006932000000000		1
000036:	0.004646000000000	0.977338500000000	0.006029500000000	0.005654000000000	0.006332000000000		1
000037:	0.005363000000000	0.975092500000000	0.006622500000000	0.006326500000000	0.006595500000000		1
000038:	0.006790000000000	0.964201500000000	0.009668500000000	0.009627500000000	0.009712500000000		1
000039:	0.008007500000000	0.958259000000000	0.010834000000000	0.011119000000000	0.011780500000000		1
000040:	0.002965500000000	0.983861000000000	0.004283500000000	0.004427500000000	0.004462500000000		1
000041:	0.005702000000000	0.971951500000000	0.008302000000000	0.006578000000000	0.007466500000000		1
000042:	0.003418000000000	0.981826500000000	0.005050000000000	0.004936500000000	0.004769000000000		1
000043:	0.004682000000000	0.977075000000000	0.006214500000000	0.006095000000000	0.005933500000000		1
000044:	0.003609500000000	0.982777000000000	0.004616000000000	0.004643000000000	0.004354500000000		1
000045:	0.023522500000000	0.898146000000000	0.027130500000000	0.028794500000000	0.022406500000000		1
000046:	0.008733500000000	0.961563500000000	0.010453000000000	0.010564000000000	0.008686000000000		1
000047:	0.024987500000000	0.889772500000000	0.029259500000000	0.031353000000000	0.024627500000000		1
000048:	0.039641000000000	0.830917000000000	0.045437500000000	0.045666500000000	0.038338000000000		1
000049:	0.034172000000000	0.832933000000000	0.044661000000000	0.048311000000000	0.039923000000000		1
000050:	0.029393000000000	0.856698500000000	0.038574000000000	0.039496000000000	0.035838500000000		1
000051:	0.044727500000000	0.806418000000000	0.048682000000000	0.052297500000000	0.047875000000000		1
000052:	0.011713500000000	0.950954000000000	0.013001000000000	0.013276000000000	0.011055500000000		1
000053:	0.005955000000000	0.973744500000000	0.006659000000000	0.007349000000000	0.006292500000000		1
000054:	0.029601000000000	0.860989500000000	0.037130000000000	0.038221500000000	0.034058000000000		1
000055:	0.010704500000000	0.945729000000000	0.014063500000000	0.014856000000000	0.014647000000000		1
000056:	0.011842500000000	0.944847000000000	0.014297000000000	0.015636500000000	0.013377000000000		1
000057:	0.025170000000000	0.895871000000000	0.026575500000000	0.028855500000000	0.023528000000000		1
000058:	0.008881000000000	0.962022500000000	0.009826500000000	0.010697500000000	0.008572500000000		1
000059:	0.031602000000000	0.844318500000000	0.042949500000000	0.043917500000000	0.037212500000000		1
000060:	0.023110000000000	0.877942000000000	0.034292500000000	0.034114000000000	0.030541500000000		1
000061:	0.011408500000000	0.949700500000000	0.013510000000000	0.012561500000000	0.012819500000000		1
000062:	0.037503000000000	0.839587500000000	0.040551000000000	0.042905000000000	0.039453500000000		1
000063:	0.016964000000000	0.921461000000000	0.021266500000000	0.021095500000000	0.019213000000000		1
000064:	0.055338500000000	0.743626000000000	0.069279500000000	0.069048000000000	0.062708000000000		1
000065:	0.021435000000000	0.912061000000000	0.023827000000000	0.018404500000000	0.024272500000000		1
000066:	0.012638500000000	0.949310500000000	0.012959500000000	0.009958500000000	0.015133000000000		1
000067:	0.003689000000000	0.983738000000000	0.004044000000000	0.003689500000000	0.004839500000000		1
000068:	0.010387000000000	0.956372500000000	0.011326500000000	0.009697500000000	0.012216500000000		1
000069:	0.004423000000000	0.982464500000000	0.004653500000000	0.003865500000000	0.004593500000000		1
000070:	0.007008500000000	0.970478500000000	0.008059000000000	0.006348000000000	0.008106000000000		1
000071:	0.003270000000000	0.986216500000000	0.003615500000000	0.003107500000000	0.003790500000000		1
000072:	0.002844500000000	0.986414500000000	0.003465500000000	0.003351000000000	0.003924500000000		1
000073:	0.003368000000000	0.984379000000000	0.003693000000000	0.004329500000000	0.004230500000000		1
000074:	0.006795500000000	0.968591000000000	0.008208500000000	0.008061000000000	0.008344000000000		1
000075:	0.004861500000000	0.976283000000000	0.006394000000000	0.005931000000000	0.006530500000000		1



Estimated Allele Frequencies
Cluster 01
Locus 001
Allele 092	0.116634414221220
Allele 094	0.114203174725991
Allele 096	0.103462320299765
Allele 098	0.117817365588619
Allele 100	0.115121545559491
Allele 102	0.103476108006095
Allele 104	0.113007036318698
Allele 106	0.117952179744596
Allele 108	0.098325855535526

Locus 002
Allele 118	0.079920409334796
Allele 122	0.079881892691091
Allele 124	0.081487991233089
Allele 126	0.096387311614152
Allele 127	0.081868024797968
Allele 128	0.085531407240769
Allele 130	0.082208149070264
Allele 132	0.084712003735144
Allele 134	0.077230667311559
Allele 135	0.085041436797552
Allele 137	0.086566388507307
Allele 151	0.079164317666309

Locus 003
Allele 130	0.068109680960037
Allele 133	0.068234948133899
Allele 136	0.071566972255275
Allele 138	0.075407355898964
Allele 139	0.072859906478514
Allele 141	0.074542492796536
Allele 143	0.065954970092887
Allele 145	0.073483386447526
Allele 146	0.071102784093699
Allele 147	0.071007072937728
Allele 148	0.076002176465790
Allele 150	0.069895226751253
Allele 152	0.074707947751905
Allele 156	0.067125078935982

Locus 004
Allele 093	0.057728904442786
Allele 095	0.058700071095867
Allele 096	0.054863159838875
Allele 097	0.059249052715037
Allele 099	0.060945925806044
Allele 100	0.059871269596139
Allele 101	0.064195034800833
Allele 103	0.067129380875133
Allele 105	0.056369457885051
Allele 107	0.057488939124724
Allele 109	0.056455565976169
Allele 110	0.056015411311704
Allele 113	0.062108081388419
Allele 121	0.058321456862478
Allele 123	0.056071963377186
Allele 125	0.057233265122341
Allele 131	0.057253059781208

Locus 005
Allele 218	0.046662903616893
Allele 220	0.049801400378916
Allele 222	0.051945374869394
Allele 224	0.051379914146461
Allele 226	0.051172314695896
Allele 228	0.050488888725019
Allele 230	0.051739419838172
Allele 232	0.051249328099252
Allele 234	0.053504713476593
Allele 236	0.052216211209629
Allele 238	0.050774508549509
Allele 240	0.049666114203327
Allele 242	0.047822997640562
Allele 244	0.048699185920146
Allele 246	0.049799748091043
Allele 248	0.049339687813479
Allele 250	0.051224991947921
Allele 252	0.048653855319704
Allele 254	0.046851834190568
Allele 256	0.047006607267515

Locus 006
Allele 094	0.072805518590577
Allele 096	0.070440971457145
Allele 098	0.073432867307334
Allele 100	0.065657243628936
Allele 102	0.072640386163082
Allele 104	0.080601736059697
Allele 106	0.073832988956407
Allele 108	0.070127315108248
Allele 110	0.075840227843971
Allele 112	0.074565574864386
Allele 114	0.066712201831812
Allele 124	0.069341851388683
Allele 126	0.068165251306113
Allele 149	0.065835865493608

Locus 007
Allele 202	0.061231469069970
Allele 204	0.058774664987370
Allele 206	0.058459406667878
Allele 208	0.066097949011240
Allele 210	0.065556110436030
Allele 212	0.062240825124858
Allele 214	0.063377702130527
Allele 216	0.061509640820156
Allele 218	0.061354249172617
Allele 220	0.062275114585954
Allele 222	0.068331211716886
Allele 224	0.062167529367426
Allele 226	0.065034195635461
Allele 228	0.060585744884579
Allele 233	0.061409269222774
Allele 238	0.061594917166275

Locus 008
Allele 121	0.090683493770917
Allele 123	0.099498757051911
Allele 125	0.088307530203259
Allele 127	0.081359124121505
Allele 129	0.090036398819468
Allele 131	0.090026034651086
Allele 133	0.096703546687984
Allele 135	0.089718005525720
Allele 137	0.106125534149004
Allele 151	0.082580038088462
Allele 161	0.084961536930683

Locus 009
Allele 161	0.077891155987707
Allele 165	0.077962271195678
Allele 167	0.087725342642758
Allele 169	0.082965044339730
Allele 171	0.087105990824300
Allele 173	0.090122596208711
Allele 175	0.083515264504109
Allele 177	0.082870528849061
Allele 179	0.078791483759760
Allele 181	0.084165764730873
Allele 183	0.084732899501943
Allele 185	0.082151657455368

Locus 010
Allele 108	0.048721772226490
Allele 115	0.049154542909329
Allele 121	0.048380262348676
Allele 123	0.052084823470215
Allele 125	0.049638509063711
Allele 127	0.048876930047605
Allele 129	0.049869866838763
Allele 131	0.049510490914097
Allele 133	0.050799108689269
Allele 135	0.049166242862127
Allele 137	0.052404202430132
Allele 139	0.054776271137760
Allele 141	0.051060712963279
Allele 143	0.047504421205755
Allele 145	0.047172135818451
Allele 147	0.052734026740206
Allele 149	0.049912896782275
Allele 152	0.050017313319054
Allele 155	0.048277529143404
Allele 157	0.049937941089400


Cluster 02
Locus 001
Allele 092	0.037614037322982
Allele 094	0.398817509965667
Allele 096	0.063624515788589
Allele 098	0.200627717868013
Allele 100	0.086508757404667
Allele 102	0.091083283468469
Allele 104	0.073764074704811
Allele 106	0.029387015611633
Allele 108	0.018573087865173

Locus 002
Allele 118	0.016315970260030
Allele 122	0.029328890165268
Allele 124	0.211920281152315
Allele 126	0.124014631619232
Allele 127	0.009198786228056
Allele 128	0.098662891879244
Allele 130	0.074176222750643
Allele 132	0.236264378889951
Allele 134	0.011447446406725
Allele 135	0.105964995066717
Allele 137	0.072564649047732
Allele 151	0.010140856534091

Locus 003
Allele 130	0.023627922573752
Allele 133	0.010334470678391
Allele 136	0.131545391713127
Allele 138	0.103009447206327
Allele 139	0.136868661602334
Allele 141	0.033073546561976
Allele 143	0.011876249038801
Allele 145	0.084585101829695
Allele 146	0.111868623610190
Allele 147	0.009224299303220
Allele 148	0.148534768819209
Allele 150	0.080605421927730
Allele 152	0.097348773950380
Allele 156	0.017497321184866

Locus 004
Allele 093	0.048158958561580
Allele 095	0.072802158815922
Allele 096	0.011613135131740
Allele 097	0.186397412591156
Allele 099	0.051942394906948
Allele 100	0.084828729023688
Allele 101	0.150945837632446
Allele 103	0.136282808042756
Allele 105	0.049035493399014
Allele 107	0.092572685989881
Allele 109	0.023456849264587
Allele 110	0.023570963898889
Allele 113	0.013909487182220
Allele 121	0.015918420299467
Allele 123	0.017695466465394
Allele 125	0.010437470814130
Allele 131	0.010431727980180

Locus 005
Allele 218	0.011611531086540
Allele 220	0.096541190343139
Allele 222	0.132893231386412
Allele 224	0.133180581972275
Allele 226	0.095778266162546
Allele 228	0.046540304636687
Allele 230	0.045512452837417
Allele 232	0.064769526736989
Allele 234	0.068854073133342
Allele 236	0.057557610286561
Allele 238	0.077307732641484
Allele 240	0.040731370497993
Allele 242	0.036003326025586
Allele 244	0.010668996015049
Allele 246	0.016120330049741
Allele 248	0.010463355697779
Allele 250	0.015166626075364
Allele 252	0.016875986128763
Allele 254	0.011908133670508
Allele 256	0.011515374615826

Locus 006
Allele 094	0.106331371414148
Allele 096	0.172524190025881
Allele 098	0.040593331463721
Allele 100	0.012243998601108
Allele 102	0.099774337228095
Allele 104	0.238387699688111
Allele 106	0.144308686073208
Allele 108	0.068766868037788
Allele 110	0.051278377144434
Allele 112	0.020615349078468
Allele 114	0.011840726197430
Allele 124	0.010095756039467
Allele 126	0.011130606562312
Allele 149	0.012108702445832

Locus 007
Allele 202	0.010304517039585
Allele 204	0.024405730713827
Allele 206	0.011972457681004
Allele 208	0.137760252992337
Allele 210	0.040441166272087
Allele 212	0.186617571937594
Allele 214	0.106719893073914
Allele 216	0.114581190511815
Allele 218	0.062485909865379
Allele 220	0.055231878843054
Allele 222	0.057867598853626
Allele 224	0.114233089661328
Allele 226	0.039854839502452
Allele 228	0.017070019516674
Allele 233	0.010324987942563
Allele 238	0.010128895592765

Locus 008
Allele 121	0.086178988297285
Allele 123	0.080504451637936
Allele 125	0.057136199194649
Allele 127	0.014444434699758
Allele 129	0.056045007582751
Allele 131	0.270619319505764
Allele 133	0.152231578389764
Allele 135	0.186828480115308
Allele 137	0.069057879711272
Allele 151	0.013983343438513
Allele 161	0.012970317426996

Locus 009
Allele 161	0.014638873943568
Allele 165	0.030291534600602
Allele 167	0.056199494849911
Allele 169	0.099913995219223
Allele 171	0.281436914237413
Allele 173	0.190873337018149
Allele 175	0.107193884922058
Allele 177	0.108137191592215
Allele 179	0.013996390276467
Allele 181	0.042986102530667
Allele 183	0.026144451401368
Allele 185	0.028187829408360

Locus 010
Allele 108	0.029118663596081
Allele 115	0.010177886614407
Allele 121	0.010669342328140
Allele 123	0.046169601767268
Allele 125	0.098348913687120
Allele 127	0.073684408693174
Allele 129	0.085168060637938
Allele 131	0.092327449366855
Allele 133	0.166594165397913
Allele 135	0.105113210040981
Allele 137	0.083272837098249
Allele 139	0.025565925515119
Allele 141	0.040559283352577
Allele 143	0.011238484353207
Allele 145	0.030387409961701
Allele 147	0.020519051121452
Allele 149	0.028398837028643
Allele 152	0.015890019416304
Allele 155	0.010840496008608
Allele 157	0.015955954014257


Cluster 03
Locus 001
Allele 092	0.118848385375675
Allele 094	0.113833589124030
Allele 096	0.102966110152822
Allele 098	0.116849579209256
Allele 100	0.113424954123089
Allele 102	0.103012406883104
Allele 104	0.112800813028541
Allele 106	0.121611080418547
Allele 108	0.096653081684931

Locus 002
Allele 118	0.079110079882796
Allele 122	0.080163379955103
Allele 124	0.081020480386187
Allele 126	0.101453004628773
Allele 127	0.081062234015895
Allele 128	0.085703412321487
Allele 130	0.081957124421867
Allele 132	0.085554340848590
Allele 134	0.075619603802642
Allele 135	0.084217967267085
Allele 137	0.085075956177911
Allele 151	0.079062416291663

Locus 003
Allele 130	0.067910668778904
Allele 133	0.068360614622630
Allele 136	0.070759235323074
Allele 138	0.076716178638455
Allele 139	0.073496994329480
Allele 141	0.074846821758971
Allele 143	0.065011536853623
Allele 145	0.074555164228489
Allele 146	0.071145231631556
Allele 147	0.070606971159229
Allele 148	0.076170645512461
Allele 150	0.069907165632993
Allele 152	0.074678979756447
Allele 156	0.065833791773687

Locus 004
Allele 093	0.056959783399905
Allele 095	0.058439683311026
Allele 096	0.054314977435607
Allele 097	0.059810631592863
Allele 099	0.061885831832857
Allele 100	0.059791110146262
Allele 101	0.066160967625603
Allele 103	0.069107553653136
Allele 105	0.055872546107316
Allele 107	0.057391742611460
Allele 109	0.056012312377604
Allele 110	0.055707381884893
Allele 113	0.061641894338032
Allele 121	0.058407686361384
Allele 123	0.054684918859421
Allele 125	0.056824657523498
Allele 131	0.056986320939135

Locus 005
Allele 218	0.046647545788288
Allele 220	0.050089394839051
Allele 222	0.051900853243419
Allele 224	0.051310167298154
Allele 226	0.051380391407897
Allele 228	0.050322703400670
Allele 230	0.052254923922991
Allele 232	0.051045571549752
Allele 234	0.054833923587976
Allele 236	0.052652651987570
Allele 238	0.051468399621643
Allele 240	0.050259317106475
Allele 242	0.047770926144337
Allele 244	0.048095757671749
Allele 246	0.049424341165323
Allele 248	0.048306794864536
Allele 250	0.050894179499233
Allele 252	0.048284540076417
Allele 254	0.045965959359413
Allele 256	0.047091657465107

Locus 006
Allele 094	0.072327098143017
Allele 096	0.070918391786790
Allele 098	0.073086868267582
Allele 100	0.064760996061907
Allele 102	0.072269949208381
Allele 104	0.081322514312105
Allele 106	0.074366699221138
Allele 108	0.069473073578969
Allele 110	0.078827737229697
Allele 112	0.074495058174129
Allele 114	0.066120124503609
Allele 124	0.069320581380085
Allele 126	0.067471338718234
Allele 149	0.065239569414356

Locus 007
Allele 202	0.060375265084419
Allele 204	0.058854590059671
Allele 206	0.057705179992937
Allele 208	0.066988209184319
Allele 210	0.065166216095171
Allele 212	0.061893986124218
Allele 214	0.063827609601393
Allele 216	0.062105986994189
Allele 218	0.060786760794858
Allele 220	0.062234594515358
Allele 222	0.069421002326152
Allele 224	0.061986654830439
Allele 226	0.066271089905680
Allele 228	0.060062887543554
Allele 233	0.060600532731577
Allele 238	0.061719434216063

Locus 008
Allele 121	0.090621379076399
Allele 123	0.102117446937695
Allele 125	0.087411670214620
Allele 127	0.080064370714270
Allele 129	0.090674213048904
Allele 131	0.089550667670454
Allele 133	0.096713223725108
Allele 135	0.088783953574868
Allele 137	0.109382752288583
Allele 151	0.081067383570650
Allele 161	0.083612939178451

Locus 009
Allele 161	0.076141135705135
Allele 165	0.077157278476505
Allele 167	0.089248739080435
Allele 169	0.082783148014545
Allele 171	0.088181471687481
Allele 173	0.092228849234867
Allele 175	0.083561262069754
Allele 177	0.082445343267330
Allele 179	0.077723355611124
Allele 181	0.083804153447603
Allele 183	0.084843922797005
Allele 185	0.081881340608220

Locus 010
Allele 108	0.049041205993505
Allele 115	0.048740245020654
Allele 121	0.048193332343054
Allele 123	0.052026685341610
Allele 125	0.049576501605825
Allele 127	0.048675428855937
Allele 129	0.050549681840692
Allele 131	0.049517319884449
Allele 133	0.051250303241680
Allele 135	0.048847810618394
Allele 137	0.053184823655614
Allele 139	0.054886134398776
Allele 141	0.051165055836225
Allele 143	0.047165613918866
Allele 145	0.046960576075328
Allele 147	0.052534688735002
Allele 149	0.050128674807159
Allele 152	0.049909500221941
Allele 155	0.047803638152254
Allele 157	0.049842779453035


Cluster 04
Locus 001
Allele 092	0.119144452198456
Allele 094	0.113663570331453
Allele 096	0.102968752036908
Allele 098	0.117094715125712
Allele 100	0.113875733750938
Allele 102	0.102294886004936
Allele 104	0.112744410116143
Allele 106	0.121902200564144
Allele 108	0.096311279871306

Locus 002
Allele 118	0.079215638872405
Allele 122	0.079727791325014
Allele 124	0.081583405515113
Allele 126	0.102415283805088
Allele 127	0.081325801452613
Allele 128	0.085487331455003
Allele 130	0.081772110732692
Allele 132	0.085552581032877
Allele 134	0.075436202491643
Allele 135	0.083455403794214
Allele 137	0.085208488533890
Allele 151	0.078819960989445

Locus 003
Allele 130	0.067105577519957
Allele 133	0.068360480651227
Allele 136	0.071222693274195
Allele 138	0.076946796375295
Allele 139	0.073130574688712
Allele 141	0.074913701946592
Allele 143	0.064628226977377
Allele 145	0.074445906097947
Allele 146	0.071298540055112
Allele 147	0.070908413776975
Allele 148	0.076240570110325
Allele 150	0.069702289850895
Allele 152	0.074403926515310
Allele 156	0.066692302160086

Locus 004
Allele 093	0.057337676396205
Allele 095	0.058285953496281
Allele 096	0.054284405750891
Allele 097	0.059574817884556
Allele 099	0.062242611661556
Allele 100	0.059764337260735
Allele 101	0.065548281155902
Allele 103	0.069173002695417
Allele 105	0.055598858462756
Allele 107	0.057422389635345
Allele 109	0.055616486454580
Allele 110	0.055661101808461
Allele 113	0.062217089042275
Allele 121	0.058497425991503
Allele 123	0.054466833420494
Allele 125	0.057291020714381
Allele 131	0.057017708168663

Locus 005
Allele 218	0.046786232172161
Allele 220	0.050071142033965
Allele 222	0.052121704921559
Allele 224	0.051012691180296
Allele 226	0.052086947635695
Allele 228	0.049938716317430
Allele 230	0.052439875735484
Allele 232	0.050904718586825
Allele 234	0.054540388862121
Allele 236	0.053016507555489
Allele 238	0.051297223735026
Allele 240	0.049786803369793
Allele 242	0.047520745256144
Allele 244	0.047938452723145
Allele 246	0.049819264758755
Allele 248	0.048564937086211
Allele 250	0.051039806164429
Allele 252	0.048047056065982
Allele 254	0.046118222212203
Allele 256	0.046948563627286

Locus 006
Allele 094	0.071942482929643
Allele 096	0.071060077540656
Allele 098	0.073672637052557
Allele 100	0.064893796711468
Allele 102	0.072462253782610
Allele 104	0.082265496772227
Allele 106	0.074936432224144
Allele 108	0.068671298902629
Allele 110	0.078645994019968
Allele 112	0.074739232175748
Allele 114	0.065687014161113
Allele 124	0.069526173488337
Allele 126	0.066652033973643
Allele 149	0.064845076265256

Locus 007
Allele 202	0.060458256284950
Allele 204	0.059049342105526
Allele 206	0.057283163273160
Allele 208	0.067128570060861
Allele 210	0.065105515968144
Allele 212	0.061351702964089
Allele 214	0.064011311478214
Allele 216	0.062311913791642
Allele 218	0.061265556220753
Allele 220	0.062209641229567
Allele 222	0.068974071690617
Allele 224	0.062268626140237
Allele 226	0.066681940185463
Allele 228	0.060104878114403
Allele 233	0.060660510811668
Allele 238	0.061134999680707

Locus 008
Allele 121	0.091163483600424
Allele 123	0.102687582413744
Allele 125	0.087308222642688
Allele 127	0.080007280288792
Allele 129	0.088897817181197
Allele 131	0.090365828443274
Allele 133	0.096163534862479
Allele 135	0.088335744679502
Allele 137	0.110158983754786
Allele 151	0.081424346285629
Allele 161	0.083487175847482

Locus 009
Allele 161	0.076022992550159
Allele 165	0.077116546002389
Allele 167	0.089209030829609
Allele 169	0.081284370969102
Allele 171	0.088283557643470
Allele 173	0.092195678679117
Allele 175	0.084065640328169
Allele 177	0.081565818205719
Allele 179	0.078285673846930
Allele 181	0.084374376228929
Allele 183	0.085534136914397
Allele 185	0.082062177802013

Locus 010
Allele 108	0.049178618931232
Allele 115	0.049120128569312
Allele 121	0.048342103633482
Allele 123	0.052583121844616
Allele 125	0.049204759479630
Allele 127	0.048451790561814
Allele 129	0.050318501543843
Allele 131	0.048850827031453
Allele 133	0.051316808221266
Allele 135	0.048942508196049
Allele 137	0.053980622245896
Allele 139	0.053940498349953
Allele 141	0.051267776324918
Allele 143	0.047360987768608
Allele 145	0.046681215622610
Allele 147	0.052238758033769
Allele 149	0.050236346605985
Allele 152	0.050162610338531
Allele 155	0.047871186461251
Allele 157	0.049950830235788


Cluster 05
Locus 001
Allele 092	0.117998747574061
Allele 094	0.112968412315215
Allele 096	0.104241873645089
Allele 098	0.117515516130226
Allele 100	0.115417195425035
Allele 102	0.103184342690045
Allele 104	0.111869478121288
Allele 106	0.120118034283592
Allele 108	0.096686399815450

Locus 002
Allele 118	0.079834320762632
Allele 122	0.079883531865090
Allele 124	0.081941555333713
Allele 126	0.099487861173631
Allele 127	0.080262845255862
Allele 128	0.085337912678696
Allele 130	0.081655540402518
Allele 132	0.085520453025712
Allele 134	0.076345346586519
Allele 135	0.084737861480982
Allele 137	0.086142290791455
Allele 151	0.078850480643190

Locus 003
Allele 130	0.067624828493864
Allele 133	0.068275351059415
Allele 136	0.070804159140114
Allele 138	0.076084384818299
Allele 139	0.073785170972660
Allele 141	0.074086223687711
Allele 143	0.065335672991235
Allele 145	0.074335366300098
Allele 146	0.071094837984376
Allele 147	0.070442277230110
Allele 148	0.076159782439379
Allele 150	0.070068941995855
Allele 152	0.075003850043018
Allele 156	0.066899152843867

Locus 004
Allele 093	0.057703439738236
Allele 095	0.058826334367435
Allele 096	0.054738917156772
Allele 097	0.059532194193582
Allele 099	0.061178844780864
Allele 100	0.059543763450529
Allele 101	0.065705744732658
Allele 103	0.069217823596828
Allele 105	0.056383637572049
Allele 107	0.057168505638820
Allele 109	0.056507736871861
Allele 110	0.055970445454297
Allele 113	0.061826100624411
Allele 121	0.057950094131435
Allele 123	0.055187842530319
Allele 125	0.056170892061680
Allele 131	0.056387683098227

Locus 005
Allele 218	0.046978931016820
Allele 220	0.050237046689944
Allele 222	0.051536395224279
Allele 224	0.051441099070452
Allele 226	0.051559375338145
Allele 228	0.050868891632203
Allele 230	0.052639656310005
Allele 232	0.051402762820091
Allele 234	0.054034471025846
Allele 236	0.052375230359805
Allele 238	0.050933063021047
Allele 240	0.049655493306062
Allele 242	0.047464661596178
Allele 244	0.048339220110345
Allele 246	0.049286395314705
Allele 248	0.048271784508679
Allele 250	0.051194659134980
Allele 252	0.048358421719655
Allele 254	0.046234796766575
Allele 256	0.047187645034183

Locus 006
Allele 094	0.072979719301982
Allele 096	0.070596030914106
Allele 098	0.072314461880045
Allele 100	0.065096166540351
Allele 102	0.072538048483201
Allele 104	0.081659974002132
Allele 106	0.074544515611141
Allele 108	0.069882061119255
Allele 110	0.078355510155237
Allele 112	0.074608215503476
Allele 114	0.065874575955622
Allele 124	0.068785353947194
Allele 126	0.067483530225769
Allele 149	0.065281836360488

Locus 007
Allele 202	0.060666798401705
Allele 204	0.058822236945721
Allele 206	0.057956176749429
Allele 208	0.066685848051512
Allele 210	0.065116351055798
Allele 212	0.062333346756971
Allele 214	0.064119734712227
Allele 216	0.061575205980116
Allele 218	0.061030141925559
Allele 220	0.062305200322539
Allele 222	0.068493656461620
Allele 224	0.062224569216810
Allele 226	0.066332311316493
Allele 228	0.060532530663904
Allele 233	0.061103768726767
Allele 238	0.060702122712828

Locus 008
Allele 121	0.090016575798557
Allele 123	0.103134924953533
Allele 125	0.088373544186216
Allele 127	0.081196824660511
Allele 129	0.089947278766777
Allele 131	0.089924712557965
Allele 133	0.096347897629968
Allele 135	0.088091134315931
Allele 137	0.107479179998121
Allele 151	0.082035640286516
Allele 161	0.083452286845902

Locus 009
Allele 161	0.077425896331225
Allele 165	0.076965766015471
Allele 167	0.089706660890191
Allele 169	0.083822564317610
Allele 171	0.087602893481821
Allele 173	0.092203622654837
Allele 175	0.083166507479231
Allele 177	0.081962005864856
Allele 179	0.077512464949429
Allele 181	0.083062852876389
Allele 183	0.084788969711334
Allele 185	0.081779795427607

Locus 010
Allele 108	0.049305079085412
Allele 115	0.049112355199272
Allele 121	0.048046154707873
Allele 123	0.051180658587055
Allele 125	0.049640206651487
Allele 127	0.048766137719316
Allele 129	0.050431427600867
Allele 131	0.048870825228710
Allele 133	0.051219525751195
Allele 135	0.049167760244398
Allele 137	0.053140865726122
Allele 139	0.054350232991149
Allele 141	0.050862121620918
Allele 143	0.047169823322893
Allele 145	0.047064619804327
Allele 147	0.053328420524696
Allele 149	0.050240293058788
Allele 152	0.049908961265697
Allele 155	0.048229843266891
Allele 157	0.049964687642936



Estimated Mixing Proportions
0.013451746666667
0.938225793333334
0.016303140000000
0.016415220000000
0.015604100000000



Estimated sigma: 
k: 0	1.000000000000000
k: 1	1.000000000000000
k: 2	1.000000000000000
k: 3	1.000000000000000
k: 4	1.000000000000000



Estimated psi: 
k: 0	0.599999999999828
k: 1	0.599999999999828
k: 2	0.599999999999828
k: 3	0.599999999999828
k: 4	0.599999999999828



