Estimated Clustering Probabilities for Samples
Sample	***Cluster  01***	***Cluster  02***	***Cluster  03***	***Cluster  04***	
000001:	0.955705000000000	0.023290000000000	0.010225000000000	0.010780000000000		1
000002:	0.970250000000000	0.009780000000000	0.011555000000000	0.008415000000000		1
000003:	0.988065000000000	0.004500000000000	0.004015000000000	0.003420000000000		1
000004:	0.956495000000000	0.016455000000000	0.011880000000000	0.015170000000000		1
000005:	0.975235000000000	0.010725000000000	0.007525000000000	0.006515000000000		1
000006:	0.984600000000000	0.007280000000000	0.005150000000000	0.002970000000000		1
000007:	0.662400000000000	0.171935000000000	0.096505000000000	0.069160000000000		1
000008:	0.953795000000000	0.017610000000000	0.017365000000000	0.011230000000000		1
000009:	0.947975000000000	0.014595000000000	0.022330000000000	0.015100000000000		1
000010:	0.871835000000000	0.059255000000000	0.024305000000000	0.044605000000000		1
000011:	0.894005000000000	0.049685000000000	0.024755000000000	0.031555000000000		1
000012:	0.977285000000000	0.009810000000000	0.006085000000000	0.006820000000000		1
000013:	0.942240000000000	0.022565000000000	0.012215000000000	0.022980000000000		1
000014:	0.947730000000000	0.030070000000000	0.012020000000000	0.010180000000000		1
000015:	0.956865000000000	0.018370000000000	0.012210000000000	0.012555000000000		1
000016:	0.988305000000000	0.004275000000000	0.004155000000000	0.003265000000000		1
000017:	0.925050000000000	0.038375000000000	0.017735000000000	0.018840000000000		1
000018:	0.919855000000000	0.035305000000000	0.018225000000000	0.026615000000000		1
000019:	0.564580000000000	0.329155000000000	0.018835000000000	0.087430000000000		1
000020:	0.778205000000000	0.108265000000000	0.006135000000000	0.107395000000000		1
000021:	0.820950000000000	0.113005000000000	0.013575000000000	0.052470000000000		1
000022:	0.511920000000000	0.372590000000000	0.018025000000000	0.097465000000000		1
000023:	0.983605000000000	0.010075000000000	0.001605000000000	0.004715000000000		1
000024:	0.965540000000000	0.021285000000000	0.003270000000000	0.009905000000000		1
000025:	0.974070000000000	0.016685000000000	0.002805000000000	0.006440000000000		1
000026:	0.948345000000000	0.023420000000000	0.010710000000000	0.017525000000000		1
000027:	0.949370000000000	0.024450000000000	0.011645000000000	0.014535000000000		1
000028:	0.979710000000000	0.010200000000000	0.004130000000000	0.005960000000000		1
000029:	0.921990000000000	0.022930000000000	0.032440000000000	0.022640000000000		1
000030:	0.885585000000000	0.032595000000000	0.045510000000000	0.036310000000000		1
000031:	0.967930000000000	0.010835000000000	0.009970000000000	0.011265000000000		1
000032:	0.985540000000000	0.004815000000000	0.005455000000000	0.004190000000000		1
000033:	0.940185000000000	0.013145000000000	0.021650000000000	0.025020000000000		1
000034:	0.963735000000000	0.006250000000000	0.016340000000000	0.013675000000000		1
000035:	0.956795000000000	0.012500000000000	0.013490000000000	0.017215000000000		1
000036:	0.940980000000000	0.017040000000000	0.022710000000000	0.019270000000000		1
000037:	0.972195000000000	0.009990000000000	0.010835000000000	0.006980000000000		1
000038:	0.981735000000000	0.003055000000000	0.010665000000000	0.004545000000000		1
000039:	0.971005000000000	0.006650000000000	0.016790000000000	0.005555000000000		1
000040:	0.987380000000000	0.002990000000000	0.005655000000000	0.003975000000000		1
000041:	0.987855000000000	0.003515000000000	0.005265000000000	0.003365000000000		1
000042:	0.991800000000000	0.002690000000000	0.003940000000000	0.001570000000000		1
000043:	0.985485000000000	0.004530000000000	0.006025000000000	0.003960000000000		1
000044:	0.984470000000000	0.004800000000000	0.006375000000000	0.004355000000000		1
000045:	0.917025000000000	0.035990000000000	0.024245000000000	0.022740000000000		1
000046:	0.978760000000000	0.008740000000000	0.006855000000000	0.005645000000000		1
000047:	0.918060000000000	0.030410000000000	0.028090000000000	0.023440000000000		1
000048:	0.908525000000000	0.025610000000000	0.038330000000000	0.027535000000000		1
000049:	0.777225000000000	0.070740000000000	0.078860000000000	0.073175000000000		1
000050:	0.898780000000000	0.052275000000000	0.031945000000000	0.017000000000000		1
000051:	0.855605000000000	0.052475000000000	0.061310000000000	0.030610000000000		1
000052:	0.972265000000000	0.009335000000000	0.008475000000000	0.009925000000000		1
000053:	0.973980000000000	0.011230000000000	0.005605000000000	0.009185000000000		1
000054:	0.895810000000000	0.037245000000000	0.030860000000000	0.036085000000000		1
000055:	0.944470000000000	0.019380000000000	0.019640000000000	0.016510000000000		1
000056:	0.955700000000000	0.018580000000000	0.012855000000000	0.012865000000000		1
000057:	0.924785000000000	0.036545000000000	0.020675000000000	0.017995000000000		1
000058:	0.974025000000000	0.010130000000000	0.007770000000000	0.008075000000000		1
000059:	0.901480000000000	0.041965000000000	0.028315000000000	0.028240000000000		1
000060:	0.829025000000000	0.060805000000000	0.040000000000000	0.070170000000000		1
000061:	0.937760000000000	0.030930000000000	0.010225000000000	0.021085000000000		1
000062:	0.792850000000000	0.119565000000000	0.032560000000000	0.055025000000000		1
000063:	0.904355000000000	0.053740000000000	0.011330000000000	0.030575000000000		1
000064:	0.831070000000000	0.071360000000000	0.050180000000000	0.047390000000000		1
000065:	0.832325000000000	0.124045000000000	0.012075000000000	0.031555000000000		1
000066:	0.887160000000000	0.086790000000000	0.006475000000000	0.019575000000000		1
000067:	0.973310000000000	0.014200000000000	0.004050000000000	0.008440000000000		1
000068:	0.917850000000000	0.040620000000000	0.011910000000000	0.029620000000000		1
000069:	0.978590000000000	0.008935000000000	0.005360000000000	0.007115000000000		1
000070:	0.963800000000000	0.013895000000000	0.007115000000000	0.015190000000000		1
000071:	0.978020000000000	0.009835000000000	0.005215000000000	0.006930000000000		1
000072:	0.978475000000000	0.005615000000000	0.008790000000000	0.007120000000000		1
000073:	0.980590000000000	0.004490000000000	0.008870000000000	0.006050000000000		1
000074:	0.950055000000000	0.011995000000000	0.022745000000000	0.015205000000000		1
000075:	0.971085000000000	0.007535000000000	0.012945000000000	0.008435000000000		1



Estimated Allele Frequencies
Cluster 01
Locus 001
Allele 092	0.040108554611014
Allele 094	0.401586129242885
Allele 096	0.062321803261995
Allele 098	0.200441033460974
Allele 100	0.081407852232587
Allele 102	0.092259660433905
Allele 104	0.074593622787285
Allele 106	0.028732621653324
Allele 108	0.018548722316029

Locus 002
Allele 118	0.017716220204917
Allele 122	0.030180158594178
Allele 124	0.212070025461366
Allele 126	0.121854479519218
Allele 127	0.010428138625849
Allele 128	0.099018326739128
Allele 130	0.075936867301427
Allele 132	0.239907136435167
Allele 134	0.011570507128993
Allele 135	0.103368687925994
Allele 137	0.066712475096687
Allele 151	0.011236976967075

Locus 003
Allele 130	0.024168171170407
Allele 133	0.011075387642230
Allele 136	0.134325793981698
Allele 138	0.101546983802528
Allele 139	0.138673769730887
Allele 141	0.033285935638299
Allele 143	0.011630039694974
Allele 145	0.082577792747991
Allele 146	0.110911635890706
Allele 147	0.010408800918958
Allele 148	0.148226745588540
Allele 150	0.079669418913063
Allele 152	0.095978930858523
Allele 156	0.017520593421195

Locus 004
Allele 093	0.049133735219267
Allele 095	0.073049205022888
Allele 096	0.011532345397148
Allele 097	0.187956663457259
Allele 099	0.051948945664038
Allele 100	0.086793744269821
Allele 101	0.153630963033314
Allele 103	0.125519582645606
Allele 105	0.049582171851280
Allele 107	0.094378166243936
Allele 109	0.022533823941602
Allele 110	0.024356750261549
Allele 113	0.014589416247822
Allele 121	0.015376051402950
Allele 123	0.017240679081163
Allele 125	0.011156106070962
Allele 131	0.011221650189396

Locus 005
Allele 218	0.011729758268348
Allele 220	0.097100723873848
Allele 222	0.135483229662037
Allele 224	0.132975553105457
Allele 226	0.097762154696245
Allele 228	0.044348008190638
Allele 230	0.044631836495491
Allele 232	0.063504973917684
Allele 234	0.066179849089570
Allele 236	0.055825082381455
Allele 238	0.079213682405182
Allele 240	0.040622030056251
Allele 242	0.036424674423670
Allele 244	0.009808667678075
Allele 246	0.017224966052254
Allele 248	0.011145901261600
Allele 250	0.015603490214788
Allele 252	0.017109075551485
Allele 254	0.012143276559009
Allele 256	0.011163066116913

Locus 006
Allele 094	0.105191233453980
Allele 096	0.173356043184489
Allele 098	0.042348697778101
Allele 100	0.012311530970041
Allele 102	0.101393929599986
Allele 104	0.235302648029483
Allele 106	0.144813770170653
Allele 108	0.068788525859801
Allele 110	0.049034312537799
Allele 112	0.022591265710838
Allele 114	0.011537697161458
Allele 124	0.010403448881205
Allele 126	0.010533641042627
Allele 149	0.012393255619539

Locus 007
Allele 202	0.008813177013327
Allele 204	0.024363963946223
Allele 206	0.011693890581910
Allele 208	0.140381301096945
Allele 210	0.039159464982013
Allele 212	0.185551742741611
Allele 214	0.108316485852427
Allele 216	0.114646534562713
Allele 218	0.063670626245623
Allele 220	0.054110571885971
Allele 222	0.060609728639030
Allele 224	0.113597137128733
Allele 226	0.036541539797695
Allele 228	0.017975214446075
Allele 233	0.008934703413459
Allele 238	0.011633917666246

Locus 008
Allele 121	0.084890706953635
Allele 123	0.074352441609644
Allele 125	0.053739273507208
Allele 127	0.014508495260032
Allele 129	0.057794070301220
Allele 131	0.271596935997128
Allele 133	0.150494683010639
Allele 135	0.189311113099157
Allele 137	0.075719109037381
Allele 151	0.014511493180565
Allele 161	0.013081678043392

Locus 009
Allele 161	0.014005313681283
Allele 165	0.030779931304849
Allele 167	0.053184340596214
Allele 169	0.097409180326294
Allele 171	0.281941649328400
Allele 173	0.191836968177223
Allele 175	0.107488571179021
Allele 177	0.107849548532832
Allele 179	0.014545766738058
Allele 181	0.044869859035437
Allele 183	0.027856262610093
Allele 185	0.028232608490295

Locus 010
Allele 108	0.030460595953904
Allele 115	0.009950426286644
Allele 121	0.011381319905051
Allele 123	0.047170110754328
Allele 125	0.098279739004298
Allele 127	0.075031032023183
Allele 129	0.085877070751716
Allele 131	0.093795077233142
Allele 133	0.165651498771051
Allele 135	0.106537377383759
Allele 137	0.082980300603477
Allele 139	0.020058078859378
Allele 141	0.041162485226837
Allele 143	0.010872579938961
Allele 145	0.030096129052681
Allele 147	0.017042582000834
Allele 149	0.030008492136677
Allele 152	0.017254714455685
Allele 155	0.010251269737336
Allele 157	0.016139119921055


Cluster 02
Locus 001
Allele 092	0.104934267798894
Allele 094	0.124764176588192
Allele 096	0.090692725687741
Allele 098	0.129186986294003
Allele 100	0.158579189257893
Allele 102	0.085877692802314
Allele 104	0.110230975966629
Allele 106	0.115504582524995
Allele 108	0.080229403079336

Locus 002
Allele 118	0.066852784497074
Allele 122	0.067463216358785
Allele 124	0.077717868739846
Allele 126	0.126367300206697
Allele 127	0.068000623071501
Allele 128	0.087777299555508
Allele 130	0.071200184563664
Allele 132	0.080452313487939
Allele 134	0.064781530347602
Allele 135	0.098917952030810
Allele 137	0.126203100813013
Allele 151	0.064265826327559

Locus 003
Allele 130	0.059928630128923
Allele 133	0.058014361743496
Allele 136	0.061715483535140
Allele 138	0.080612399248765
Allele 139	0.070760941166029
Allele 141	0.075237792714932
Allele 143	0.059342638190187
Allele 145	0.088422320639415
Allele 146	0.076239685488096
Allele 147	0.060059286620077
Allele 148	0.090151003630642
Allele 150	0.071385801960909
Allele 152	0.088663126117135
Allele 156	0.059466528816255

Locus 004
Allele 093	0.051028986051902
Allele 095	0.058825757577810
Allele 096	0.049763399218745
Allele 097	0.058125911482528
Allele 099	0.059848316658620
Allele 100	0.050716336036072
Allele 101	0.072409445342017
Allele 103	0.135171528216030
Allele 105	0.050709765338937
Allele 107	0.051732721458645
Allele 109	0.050997086927831
Allele 110	0.049440973501488
Allele 113	0.060050859280805
Allele 121	0.054943972742370
Allele 123	0.048749782071698
Allele 125	0.048715583572416
Allele 131	0.048769574522085

Locus 005
Allele 218	0.040512429624111
Allele 220	0.049125426728646
Allele 222	0.047070608371379
Allele 224	0.062203212908370
Allele 226	0.046074969732668
Allele 228	0.061028667548746
Allele 230	0.058249861844197
Allele 232	0.058750762078115
Allele 234	0.067675110139617
Allele 236	0.063461666989823
Allele 238	0.046623731816229
Allele 240	0.045412793530142
Allele 242	0.042749439935093
Allele 244	0.050341754731003
Allele 246	0.042100450991233
Allele 248	0.043815876180247
Allele 250	0.049047847643866
Allele 252	0.041887005310958
Allele 254	0.040509652191139
Allele 256	0.043358731704418

Locus 006
Allele 094	0.082121320565134
Allele 096	0.066958806742702
Allele 098	0.067968217549047
Allele 100	0.054721997229729
Allele 102	0.066275502694848
Allele 104	0.126845593466303
Allele 106	0.076497580581460
Allele 108	0.067811346077793
Allele 110	0.082605683947674
Allele 112	0.065271088554606
Allele 114	0.058876413409796
Allele 124	0.060049053958939
Allele 126	0.067358208609088
Allele 149	0.056639186612881

Locus 007
Allele 202	0.068942281700125
Allele 204	0.052891529664621
Allele 206	0.052937243864503
Allele 208	0.061924134657653
Allele 210	0.074500244475872
Allele 212	0.068098159746782
Allele 214	0.058879901116526
Allele 216	0.058988978460001
Allele 218	0.053921736023863
Allele 220	0.069090760072166
Allele 222	0.064772971000620
Allele 224	0.063322236117412
Allele 226	0.081794004254566
Allele 228	0.051762651513164
Allele 233	0.067637350373976
Allele 238	0.050535816958148

Locus 008
Allele 121	0.085958244770361
Allele 123	0.142799153751805
Allele 125	0.094291312955559
Allele 127	0.069333429562150
Allele 129	0.081981738901233
Allele 131	0.090471187430166
Allele 133	0.121167235584117
Allele 135	0.077471396057736
Allele 137	0.089884432023658
Allele 151	0.067551516814475
Allele 161	0.079090352148742

Locus 009
Allele 161	0.074092576880633
Allele 165	0.070265689909580
Allele 167	0.098612616177378
Allele 169	0.097660194469492
Allele 171	0.091206935877574
Allele 173	0.104293066955020
Allele 175	0.077988110141851
Allele 177	0.080149675369672
Allele 179	0.069308973335685
Allele 181	0.075479401178658
Allele 183	0.080026381755258
Allele 185	0.080916377949198

Locus 010
Allele 108	0.042435177372088
Allele 115	0.048742053847349
Allele 121	0.043141133813758
Allele 123	0.047700402030165
Allele 125	0.050350739278068
Allele 127	0.043074429418675
Allele 129	0.048712644844607
Allele 131	0.043100153803127
Allele 133	0.057260179418383
Allele 135	0.043628616177499
Allele 137	0.056906235936092
Allele 139	0.088117610762878
Allele 141	0.047786116238894
Allele 143	0.044137073317670
Allele 145	0.043263295609747
Allele 147	0.073310442802059
Allele 149	0.043563648654567
Allele 152	0.042458674467798
Allele 155	0.047697774211368
Allele 157	0.044613597995209


Cluster 03
Locus 001
Allele 092	0.112533653229288
Allele 094	0.115830591315555
Allele 096	0.108373883681895
Allele 098	0.116095371608180
Allele 100	0.108360767851195
Allele 102	0.103032242711618
Allele 104	0.110331774453241
Allele 106	0.130975640211819
Allele 108	0.094466074937211

Locus 002
Allele 118	0.076969778092671
Allele 122	0.079324990588736
Allele 124	0.089716996962543
Allele 126	0.099963230160580
Allele 127	0.079204398753550
Allele 128	0.083864899574499
Allele 130	0.081042767552752
Allele 132	0.088722915060188
Allele 134	0.073568225207996
Allele 135	0.084594515348725
Allele 137	0.086504974267688
Allele 151	0.076522308430074

Locus 003
Allele 130	0.065944384506739
Allele 133	0.066660193470540
Allele 136	0.071999257327702
Allele 138	0.083920646652871
Allele 139	0.073772539395073
Allele 141	0.071328352003945
Allele 143	0.064564363502922
Allele 145	0.074568567649043
Allele 146	0.074403048612943
Allele 147	0.069304654127504
Allele 148	0.074671033529538
Allele 150	0.070247673463793
Allele 152	0.073935891845499
Allele 156	0.064679393911886

Locus 004
Allele 093	0.058185833647632
Allele 095	0.056967985835057
Allele 096	0.054181516396374
Allele 097	0.059082569604487
Allele 099	0.061553224918807
Allele 100	0.061064633578584
Allele 101	0.061924267067878
Allele 103	0.068641332860290
Allele 105	0.055254695929406
Allele 107	0.056595576362745
Allele 109	0.061879220092503
Allele 110	0.055887071148629
Allele 113	0.061465771702897
Allele 121	0.058628871062145
Allele 123	0.058570723364957
Allele 125	0.055548159371923
Allele 131	0.054568547055686

Locus 005
Allele 218	0.048362879196234
Allele 220	0.052179551456886
Allele 222	0.051192784572611
Allele 224	0.049157304887038
Allele 226	0.051912422082059
Allele 228	0.049252980046356
Allele 230	0.052155107832336
Allele 232	0.051127919697100
Allele 234	0.054518564539170
Allele 236	0.052378255042094
Allele 238	0.050759261323133
Allele 240	0.051427335770391
Allele 242	0.048128837140434
Allele 244	0.045159179113030
Allele 246	0.049129190699686
Allele 248	0.047545392503691
Allele 250	0.050991337200426
Allele 252	0.049510485409298
Allele 254	0.046333675570249
Allele 256	0.048777535917778

Locus 006
Allele 094	0.073454145225206
Allele 096	0.073087515338012
Allele 098	0.070276803032272
Allele 100	0.065266346938957
Allele 102	0.074695539207377
Allele 104	0.074655751799102
Allele 106	0.077993970534211
Allele 108	0.067687283508614
Allele 110	0.083640087034072
Allele 112	0.073961187545001
Allele 114	0.065263217062817
Allele 124	0.071068553565515
Allele 126	0.064233262933047
Allele 149	0.064716336275797

Locus 007
Allele 202	0.057551213727100
Allele 204	0.058977447194035
Allele 206	0.056749241941319
Allele 208	0.069668928196359
Allele 210	0.064285134779192
Allele 212	0.063446417856349
Allele 214	0.065082394186301
Allele 216	0.063175870968695
Allele 218	0.062988320087798
Allele 220	0.062839119700740
Allele 222	0.065198163520671
Allele 224	0.064989331447923
Allele 226	0.067047043818900
Allele 228	0.060272186503611
Allele 233	0.057327103870163
Allele 238	0.060402082200844

Locus 008
Allele 121	0.094331745123623
Allele 123	0.105637989593499
Allele 125	0.087722524257106
Allele 127	0.080008516102335
Allele 129	0.089398385204571
Allele 131	0.091420500040831
Allele 133	0.094454138330221
Allele 135	0.088586083992200
Allele 137	0.104786204367657
Allele 151	0.082148826268926
Allele 161	0.081505086719032

Locus 009
Allele 161	0.076573466243298
Allele 165	0.077161297980504
Allele 167	0.091476195925195
Allele 169	0.081957796499079
Allele 171	0.089328397714836
Allele 173	0.086594504950919
Allele 175	0.088128445589296
Allele 177	0.083628237635631
Allele 179	0.075922952047036
Allele 181	0.082823264385807
Allele 183	0.083533670615166
Allele 185	0.082871770413234

Locus 010
Allele 108	0.048403902156600
Allele 115	0.047719463455114
Allele 121	0.047135340256083
Allele 123	0.053749233611564
Allele 125	0.051048134693856
Allele 127	0.049253387207262
Allele 129	0.051675572859411
Allele 131	0.050215042540722
Allele 133	0.052330349197988
Allele 135	0.050164061742671
Allele 137	0.055622618712791
Allele 139	0.049777254484764
Allele 141	0.050395826104002
Allele 143	0.047430052612016
Allele 145	0.048449099718733
Allele 147	0.047881045630655
Allele 149	0.050307045579108
Allele 152	0.050367651129978
Allele 155	0.046986547165849
Allele 157	0.051088371140832


Cluster 04
Locus 001
Allele 092	0.111127514052583
Allele 094	0.114480002584449
Allele 096	0.109133693587497
Allele 098	0.129168296803696
Allele 100	0.120079026560190
Allele 102	0.098520674328380
Allele 104	0.107549661442828
Allele 106	0.114092668393364
Allele 108	0.095848462247012

Locus 002
Allele 118	0.072354274513497
Allele 122	0.078037555494859
Allele 124	0.087632497502051
Allele 126	0.107678596703993
Allele 127	0.075875075083015
Allele 128	0.085162353352597
Allele 130	0.079307627898071
Allele 132	0.083626229194105
Allele 134	0.073660851427244
Allele 135	0.087354280771185
Allele 137	0.094356864598913
Allele 151	0.074953793460472

Locus 003
Allele 130	0.065818105406796
Allele 133	0.065412991870046
Allele 136	0.066746546566848
Allele 138	0.084651825030917
Allele 139	0.072788770639362
Allele 141	0.072992290829459
Allele 143	0.063910753470616
Allele 145	0.073899906010658
Allele 146	0.074406839318271
Allele 147	0.065398191782278
Allele 148	0.078430026955233
Allele 150	0.076383950561516
Allele 152	0.075430698540503
Allele 156	0.063729103017497

Locus 004
Allele 093	0.055242030916725
Allele 095	0.060747536071568
Allele 096	0.053628386965924
Allele 097	0.059963645720157
Allele 099	0.062775817467747
Allele 100	0.058711332736246
Allele 101	0.062612541691701
Allele 103	0.083425997848272
Allele 105	0.056730498904270
Allele 107	0.056101374192545
Allele 109	0.056397778572778
Allele 110	0.053400266405129
Allele 113	0.059600802793032
Allele 121	0.059744438574846
Allele 123	0.054527853048203
Allele 125	0.053308819346587
Allele 131	0.053080878744269

Locus 005
Allele 218	0.045299755157920
Allele 220	0.049124532065908
Allele 222	0.049757067017009
Allele 224	0.053361958346797
Allele 226	0.049476653059243
Allele 228	0.052027568921549
Allele 230	0.053659702027721
Allele 232	0.052610687196331
Allele 234	0.061498593584780
Allele 236	0.054956246525770
Allele 238	0.048431655673055
Allele 240	0.051628526169475
Allele 242	0.046306887478259
Allele 244	0.049971205103150
Allele 246	0.047468479017364
Allele 248	0.046047884762261
Allele 250	0.049353919603760
Allele 252	0.047207224758158
Allele 254	0.044925010681090
Allele 256	0.046886442850401

Locus 006
Allele 094	0.074594673030225
Allele 096	0.075431987378495
Allele 098	0.069146308348182
Allele 100	0.063034843444204
Allele 102	0.073552987029039
Allele 104	0.087912746926881
Allele 106	0.078889138668773
Allele 108	0.069529437934864
Allele 110	0.080988903474055
Allele 112	0.066915656001548
Allele 114	0.064259789373979
Allele 124	0.068062507140904
Allele 126	0.065263755108299
Allele 149	0.062417266140550

Locus 007
Allele 202	0.059780649563392
Allele 204	0.057609262332209
Allele 206	0.059854949139156
Allele 208	0.067099496007677
Allele 210	0.065168511454284
Allele 212	0.068913085353231
Allele 214	0.062334550002467
Allele 216	0.066254087991239
Allele 218	0.059523893063426
Allele 220	0.062447881357781
Allele 222	0.065585184143770
Allele 224	0.064479351979140
Allele 226	0.068310278692953
Allele 228	0.056747321043956
Allele 233	0.059174409795565
Allele 238	0.056717088079753

Locus 008
Allele 121	0.098635748287812
Allele 123	0.107770709221073
Allele 125	0.101516050945840
Allele 127	0.076307934156414
Allele 129	0.086198165058918
Allele 131	0.093419895802614
Allele 133	0.091911351622796
Allele 135	0.084110318871762
Allele 137	0.100037560069573
Allele 151	0.077348326600330
Allele 161	0.082743939362867

Locus 009
Allele 161	0.076213478925103
Allele 165	0.075103995868309
Allele 167	0.099381527784328
Allele 169	0.085907336008597
Allele 171	0.093719477981618
Allele 173	0.090275958614306
Allele 175	0.080862223262146
Allele 177	0.084176164560038
Allele 179	0.074353669454743
Allele 181	0.079101047357488
Allele 183	0.080462029532936
Allele 185	0.080443090650388

Locus 010
Allele 108	0.047096770348486
Allele 115	0.049510453380706
Allele 121	0.046802212479947
Allele 123	0.052245754663440
Allele 125	0.049463815880109
Allele 127	0.047503310898458
Allele 129	0.049414235283319
Allele 131	0.048259813694038
Allele 133	0.059011392983760
Allele 135	0.047957181390361
Allele 137	0.051994272280947
Allele 139	0.059027374460027
Allele 141	0.052198738413139
Allele 143	0.048050933865218
Allele 145	0.046691932053950
Allele 147	0.054403981502413
Allele 149	0.046806433533254
Allele 152	0.046513749534037
Allele 155	0.048182201173212
Allele 157	0.048865442181177



Estimated Mixing Proportions
0.922952866666667
0.038084600000000
0.017277066666667
0.021685466666667



Estimated sigma: 
k: 0	1.000000000000000
k: 1	1.000000000000000
k: 2	1.000000000000000
k: 3	1.000000000000000



Estimated tau: 
k: 0	10.000000000000000
k: 1	10.000000000000000
k: 2	10.000000000000000
k: 3	10.000000000000000



