1:    0.421 0.340 0.072 0.089 0.077 1    
2:    0.072 0.690 0.059 0.093 0.087 1    
3:    0.067 0.084 0.293 0.181 0.375 1    
4:    0.141 0.589 0.076 0.106 0.088 1    
5:    0.076 0.172 0.261 0.193 0.298 1    
6:    0.061 0.673 0.069 0.098 0.099 1    
7:    0.068 0.218 0.260 0.203 0.250 1    
8:    0.190 0.102 0.251 0.194 0.264 1    
9:    0.047 0.110 0.300 0.202 0.341 1    
10:   0.038 0.143 0.283 0.172 0.363 1    
11:   0.256 0.108 0.223 0.181 0.232 1    
12:   0.142 0.119 0.259 0.158 0.323 1    
13:   0.087 0.074 0.302 0.219 0.319 1    
14:   0.337 0.148 0.181 0.162 0.172 1    
15:   0.069 0.418 0.173 0.150 0.191 1    
16:   0.067 0.057 0.304 0.222 0.350 1    
17:   0.205 0.102 0.252 0.221 0.220 1    
18:   0.036 0.091 0.310 0.235 0.328 1    
19:   0.280 0.150 0.203 0.183 0.184 1    
20:   0.107 0.267 0.226 0.173 0.228 1    
21:   0.052 0.087 0.301 0.187 0.373 1    
22:   0.068 0.077 0.301 0.209 0.345 1    
23:   0.167 0.503 0.098 0.106 0.127 1    
24:   0.421 0.331 0.077 0.091 0.080 1    
25:   0.051 0.097 0.304 0.218 0.330 1    
26:   0.054 0.136 0.289 0.200 0.320 1    
27:   0.267 0.113 0.221 0.178 0.222 1    
28:   0.300 0.218 0.164 0.143 0.175 1    
29:   0.079 0.069 0.306 0.278 0.268 1    
30:   0.177 0.104 0.246 0.245 0.228 1    
31:   0.132 0.145 0.246 0.235 0.241 1    
32:   0.212 0.447 0.103 0.134 0.104 1    
33:   0.270 0.280 0.156 0.126 0.168 1    
34:   0.040 0.620 0.097 0.108 0.134 1    
35:   0.365 0.088 0.196 0.145 0.205 1    
36:   0.149 0.136 0.255 0.192 0.267 1    
37:   0.195 0.088 0.234 0.225 0.257 1    
38:   0.338 0.265 0.137 0.136 0.124 1    
39:   0.056 0.488 0.143 0.163 0.150 1    
40:   0.053 0.433 0.171 0.131 0.212 1    
41:   0.040 0.061 0.319 0.197 0.383 1    
42:   0.331 0.408 0.079 0.091 0.092 1    
43:   0.099 0.435 0.156 0.140 0.170 1    
44:   0.056 0.139 0.287 0.212 0.306 1    
45:   0.386 0.356 0.077 0.095 0.086 1    
46:   0.075 0.243 0.248 0.191 0.243 1    
47:   0.057 0.249 0.238 0.158 0.298 1    
48:   0.132 0.230 0.207 0.203 0.229 1    
49:   0.240 0.439 0.096 0.117 0.108 1    
50:   0.152 0.548 0.089 0.103 0.108 1    
51:   0.065 0.173 0.264 0.186 0.311 1    
52:   0.103 0.330 0.186 0.182 0.199 1    
53:   0.056 0.167 0.265 0.206 0.305 1    
54:   0.070 0.241 0.236 0.201 0.252 1    
55:   0.416 0.146 0.144 0.110 0.183 1    
56:   0.064 0.397 0.170 0.179 0.189 1    
57:   0.052 0.103 0.300 0.264 0.281 1    
58:   0.103 0.210 0.228 0.219 0.240 1    
59:   0.267 0.143 0.207 0.193 0.190 1    
60:   0.112 0.114 0.280 0.194 0.300 1    
61:   0.144 0.180 0.231 0.174 0.271 1    
62:   0.209 0.122 0.230 0.244 0.195 1    
63:   0.092 0.420 0.156 0.170 0.162 1    
64:   0.184 0.402 0.134 0.142 0.138 1    
65:   0.154 0.666 0.040 0.078 0.062 1    
66:   0.111 0.459 0.143 0.152 0.135 1    
67:   0.295 0.444 0.072 0.095 0.093 1    
68:   0.106 0.553 0.102 0.126 0.113 1    
69:   0.542 0.177 0.091 0.097 0.093 1    
70:   0.092 0.151 0.273 0.231 0.253 1    
71:   0.059 0.503 0.138 0.128 0.172 1    
72:   0.050 0.281 0.229 0.158 0.283 1    
73:   0.059 0.736 0.046 0.088 0.071 1    
74:   0.384 0.282 0.110 0.102 0.122 1    
75:   0.108 0.564 0.099 0.116 0.113 1    
76:   0.135 0.625 0.062 0.104 0.075 1    
77:   0.589 0.141 0.092 0.080 0.097 1    
78:   0.323 0.119 0.198 0.151 0.208 1    
79:   0.101 0.445 0.150 0.124 0.180 1    
80:   0.701 0.111 0.061 0.066 0.060 1    
81:   0.357 0.300 0.114 0.114 0.114 1    
82:   0.107 0.054 0.267 0.314 0.257 1    
83:   0.182 0.122 0.233 0.248 0.216 1    
84:   0.114 0.524 0.108 0.113 0.141 1    
85:   0.095 0.122 0.276 0.255 0.252 1    
86:   0.479 0.089 0.158 0.126 0.148 1    
87:   0.064 0.758 0.037 0.083 0.058 1    
88:   0.272 0.126 0.215 0.186 0.201 1    
89:   0.114 0.480 0.124 0.158 0.125 1    
90:   0.045 0.555 0.121 0.119 0.160 1    
91:   0.081 0.494 0.141 0.137 0.148 1    
92:   0.035 0.785 0.036 0.080 0.064 1    
93:   0.471 0.216 0.102 0.105 0.106 1    
94:   0.049 0.061 0.315 0.200 0.375 1    
95:   0.104 0.160 0.232 0.285 0.218 1    
96:   0.079 0.107 0.276 0.194 0.344 1    
97:   0.053 0.171 0.267 0.234 0.275 1    
98:   0.060 0.085 0.300 0.305 0.249 1    
99:   0.064 0.046 0.308 0.256 0.326 1    
100:  0.072 0.109 0.286 0.305 0.227 1    
101:  0.159 0.103 0.260 0.221 0.257 1    
102:  0.065 0.119 0.283 0.214 0.319 1    
103:  0.121 0.098 0.289 0.194 0.297 1    
104:  0.143 0.284 0.178 0.208 0.187 1    
105:  0.186 0.182 0.214 0.231 0.187 1    
106:  0.199 0.420 0.123 0.146 0.112 1    
107:  0.105 0.119 0.270 0.285 0.220 1    
108:  0.112 0.035 0.272 0.337 0.243 1    
109:  0.110 0.057 0.256 0.332 0.245 1    
110:  0.207 0.029 0.250 0.300 0.214 1    
111:  0.040 0.038 0.297 0.365 0.261 1    
112:  0.342 0.060 0.206 0.203 0.189 1    
113:  0.074 0.053 0.279 0.349 0.246 1    
114:  0.518 0.048 0.137 0.163 0.134 1    
115:  0.307 0.057 0.201 0.253 0.182 1    
116:  0.072 0.035 0.287 0.360 0.246 1    
117:  0.050 0.040 0.298 0.363 0.248 1    
118:  0.031 0.029 0.307 0.376 0.258 1    
119:  0.122 0.022 0.273 0.343 0.241 1    
120:  0.078 0.061 0.270 0.343 0.247 1    
121:  0.163 0.068 0.247 0.302 0.220 1    
122:  0.045 0.018 0.289 0.379 0.269 1    
123:  0.112 0.040 0.257 0.338 0.252 1    
124:  0.081 0.040 0.268 0.356 0.256 1    
125:  0.047 0.032 0.291 0.369 0.260 1    
126:  0.309 0.029 0.214 0.259 0.188 1    
127:  0.061 0.021 0.286 0.370 0.262 1    
128:  0.457 0.035 0.174 0.192 0.142 1    
129:  0.327 0.048 0.199 0.241 0.184 1    
130:  0.204 0.128 0.213 0.264 0.191 1    
131:  0.051 0.066 0.285 0.353 0.244 1    
132:  0.112 0.038 0.274 0.342 0.234 1    
133:  0.090 0.038 0.279 0.347 0.246 1    
134:  0.265 0.039 0.225 0.274 0.197 1    
135:  0.120 0.083 0.255 0.319 0.223 1    
136:  0.118 0.057 0.265 0.331 0.230 1    
137:  0.092 0.026 0.275 0.355 0.253 1    
138:  0.291 0.044 0.202 0.266 0.196 1    
139:  0.193 0.051 0.241 0.295 0.220 1    
140:  0.063 0.030 0.282 0.365 0.260 1    
141:  0.111 0.045 0.274 0.334 0.236 1    
142:  0.051 0.036 0.285 0.370 0.259 1    
143:  0.067 0.033 0.288 0.363 0.249 1    
144:  0.054 0.020 0.286 0.372 0.268 1    
145:  0.073 0.054 0.286 0.333 0.253 1    
146:  0.179 0.063 0.240 0.292 0.227 1    
147:  0.371 0.035 0.187 0.231 0.177 1    
148:  0.032 0.029 0.294 0.379 0.265 1    
149:  0.097 0.030 0.281 0.351 0.241 1    
                    
                    
1:    0.085 0.096 0.201 0.405 0.212 1    
2:    0.101 0.104 0.270 0.145 0.379 1    
3:    0.374 0.170 0.080 0.064 0.312 1    
4:    0.100 0.113 0.257 0.194 0.336 1    
5:    0.300 0.211 0.130 0.083 0.276 1    
6:    0.112 0.115 0.259 0.136 0.378 1    
7:    0.243 0.234 0.169 0.096 0.258 1    
8:    0.262 0.211 0.125 0.178 0.224 1    
9:    0.325 0.197 0.131 0.055 0.292 1    
10:   0.360 0.168 0.094 0.046 0.331 1    
11:   0.213 0.202 0.152 0.240 0.193 1    
12:   0.329 0.162 0.090 0.129 0.290 1    
13:   0.303 0.207 0.141 0.089 0.260 1    
14:   0.162 0.168 0.179 0.317 0.174 1    
15:   0.190 0.162 0.211 0.117 0.321 1    
16:   0.342 0.204 0.123 0.061 0.269 1    
17:   0.224 0.287 0.142 0.183 0.164 1    
18:   0.334 0.286 0.095 0.038 0.247 1    
19:   0.186 0.229 0.160 0.252 0.173 1    
20:   0.235 0.223 0.155 0.127 0.261 1    
21:   0.368 0.178 0.089 0.052 0.313 1    
22:   0.352 0.242 0.072 0.064 0.270 1    
23:   0.133 0.115 0.224 0.208 0.322 1    
24:   0.087 0.101 0.201 0.411 0.201 1    
25:   0.317 0.198 0.144 0.063 0.278 1    
26:   0.325 0.233 0.108 0.061 0.274 1    
27:   0.212 0.170 0.171 0.251 0.196 1    
28:   0.164 0.145 0.185 0.298 0.208 1    
29:   0.265 0.338 0.158 0.077 0.163 1    
30:   0.221 0.232 0.218 0.175 0.154 1    
31:   0.230 0.230 0.219 0.141 0.180 1    
32:   0.113 0.134 0.241 0.246 0.266 1    
33:   0.170 0.123 0.182 0.274 0.250 1    
34:   0.151 0.111 0.241 0.109 0.388 1    
35:   0.195 0.140 0.150 0.330 0.186 1    
36:   0.243 0.190 0.169 0.162 0.236 1    
37:   0.241 0.197 0.174 0.187 0.201 1    
38:   0.126 0.135 0.206 0.334 0.200 1    
39:   0.154 0.181 0.252 0.106 0.306 1    
40:   0.220 0.158 0.187 0.098 0.336 1    
41:   0.377 0.185 0.090 0.039 0.309 1    
42:   0.098 0.105 0.210 0.334 0.253 1    
43:   0.165 0.159 0.221 0.151 0.305 1    
44:   0.292 0.228 0.150 0.068 0.263 1    
45:   0.091 0.099 0.205 0.382 0.223 1    
46:   0.239 0.252 0.157 0.096 0.257 1    
47:   0.301 0.165 0.129 0.078 0.328 1    
48:   0.228 0.210 0.203 0.142 0.218 1    
49:   0.115 0.127 0.219 0.276 0.263 1    
50:   0.116 0.127 0.233 0.198 0.327 1    
51:   0.318 0.170 0.132 0.082 0.298 1    
52:   0.206 0.182 0.207 0.134 0.272 1    
53:   0.315 0.194 0.143 0.067 0.281 1    
54:   0.269 0.240 0.149 0.090 0.252 1    
55:   0.187 0.120 0.118 0.385 0.191 1    
56:   0.204 0.185 0.223 0.104 0.283 1    
57:   0.293 0.300 0.154 0.055 0.197 1    
58:   0.240 0.207 0.199 0.117 0.238 1    
59:   0.195 0.227 0.153 0.251 0.174 1    
60:   0.286 0.197 0.138 0.122 0.258 1    
61:   0.275 0.168 0.139 0.151 0.267 1    
62:   0.197 0.241 0.226 0.209 0.128 1    
63:   0.168 0.188 0.237 0.135 0.272 1    
64:   0.142 0.158 0.216 0.210 0.273 1    
65:   0.077 0.088 0.267 0.207 0.360 1    
66:   0.139 0.182 0.234 0.161 0.284 1    
67:   0.096 0.104 0.212 0.320 0.268 1    
68:   0.126 0.134 0.251 0.159 0.330 1    
69:   0.090 0.100 0.162 0.519 0.128 1    
70:   0.266 0.299 0.129 0.093 0.213 1    
71:   0.193 0.131 0.212 0.113 0.351 1    
72:   0.288 0.165 0.138 0.075 0.334 1    
73:   0.086 0.101 0.280 0.139 0.394 1    
74:   0.126 0.112 0.179 0.371 0.212 1    
75:   0.120 0.128 0.248 0.166 0.338 1    
76:   0.088 0.112 0.270 0.193 0.337 1    
77:   0.096 0.081 0.149 0.547 0.127 1    
78:   0.203 0.195 0.117 0.301 0.184 1    
79:   0.187 0.131 0.205 0.147 0.330 1    
80:   0.056 0.069 0.154 0.640 0.081 1    
81:   0.120 0.159 0.183 0.341 0.197 1    
82:   0.228 0.267 0.281 0.099 0.124 1    
83:   0.212 0.239 0.236 0.174 0.138 1    
84:   0.151 0.127 0.223 0.161 0.338 1    
85:   0.255 0.261 0.190 0.104 0.190 1    
86:   0.137 0.118 0.150 0.454 0.141 1    
87:   0.076 0.093 0.288 0.146 0.397 1    
88:   0.196 0.180 0.168 0.270 0.186 1    
89:   0.132 0.168 0.260 0.160 0.280 1    
90:   0.175 0.114 0.225 0.110 0.376 1    
91:   0.150 0.171 0.227 0.138 0.315 1    
92:   0.080 0.091 0.288 0.123 0.417 1    
93:   0.107 0.104 0.174 0.452 0.163 1    
94:   0.368 0.191 0.093 0.048 0.300 1    
95:   0.204 0.270 0.294 0.108 0.124 1    
96:   0.343 0.182 0.112 0.077 0.286 1    
97:   0.278 0.242 0.169 0.068 0.243 1    
98:   0.272 0.339 0.187 0.061 0.140 1    
99:   0.324 0.245 0.159 0.061 0.210 1    
100:  0.247 0.340 0.205 0.075 0.133 1    
101:  0.252 0.222 0.167 0.152 0.206 1    
102:  0.325 0.244 0.102 0.067 0.262 1    
103:  0.306 0.233 0.109 0.112 0.240 1    
104:  0.181 0.201 0.255 0.162 0.202 1    
105:  0.189 0.222 0.213 0.186 0.191 1    
106:  0.118 0.151 0.240 0.226 0.265 1    
107:  0.224 0.303 0.223 0.110 0.140 1    
108:  0.224 0.307 0.317 0.103 0.049 1    
109:  0.211 0.277 0.310 0.102 0.100 1    
110:  0.205 0.274 0.291 0.174 0.056 1    
111:  0.247 0.339 0.330 0.037 0.046 1    
112:  0.178 0.182 0.188 0.312 0.140 1    
113:  0.228 0.319 0.328 0.069 0.056 1    
114:  0.121 0.154 0.169 0.466 0.091 1    
115:  0.161 0.240 0.256 0.272 0.072 1    
116:  0.229 0.336 0.326 0.064 0.045 1    
117:  0.237 0.346 0.329 0.046 0.042 1    
118:  0.241 0.362 0.327 0.029 0.041 1    
119:  0.226 0.314 0.326 0.104 0.031 1    
120:  0.218 0.310 0.314 0.073 0.084 1    
121:  0.207 0.277 0.296 0.152 0.068 1    
122:  0.231 0.336 0.347 0.039 0.047 1    
123:  0.215 0.280 0.315 0.097 0.093 1    
124:  0.218 0.306 0.337 0.072 0.068 1    
125:  0.241 0.338 0.344 0.043 0.034 1    
126:  0.169 0.235 0.256 0.264 0.076 1    
127:  0.232 0.329 0.341 0.054 0.044 1    
128:  0.145 0.193 0.203 0.407 0.051 1    
129:  0.163 0.225 0.237 0.287 0.088 1    
130:  0.181 0.241 0.288 0.184 0.106 1    
131:  0.235 0.339 0.323 0.050 0.054 1    
132:  0.225 0.312 0.319 0.101 0.042 1    
133:  0.230 0.318 0.326 0.078 0.048 1    
134:  0.192 0.252 0.281 0.224 0.050 1    
135:  0.212 0.297 0.313 0.112 0.066 1    
136:  0.215 0.307 0.319 0.108 0.052 1    
137:  0.214 0.303 0.331 0.080 0.072 1    
138:  0.165 0.222 0.270 0.260 0.084 1    
139:  0.193 0.254 0.284 0.178 0.091 1    
140:  0.232 0.326 0.330 0.058 0.054 1    
141:  0.227 0.301 0.306 0.098 0.067 1    
142:  0.224 0.331 0.333 0.046 0.065 1    
143:  0.233 0.337 0.330 0.059 0.040 1    
144:  0.223 0.323 0.334 0.047 0.073 1    
145:  0.240 0.324 0.283 0.067 0.086 1    
146:  0.203 0.250 0.276 0.159 0.111 1    
147:  0.163 0.200 0.236 0.316 0.084 1    
148:  0.245 0.351 0.349 0.029 0.027 1    
149:  0.228 0.327 0.325 0.086 0.035 1    
                    
                    
1:    0.190 0.093 0.410 0.190 0.117 1    
2:    0.347 0.070 0.138 0.388 0.056 1    
3:    0.237 0.444 0.080 0.058 0.182 1    
4:    0.299 0.098 0.190 0.328 0.085 1    
5:    0.232 0.368 0.102 0.101 0.196 1    
6:    0.344 0.091 0.128 0.377 0.061 1    
7:    0.195 0.392 0.091 0.122 0.201 1    
8:    0.188 0.343 0.185 0.070 0.213 1    
9:    0.196 0.469 0.068 0.067 0.200 1    
10:   0.245 0.439 0.062 0.082 0.171 1    
11:   0.146 0.334 0.240 0.060 0.220 1    
12:   0.224 0.388 0.150 0.070 0.168 1    
13:   0.165 0.476 0.095 0.052 0.213 1    
14:   0.126 0.288 0.307 0.085 0.193 1    
15:   0.260 0.268 0.105 0.232 0.134 1    
16:   0.212 0.413 0.081 0.082 0.212 1    
17:   0.175 0.295 0.199 0.075 0.255 1    
18:   0.235 0.406 0.066 0.053 0.239 1    
19:   0.157 0.271 0.261 0.093 0.217 1    
20:   0.237 0.303 0.130 0.153 0.176 1    
21:   0.227 0.464 0.071 0.049 0.189 1    
22:   0.238 0.412 0.088 0.048 0.214 1    
23:   0.281 0.140 0.203 0.283 0.093 1    
24:   0.190 0.078 0.400 0.204 0.127 1    
25:   0.192 0.454 0.061 0.088 0.205 1    
26:   0.237 0.405 0.078 0.083 0.197 1    
27:   0.146 0.320 0.237 0.094 0.203 1    
28:   0.160 0.250 0.280 0.133 0.177 1    
29:   0.175 0.355 0.101 0.081 0.288 1    
30:   0.164 0.233 0.172 0.181 0.250 1    
31:   0.189 0.228 0.135 0.219 0.230 1    
32:   0.247 0.094 0.235 0.297 0.127 1    
33:   0.187 0.242 0.259 0.159 0.153 1    
34:   0.343 0.137 0.105 0.344 0.071 1    
35:   0.120 0.318 0.322 0.056 0.185 1    
36:   0.163 0.384 0.148 0.097 0.208 1    
37:   0.183 0.254 0.180 0.164 0.219 1    
38:   0.164 0.186 0.325 0.157 0.167 1    
39:   0.295 0.135 0.109 0.325 0.136 1    
40:   0.289 0.257 0.097 0.242 0.115 1    
41:   0.210 0.501 0.059 0.037 0.193 1    
42:   0.230 0.105 0.319 0.237 0.108 1    
43:   0.248 0.242 0.135 0.241 0.134 1    
44:   0.192 0.431 0.082 0.077 0.218 1    
45:   0.199 0.086 0.374 0.221 0.120 1    
46:   0.213 0.362 0.102 0.126 0.197 1    
47:   0.268 0.360 0.084 0.139 0.149 1    
48:   0.235 0.201 0.144 0.231 0.189 1    
49:   0.243 0.120 0.252 0.264 0.121 1    
50:   0.302 0.108 0.190 0.308 0.093 1    
51:   0.239 0.373 0.083 0.122 0.184 1    
52:   0.249 0.230 0.130 0.225 0.166 1    
53:   0.245 0.333 0.076 0.153 0.192 1    
54:   0.259 0.268 0.095 0.178 0.200 1    
55:   0.169 0.209 0.379 0.088 0.154 1    
56:   0.292 0.155 0.102 0.298 0.153 1    
57:   0.220 0.310 0.074 0.138 0.257 1    
58:   0.234 0.241 0.120 0.213 0.191 1    
59:   0.183 0.235 0.251 0.106 0.226 1    
60:   0.181 0.428 0.121 0.072 0.198 1    
61:   0.222 0.321 0.153 0.129 0.176 1    
62:   0.164 0.171 0.199 0.212 0.254 1    
63:   0.274 0.133 0.125 0.318 0.151 1    
64:   0.246 0.181 0.204 0.232 0.136 1    
65:   0.322 0.048 0.205 0.371 0.054 1    
66:   0.267 0.155 0.149 0.287 0.142 1    
67:   0.247 0.077 0.307 0.266 0.102 1    
68:   0.300 0.115 0.155 0.328 0.101 1    
69:   0.129 0.085 0.480 0.145 0.161 1    
70:   0.222 0.316 0.115 0.102 0.244 1    
71:   0.313 0.194 0.110 0.283 0.101 1    
72:   0.266 0.350 0.081 0.154 0.150 1    
73:   0.355 0.059 0.130 0.410 0.045 1    
74:   0.189 0.130 0.354 0.189 0.138 1    
75:   0.301 0.123 0.153 0.324 0.099 1    
76:   0.311 0.050 0.191 0.371 0.077 1    
77:   0.105 0.125 0.519 0.091 0.160 1    
78:   0.162 0.272 0.304 0.066 0.195 1    
79:   0.270 0.229 0.139 0.247 0.115 1    
80:   0.075 0.063 0.615 0.089 0.158 1    
81:   0.188 0.139 0.333 0.185 0.155 1    
82:   0.186 0.148 0.098 0.313 0.255 1    
83:   0.174 0.178 0.175 0.229 0.243 1    
84:   0.306 0.143 0.156 0.299 0.097 1    
85:   0.192 0.292 0.104 0.168 0.243 1    
86:   0.101 0.217 0.439 0.061 0.182 1    
87:   0.355 0.037 0.139 0.426 0.043 1    
88:   0.158 0.268 0.263 0.108 0.203 1    
89:   0.276 0.086 0.153 0.344 0.141 1    
90:   0.334 0.176 0.104 0.303 0.083 1    
91:   0.277 0.185 0.129 0.286 0.122 1    
92:   0.370 0.046 0.116 0.434 0.034 1    
93:   0.149 0.118 0.429 0.152 0.152 1    
94:   0.213 0.475 0.064 0.050 0.199 1    
95:   0.210 0.079 0.108 0.358 0.244 1    
96:   0.237 0.382 0.091 0.107 0.184 1    
97:   0.229 0.321 0.078 0.156 0.217 1    
98:   0.201 0.232 0.079 0.189 0.299 1    
99:   0.198 0.355 0.074 0.129 0.244 1    
100:  0.198 0.195 0.085 0.222 0.300 1    
101:  0.172 0.346 0.161 0.094 0.228 1    
102:  0.242 0.377 0.088 0.074 0.218 1    
103:  0.207 0.388 0.132 0.062 0.211 1    
104:  0.233 0.118 0.154 0.310 0.186 1    
105:  0.182 0.237 0.186 0.167 0.228 1    
106:  0.247 0.126 0.230 0.263 0.134 1    
107:  0.184 0.212 0.113 0.211 0.279 1    
108:  0.178 0.060 0.102 0.372 0.288 1    
109:  0.193 0.082 0.107 0.362 0.256 1    
110:  0.147 0.094 0.180 0.304 0.276 1    
111:  0.188 0.062 0.040 0.398 0.313 1    
112:  0.122 0.235 0.301 0.112 0.230 1    
113:  0.190 0.052 0.070 0.396 0.291 1    
114:  0.105 0.092 0.446 0.147 0.209 1    
115:  0.150 0.054 0.262 0.288 0.245 1    
116:  0.182 0.041 0.066 0.401 0.311 1    
117:  0.183 0.059 0.050 0.390 0.317 1    
118:  0.183 0.051 0.031 0.405 0.330 1    
119:  0.171 0.042 0.108 0.383 0.296 1    
120:  0.196 0.053 0.073 0.395 0.284 1    
121:  0.170 0.076 0.149 0.335 0.270 1    
122:  0.202 0.027 0.042 0.434 0.296 1    
123:  0.201 0.059 0.104 0.381 0.255 1    
124:  0.203 0.033 0.077 0.418 0.270 1    
125:  0.192 0.036 0.044 0.420 0.309 1    
126:  0.135 0.095 0.267 0.254 0.250 1    
127:  0.194 0.037 0.055 0.416 0.298 1    
128:  0.103 0.075 0.402 0.180 0.240 1    
129:  0.152 0.065 0.274 0.266 0.243 1    
130:  0.181 0.069 0.188 0.331 0.230 1    
131:  0.189 0.044 0.051 0.405 0.310 1    
132:  0.171 0.050 0.103 0.375 0.301 1    
133:  0.180 0.061 0.082 0.378 0.299 1    
134:  0.145 0.059 0.234 0.305 0.257 1    
135:  0.183 0.050 0.114 0.376 0.277 1    
136:  0.177 0.048 0.109 0.377 0.288 1    
137:  0.195 0.054 0.083 0.392 0.275 1    
138:  0.160 0.049 0.261 0.300 0.229 1    
139:  0.169 0.085 0.183 0.312 0.251 1    
140:  0.191 0.049 0.060 0.405 0.296 1    
141:  0.172 0.097 0.102 0.339 0.289 1    
142:  0.196 0.038 0.048 0.421 0.297 1    
143:  0.181 0.042 0.062 0.403 0.313 1    
144:  0.201 0.050 0.049 0.413 0.286 1    
145:  0.188 0.120 0.073 0.322 0.296 1    
146:  0.176 0.104 0.162 0.307 0.252 1    
147:  0.135 0.089 0.313 0.237 0.226 1    
148:  0.195 0.026 0.030 0.433 0.315 1    
149:  0.174 0.045 0.090 0.387 0.305 1    
