  1:   0.0851  0.0951  0.1601  0.4123  0.2475  1
  2:   0.0860  0.0730  0.2505  0.1184  0.4720  1
  3:   0.3975  0.2149  0.1063  0.0703  0.2109  1
  4:   0.0953  0.0913  0.2303  0.1750  0.4080  1
  5:   0.3221  0.2227  0.1414  0.0870  0.2267  1
  6:   0.1006  0.0816  0.2445  0.1083  0.4649  1
  7:   0.2950  0.2317  0.1647  0.0850  0.2237  1
  8:   0.2897  0.2250  0.1296  0.1843  0.1714  1
  9:   0.3783  0.2323  0.1333  0.0567  0.1993  1
 10:   0.3877  0.2075  0.1161  0.0487  0.2399  1
 11:   0.2597  0.2150  0.1310  0.2453  0.1490  1
 12:   0.3466  0.1962  0.1059  0.1403  0.2110  1
 13:   0.3657  0.2405  0.1372  0.0903  0.1663  1
 14:   0.2074  0.1807  0.1420  0.3204  0.1494  1
 15:   0.2163  0.1563  0.1976  0.0970  0.3328  1
 16:   0.3684  0.2401  0.1424  0.0697  0.1794  1
 17:   0.2464  0.2648  0.1460  0.1957  0.1471  1
 18:   0.3561  0.2784  0.1277  0.0467  0.1911  1
 19:   0.2138  0.2164  0.1454  0.2644  0.1601  1
 20:   0.2553  0.2082  0.1603  0.1213  0.2549  1
 21:   0.4017  0.2227  0.1083  0.0583  0.2090  1
 22:   0.3697  0.2523  0.1097  0.0733  0.1950  1
 23:   0.1332  0.1019  0.2041  0.1925  0.3683  1
 24:   0.0817  0.1017  0.1653  0.4107  0.2407  1
 25:   0.3670  0.2357  0.1500  0.0583  0.1890  1
 26:   0.3500  0.2397  0.1304  0.0643  0.2156  1
 27:   0.2513  0.1979  0.1476  0.2516  0.1516  1
 28:   0.1963  0.1620  0.1537  0.2927  0.1953  1
 29:   0.2959  0.3106  0.1723  0.0856  0.1356  1
 30:   0.2273  0.2427  0.2147  0.1747  0.1407  1
 31:   0.2330  0.2353  0.2243  0.1360  0.1713  1
 32:   0.1037  0.1213  0.2240  0.2310  0.3200  1
 33:   0.1934  0.1440  0.1557  0.2678  0.2391  1
 34:   0.1407  0.0930  0.2310  0.0847  0.4505  1
 35:   0.2392  0.1736  0.1170  0.3389  0.1313  1
 36:   0.2981  0.2178  0.1527  0.1530  0.1784  1
 37:   0.2508  0.2167  0.1877  0.1874  0.1574  1
 38:   0.1454  0.1463  0.1663  0.3323  0.2097  1
 39:   0.1464  0.1534  0.2468  0.0904  0.3631  1
 40:   0.2297  0.1481  0.1867  0.0827  0.3528  1
 41:   0.4203  0.2323  0.1080  0.0460  0.1933  1
 42:   0.0983  0.0973  0.1794  0.3280  0.2969  1
 43:   0.1923  0.1496  0.2006  0.1283  0.3292  1
 44:   0.3429  0.2443  0.1463  0.0686  0.1979  1
 45:   0.0877  0.0987  0.1737  0.3807  0.2593  1
 46:   0.2813  0.2322  0.1579  0.0910  0.2376  1
 47:   0.3196  0.1839  0.1420  0.0730  0.2816  1
 48:   0.2192  0.2019  0.2122  0.1392  0.2275  1
 49:   0.1143  0.1147  0.2000  0.2560  0.3150  1
 50:   0.1106  0.1029  0.2145  0.1799  0.3921  1
 51:   0.3340  0.2060  0.1467  0.0767  0.2366  1
 52:   0.2116  0.1779  0.2046  0.1223  0.2836  1
 53:   0.3179  0.2172  0.1675  0.0664  0.2311  1
 54:   0.2630  0.2253  0.1760  0.0850  0.2507  1
 55:   0.1931  0.1394  0.1054  0.3935  0.1687  1
 56:   0.1828  0.1695  0.2335  0.0901  0.3242  1
 57:   0.2949  0.2859  0.1854  0.0604  0.1735  1
 58:   0.2403  0.2087  0.2103  0.1133  0.2273  1
 59:   0.2066  0.2199  0.1506  0.2562  0.1666  1
 60:   0.3379  0.2249  0.1346  0.1183  0.1842  1
 61:   0.2889  0.1916  0.1473  0.1493  0.2229  1
 62:   0.1876  0.2416  0.2273  0.2056  0.1380  1
 63:   0.1543  0.1649  0.2416  0.1173  0.3219  1
 64:   0.1538  0.1428  0.1968  0.1995  0.3072  1
 65:   0.0624  0.0607  0.2388  0.1887  0.4495  1
 66:   0.1430  0.1557  0.2243  0.1403  0.3367  1
 67:   0.0887  0.0927  0.1911  0.3075  0.3199  1
 68:   0.1180  0.1124  0.2351  0.1401  0.3944  1
 69:   0.0894  0.1174  0.1347  0.5138  0.1447  1
 70:   0.2784  0.2721  0.1540  0.1000  0.1954  1
 71:   0.1863  0.1233  0.2076  0.0940  0.3889  1
 72:   0.3068  0.1812  0.1499  0.0686  0.2935  1
 73:   0.0720  0.0640  0.2595  0.1094  0.4951  1
 74:   0.1260  0.1200  0.1567  0.3697  0.2277  1
 75:   0.1187  0.1087  0.2293  0.1423  0.4010  1
 76:   0.0710  0.0836  0.2483  0.1730  0.4241  1
 77:   0.1060  0.1110  0.1067  0.5519  0.1244  1
 78:   0.2278  0.1961  0.1114  0.3095  0.1551  1
 79:   0.1987  0.1320  0.1920  0.1290  0.3483  1
 80:   0.0597  0.0960  0.1030  0.6522  0.0890  1
 81:   0.1244  0.1427  0.1607  0.3438  0.2284  1
 82:   0.2112  0.2632  0.3029  0.1014  0.1214  1
 83:   0.2021  0.2384  0.2377  0.1771  0.1447  1
 84:   0.1450  0.1106  0.2116  0.1436  0.3892  1
 85:   0.2664  0.2601  0.2044  0.1010  0.1681  1
 86:   0.1673  0.1527  0.1123  0.4573  0.1103  1
 87:   0.0570  0.0577  0.2657  0.1163  0.5033  1
 88:   0.2217  0.1993  0.1540  0.2683  0.1567  1
 89:   0.1143  0.1443  0.2539  0.1423  0.3452  1
 90:   0.1703  0.1060  0.2157  0.0863  0.4217  1
 91:   0.1610  0.1446  0.2166  0.1160  0.3618  1
 92:   0.0634  0.0537  0.2674  0.0914  0.5241  1
 93:   0.1103  0.1193  0.1437  0.4507  0.1760  1
 94:   0.4058  0.2349  0.1143  0.0536  0.1913  1
 95:   0.1671  0.2488  0.3125  0.1067  0.1648  1
 96:   0.3562  0.2139  0.1376  0.0823  0.2099  1
 97:   0.2912  0.2419  0.1863  0.0663  0.2143  1
 98:   0.2512  0.3129  0.2272  0.0667  0.1421  1
 99:   0.3351  0.2657  0.1814  0.0664  0.1514  1
100:   0.2231  0.3088  0.2441  0.0774  0.1467  1
101:   0.2850  0.2367  0.1607  0.1573  0.1603  1
102:   0.3405  0.2484  0.1300  0.0734  0.2077  1
103:   0.3304  0.2444  0.1217  0.1217  0.1817  1
104:   0.1619  0.1882  0.2575  0.1529  0.2395  1
105:   0.2043  0.2213  0.2036  0.1859  0.1849  1
106:   0.1187  0.1360  0.2163  0.2183  0.3107  1
107:   0.2188  0.2842  0.2398  0.1094  0.1478  1
108:   0.1757  0.2891  0.3421  0.1057  0.0873  1
109:   0.1793  0.2630  0.3347  0.1063  0.1167  1
110:   0.1710  0.2666  0.2982  0.1869  0.0773  1
111:   0.1900  0.3162  0.3642  0.0390  0.0906  1
112:   0.2007  0.2060  0.1677  0.3183  0.1073  1
113:   0.1753  0.2963  0.3577  0.0710  0.0997  1
114:   0.1157  0.1667  0.1597  0.4767  0.0813  1
115:   0.1323  0.2287  0.2657  0.2803  0.0930  1
116:   0.1720  0.3112  0.3622  0.0673  0.0873  1
117:   0.1814  0.3205  0.3609  0.0487  0.0884  1
118:   0.1832  0.3329  0.3692  0.0303  0.0843  1
119:   0.1695  0.2941  0.3504  0.1113  0.0746  1
120:   0.1728  0.2881  0.3508  0.0747  0.1136  1
121:   0.1677  0.2647  0.3110  0.1547  0.1020  1
122:   0.1757  0.3069  0.3865  0.0420  0.0889  1
123:   0.1754  0.2641  0.3448  0.1044  0.1113  1
124:   0.1688  0.2811  0.3700  0.0766  0.1036  1
125:   0.1791  0.3127  0.3776  0.0447  0.0859  1
126:   0.1507  0.2330  0.2563  0.2800  0.0800  1
127:   0.1770  0.3043  0.3757  0.0567  0.0863  1
128:   0.1207  0.2024  0.1917  0.4221  0.0630  1
129:   0.1374  0.2224  0.2481  0.2961  0.0960  1
130:   0.1470  0.2281  0.2944  0.1921  0.1384  1
131:   0.1744  0.3114  0.3605  0.0507  0.1031  1
132:   0.1697  0.2958  0.3454  0.1054  0.0837  1
133:   0.1790  0.2987  0.3503  0.0833  0.0887  1
134:   0.1494  0.2448  0.2868  0.2411  0.0780  1
135:   0.1617  0.2763  0.3360  0.1153  0.1107  1
136:   0.1642  0.2866  0.3422  0.1116  0.0954  1
137:   0.1736  0.2843  0.3593  0.0850  0.0977  1
138:   0.1367  0.2177  0.2788  0.2708  0.0960  1
139:   0.1660  0.2487  0.2970  0.1847  0.1037  1
140:   0.1803  0.3012  0.3665  0.0603  0.0916  1
141:   0.1868  0.2882  0.3265  0.1037  0.0947  1
142:   0.1737  0.3043  0.3747  0.0483  0.0990  1
143:   0.1747  0.3127  0.3653  0.0627  0.0846  1
144:   0.1804  0.2984  0.3731  0.0500  0.0981  1
145:   0.2045  0.3022  0.3129  0.0710  0.1094  1
146:   0.1780  0.2473  0.2916  0.1666  0.1166  1
147:   0.1430  0.2043  0.2347  0.3333  0.0847  1
148:   0.1787  0.3201  0.3872  0.0303  0.0837  1
149:   0.1712  0.3041  0.3541  0.0909  0.0796  1
