  1:   0.0771  0.0721  0.0891  0.4214  0.3403  1
  2:   0.0869  0.0589  0.0929  0.0719  0.6893  1
  3:   0.3750  0.2930  0.1810  0.0670  0.0840  1
  4:   0.0880  0.0760  0.1060  0.1410  0.5890  1
  5:   0.2980  0.2610  0.1930  0.0760  0.1720  1
  6:   0.0990  0.0690  0.0980  0.0610  0.6730  1
  7:   0.2503  0.2603  0.2032  0.0681  0.2182  1
  8:   0.2637  0.2507  0.1938  0.1898  0.1019  1
  9:   0.3410  0.3000  0.2020  0.0470  0.1100  1
 10:   0.3634  0.2833  0.1722  0.0380  0.1431  1
 11:   0.2320  0.2230  0.1810  0.2560  0.1080  1
 12:   0.3227  0.2587  0.1578  0.1419  0.1189  1
 13:   0.3187  0.3017  0.2188  0.0869  0.0739  1
 14:   0.1720  0.1810  0.1620  0.3370  0.1480  1
 15:   0.1908  0.1728  0.1499  0.0689  0.4176  1
 16:   0.3500  0.3040  0.2220  0.0670  0.0570  1
 17:   0.2200  0.2520  0.2210  0.2050  0.1020  1
 18:   0.3280  0.3100  0.2350  0.0360  0.0910  1
 19:   0.1840  0.2030  0.1830  0.2800  0.1500  1
 20:   0.2278  0.2258  0.1728  0.1069  0.2667  1
 21:   0.3730  0.3010  0.1870  0.0520  0.0870  1
 22:   0.3450  0.3010  0.2090  0.0680  0.0770  1
 23:   0.1269  0.0979  0.1059  0.1668  0.5025  1
 24:   0.0800  0.0770  0.0910  0.4210  0.3310  1
 25:   0.3300  0.3040  0.2180  0.0510  0.0970  1
 26:   0.3203  0.2893  0.2002  0.0541  0.1361  1
 27:   0.2218  0.2208  0.1778  0.2667  0.1129  1
 28:   0.1750  0.1640  0.1430  0.3000  0.2180  1
 29:   0.2680  0.3060  0.2780  0.0790  0.0690  1
 30:   0.2280  0.2460  0.2450  0.1770  0.1040  1
 31:   0.2412  0.2462  0.2352  0.1321  0.1451  1
 32:   0.1040  0.1030  0.1340  0.2120  0.4470  1
 33:   0.1680  0.1560  0.1260  0.2700  0.2800  1
 34:   0.1341  0.0971  0.1081  0.0400  0.6206  1
 35:   0.2052  0.1962  0.1451  0.3654  0.0881  1
 36:   0.2673  0.2553  0.1922  0.1491  0.1361  1
 37:   0.2573  0.2342  0.2252  0.1952  0.0881  1
 38:   0.1240  0.1370  0.1360  0.3380  0.2650  1
 39:   0.1500  0.1430  0.1630  0.0560  0.4880  1
 40:   0.2120  0.1710  0.1310  0.0530  0.4330  1
 41:   0.3830  0.3190  0.1970  0.0400  0.0610  1
 42:   0.0919  0.0789  0.0909  0.3307  0.4076  1
 43:   0.1700  0.1560  0.1400  0.0990  0.4350  1
 44:   0.3060  0.2870  0.2120  0.0560  0.1390  1
 45:   0.0860  0.0770  0.0950  0.3860  0.3560  1
 46:   0.2430  0.2480  0.1910  0.0750  0.2430  1
 47:   0.2980  0.2380  0.1580  0.0570  0.2490  1
 48:   0.2288  0.2068  0.2028  0.1319  0.2298  1
 49:   0.1080  0.0960  0.1170  0.2400  0.4390  1
 50:   0.1080  0.0890  0.1030  0.1520  0.5480  1
 51:   0.3113  0.2643  0.1862  0.0651  0.1732  1
 52:   0.1990  0.1860  0.1820  0.1030  0.3300  1
 53:   0.3053  0.2653  0.2062  0.0561  0.1672  1
 54:   0.2520  0.2360  0.2010  0.0700  0.2410  1
 55:   0.1832  0.1441  0.1101  0.4164  0.1461  1
 56:   0.1892  0.1702  0.1792  0.0641  0.3974  1
 57:   0.2810  0.3000  0.2640  0.0520  0.1030  1
 58:   0.2400  0.2280  0.2190  0.1030  0.2100  1
 59:   0.1900  0.2070  0.1930  0.2670  0.1430  1
 60:   0.3000  0.2800  0.1940  0.1120  0.1140  1
 61:   0.2710  0.2310  0.1740  0.1440  0.1800  1
 62:   0.1950  0.2300  0.2440  0.2090  0.1220  1
 63:   0.1620  0.1560  0.1700  0.0920  0.4200  1
 64:   0.1380  0.1340  0.1420  0.1840  0.4020  1
 65:   0.0620  0.0400  0.0780  0.1540  0.6660  1
 66:   0.1350  0.1430  0.1520  0.1110  0.4590  1
 67:   0.0931  0.0721  0.0951  0.2953  0.4444  1
 68:   0.1130  0.1020  0.1260  0.1060  0.5530  1
 69:   0.0930  0.0910  0.0970  0.5420  0.1770  1
 70:   0.2530  0.2730  0.2310  0.0920  0.1510  1
 71:   0.1720  0.1380  0.1280  0.0590  0.5030  1
 72:   0.2827  0.2288  0.1578  0.0500  0.2807  1
 73:   0.0710  0.0460  0.0880  0.0590  0.7360  1
 74:   0.1220  0.1100  0.1020  0.3840  0.2820  1
 75:   0.1130  0.0990  0.1160  0.1080  0.5640  1
 76:   0.0749  0.0619  0.1039  0.1349  0.6244  1
 77:   0.0971  0.0921  0.0801  0.5896  0.1411  1
 78:   0.2082  0.1982  0.1512  0.3233  0.1191  1
 79:   0.1800  0.1500  0.1240  0.1010  0.4450  1
 80:   0.0601  0.0611  0.0661  0.7017  0.1111  1
 81:   0.1141  0.1141  0.1141  0.3574  0.3003  1
 82:   0.2573  0.2673  0.3143  0.1071  0.0541  1
 83:   0.2158  0.2328  0.2478  0.1818  0.1219  1
 84:   0.1410  0.1080  0.1130  0.1140  0.5240  1
 85:   0.2520  0.2760  0.2550  0.0950  0.1220  1
 86:   0.1480  0.1580  0.1260  0.4790  0.0890  1
 87:   0.0580  0.0370  0.0830  0.0640  0.7580  1
 88:   0.2010  0.2150  0.1860  0.2720  0.1260  1
 89:   0.1249  0.1239  0.1578  0.1139  0.4795  1
 90:   0.1600  0.1210  0.1190  0.0450  0.5550  1
 91:   0.1479  0.1409  0.1369  0.0809  0.4935  1
 92:   0.0640  0.0360  0.0800  0.0350  0.7850  1
 93:   0.1060  0.1020  0.1050  0.4710  0.2160  1
 94:   0.3750  0.3150  0.2000  0.0490  0.0610  1
 95:   0.2182  0.2322  0.2853  0.1041  0.1602  1
 96:   0.3440  0.2760  0.1940  0.0790  0.1070  1
 97:   0.2750  0.2670  0.2340  0.0530  0.1710  1
 98:   0.2492  0.3003  0.3053  0.0601  0.0851  1
 99:   0.3260  0.3080  0.2560  0.0640  0.0460  1
100:   0.2272  0.2863  0.3053  0.0721  0.1091  1
101:   0.2570  0.2600  0.2210  0.1590  0.1030  1
102:   0.3190  0.2830  0.2140  0.0650  0.1190  1
103:   0.2973  0.2893  0.1942  0.1211  0.0981  1
104:   0.1870  0.1780  0.2080  0.1430  0.2840  1
105:   0.1870  0.2140  0.2310  0.1860  0.1820  1
106:   0.1120  0.1230  0.1460  0.1990  0.4200  1
107:   0.2202  0.2703  0.2853  0.1051  0.1191  1
108:   0.2432  0.2723  0.3373  0.1121  0.0350  1
109:   0.2450  0.2560  0.3320  0.1100  0.0570  1
110:   0.2140  0.2500  0.3000  0.2070  0.0290  1
111:   0.2607  0.2967  0.3646  0.0400  0.0380  1
112:   0.1890  0.2060  0.2030  0.3420  0.0600  1
113:   0.2458  0.2787  0.3487  0.0739  0.0529  1
114:   0.1340  0.1370  0.1630  0.5180  0.0480  1
115:   0.1820  0.2010  0.2530  0.3070  0.0570  1
116:   0.2460  0.2870  0.3600  0.0720  0.0350  1
117:   0.2482  0.2983  0.3634  0.0501  0.0400  1
118:   0.2577  0.3067  0.3756  0.0310  0.0290  1
119:   0.2408  0.2727  0.3427  0.1219  0.0220  1
120:   0.2472  0.2703  0.3433  0.0781  0.0611  1
121:   0.2200  0.2470  0.3020  0.1630  0.0680  1
122:   0.2690  0.2890  0.3790  0.0450  0.0180  1
123:   0.2523  0.2573  0.3383  0.1121  0.0400  1
124:   0.2557  0.2677  0.3556  0.0809  0.0400  1
125:   0.2603  0.2913  0.3694  0.0470  0.0320  1
126:   0.1882  0.2142  0.2593  0.3093  0.0290  1
127:   0.2620  0.2860  0.3700  0.0610  0.0210  1
128:   0.1420  0.1740  0.1920  0.4570  0.0350  1
129:   0.1842  0.1992  0.2412  0.3273  0.0480  1
130:   0.1910  0.2130  0.2640  0.2040  0.1280  1
131:   0.2442  0.2853  0.3534  0.0511  0.0661  1
132:   0.2340  0.2740  0.3420  0.1120  0.0380  1
133:   0.2460  0.2790  0.3470  0.0900  0.0380  1
134:   0.1970  0.2250  0.2740  0.2650  0.0390  1
135:   0.2230  0.2550  0.3190  0.1200  0.0830  1
136:   0.2298  0.2647  0.3307  0.1179  0.0569  1
137:   0.2527  0.2747  0.3546  0.0919  0.0260  1
138:   0.1962  0.2022  0.2663  0.2913  0.0440  1
139:   0.2200  0.2410  0.2950  0.1930  0.0510  1
140:   0.2600  0.2820  0.3650  0.0630  0.0300  1
141:   0.2360  0.2740  0.3340  0.1110  0.0450  1
142:   0.2587  0.2847  0.3696  0.0509  0.0360  1
143:   0.2490  0.2880  0.3630  0.0670  0.0330  1
144:   0.2680  0.2860  0.3720  0.0540  0.0200  1
145:   0.2533  0.2863  0.3333  0.0731  0.0541  1
146:   0.2268  0.2398  0.2917  0.1788  0.0629  1
147:   0.1768  0.1868  0.2308  0.3706  0.0350  1
148:   0.2653  0.2943  0.3794  0.0320  0.0290  1
149:   0.2410  0.2810  0.3510  0.0970  0.0300  1

  1:   0.0851  0.0961  0.2012  0.4054  0.2122  1
  2:   0.1011  0.1041  0.2703  0.1451  0.3794  1
  3:   0.3740  0.1700  0.0800  0.0640  0.3120  1
  4:   0.1000  0.1130  0.2570  0.1940  0.3360  1
  5:   0.3000  0.2110  0.1300  0.0830  0.2760  1
  6:   0.1120  0.1150  0.2590  0.1360  0.3780  1
  7:   0.2430  0.2340  0.1690  0.0960  0.2580  1
  8:   0.2620  0.2110  0.1250  0.1780  0.2240  1
  9:   0.3250  0.1970  0.1310  0.0550  0.2920  1
 10:   0.3604  0.1682  0.0941  0.0460  0.3313  1
 11:   0.2130  0.2020  0.1520  0.2400  0.1930  1
 12:   0.3290  0.1620  0.0900  0.1290  0.2900  1
 13:   0.3030  0.2070  0.1410  0.0890  0.2600  1
 14:   0.1620  0.1680  0.1790  0.3170  0.1740  1
 15:   0.1898  0.1618  0.2108  0.1169  0.3207  1
 16:   0.3423  0.2042  0.1231  0.0611  0.2693  1
 17:   0.2240  0.2870  0.1420  0.1830  0.1640  1
 18:   0.3340  0.2860  0.0950  0.0380  0.2470  1
 19:   0.1860  0.2290  0.1600  0.2520  0.1730  1
 20:   0.2348  0.2228  0.1548  0.1269  0.2607  1
 21:   0.3680  0.1780  0.0890  0.0520  0.3130  1
 22:   0.3520  0.2420  0.0720  0.0640  0.2700  1
 23:   0.1327  0.1148  0.2236  0.2076  0.3214  1
 24:   0.0869  0.1009  0.2008  0.4106  0.2008  1
 25:   0.3170  0.1980  0.1440  0.0630  0.2780  1
 26:   0.3247  0.2328  0.1079  0.0609  0.2737  1
 27:   0.2120  0.1700  0.1710  0.2510  0.1960  1
 28:   0.1640  0.1450  0.1850  0.2980  0.2080  1
 29:   0.2647  0.3377  0.1578  0.0769  0.1628  1
 30:   0.2210  0.2320  0.2180  0.1750  0.1540  1
 31:   0.2300  0.2300  0.2190  0.1410  0.1800  1
 32:   0.1130  0.1340  0.2410  0.2460  0.2660  1
 33:   0.1702  0.1231  0.1822  0.2743  0.2503  1
 34:   0.1510  0.1110  0.2410  0.1090  0.3880  1
 35:   0.1948  0.1399  0.1499  0.3297  0.1858  1
 36:   0.2430  0.1900  0.1690  0.1620  0.2360  1
 37:   0.2410  0.1970  0.1740  0.1870  0.2010  1
 38:   0.1259  0.1349  0.2058  0.3337  0.1998  1
 39:   0.1542  0.1812  0.2523  0.1061  0.3063  1
 40:   0.2202  0.1582  0.1872  0.0981  0.3363  1
 41:   0.3770  0.1850  0.0900  0.0390  0.3090  1
 42:   0.0980  0.1050  0.2100  0.3340  0.2530  1
 43:   0.1648  0.1588  0.2208  0.1508  0.3047  1
 44:   0.2917  0.2278  0.1499  0.0679  0.2627  1
 45:   0.0910  0.0990  0.2050  0.3820  0.2230  1
 46:   0.2388  0.2517  0.1568  0.0959  0.2567  1
 47:   0.3007  0.1648  0.1289  0.0779  0.3277  1
 48:   0.2278  0.2098  0.2028  0.1419  0.2178  1
 49:   0.1150  0.1270  0.2190  0.2760  0.2630  1
 50:   0.1159  0.1269  0.2328  0.1978  0.3267  1
 51:   0.3180  0.1700  0.1320  0.0820  0.2980  1
 52:   0.2058  0.1818  0.2068  0.1339  0.2717  1
 53:   0.3150  0.1940  0.1430  0.0670  0.2810  1
 54:   0.2690  0.2400  0.1490  0.0900  0.2520  1
 55:   0.1868  0.1199  0.1179  0.3846  0.1908  1
 56:   0.2042  0.1852  0.2232  0.1041  0.2833  1
 57:   0.2933  0.3003  0.1542  0.0551  0.1972  1
 58:   0.2398  0.2068  0.1988  0.1169  0.2378  1
 59:   0.1950  0.2270  0.1530  0.2510  0.1740  1
 60:   0.2857  0.1968  0.1379  0.1219  0.2577  1
 61:   0.2750  0.1680  0.1390  0.1510  0.2670  1
 62:   0.1968  0.2408  0.2258  0.2088  0.1279  1
 63:   0.1680  0.1880  0.2370  0.1350  0.2720  1
 64:   0.1421  0.1582  0.2162  0.2102  0.2733  1
 65:   0.0771  0.0881  0.2673  0.2072  0.3604  1
 66:   0.1390  0.1820  0.2340  0.1610  0.2840  1
 67:   0.0960  0.1040  0.2120  0.3200  0.2680  1
 68:   0.1260  0.1340  0.2510  0.1590  0.3300  1
 69:   0.0901  0.1001  0.1622  0.5195  0.1281  1
 70:   0.2660  0.2990  0.1290  0.0930  0.2130  1
 71:   0.1930  0.1310  0.2120  0.1130  0.3510  1
 72:   0.2880  0.1650  0.1380  0.0750  0.3340  1
 73:   0.0860  0.1010  0.2800  0.1390  0.3940  1
 74:   0.1260  0.1120  0.1790  0.3710  0.2120  1
 75:   0.1200  0.1280  0.2480  0.1660  0.3380  1
 76:   0.0880  0.1120  0.2700  0.1930  0.3370  1
 77:   0.0960  0.0810  0.1490  0.5470  0.1270  1
 78:   0.2030  0.1950  0.1170  0.3010  0.1840  1
 79:   0.1870  0.1310  0.2050  0.1470  0.3300  1
 80:   0.0560  0.0690  0.1540  0.6400  0.0810  1
 81:   0.1200  0.1590  0.1830  0.3410  0.1970  1
 82:   0.2282  0.2673  0.2813  0.0991  0.1241  1
 83:   0.2122  0.2392  0.2362  0.1742  0.1381  1
 84:   0.1510  0.1270  0.2230  0.1610  0.3380  1
 85:   0.2550  0.2610  0.1900  0.1040  0.1900  1
 86:   0.1370  0.1180  0.1500  0.4540  0.1410  1
 87:   0.0760  0.0930  0.2880  0.1460  0.3970  1
 88:   0.1960  0.1800  0.1680  0.2700  0.1860  1
 89:   0.1320  0.1680  0.2600  0.1600  0.2800  1
 90:   0.1750  0.1140  0.2250  0.1100  0.3760  1
 91:   0.1499  0.1708  0.2268  0.1379  0.3147  1
 92:   0.0801  0.0911  0.2883  0.1231  0.4174  1
 93:   0.1070  0.1040  0.1740  0.4520  0.1630  1
 94:   0.3680  0.1910  0.0930  0.0480  0.3000  1
 95:   0.2040  0.2700  0.2940  0.1080  0.1240  1
 96:   0.3430  0.1820  0.1120  0.0770  0.2860  1
 97:   0.2780  0.2420  0.1690  0.0680  0.2430  1
 98:   0.2723  0.3393  0.1872  0.0611  0.1401  1
 99:   0.3243  0.2452  0.1592  0.0611  0.2102  1
100:   0.2470  0.3400  0.2050  0.0750  0.1330  1
101:   0.2523  0.2222  0.1672  0.1522  0.2062  1
102:   0.3250  0.2440  0.1020  0.0670  0.2620  1
103:   0.3060  0.2330  0.1090  0.1120  0.2400  1
104:   0.1808  0.2008  0.2547  0.1618  0.2018  1
105:   0.1888  0.2218  0.2128  0.1858  0.1908  1
106:   0.1180  0.1510  0.2400  0.2260  0.2650  1
107:   0.2240  0.3030  0.2230  0.1100  0.1400  1
108:   0.2240  0.3070  0.3170  0.1030  0.0490  1
109:   0.2110  0.2770  0.3100  0.1020  0.1000  1
110:   0.2050  0.2740  0.2910  0.1740  0.0560  1
111:   0.2472  0.3393  0.3303  0.0370  0.0460  1
112:   0.1780  0.1820  0.1880  0.3120  0.1400  1
113:   0.2280  0.3190  0.3280  0.0690  0.0560  1
114:   0.1209  0.1538  0.1688  0.4655  0.0909  1
115:   0.1608  0.2398  0.2557  0.2717  0.0719  1
116:   0.2290  0.3360  0.3260  0.0640  0.0450  1
117:   0.2370  0.3460  0.3290  0.0460  0.0420  1
118:   0.2410  0.3620  0.3270  0.0290  0.0410  1
119:   0.2258  0.3137  0.3257  0.1039  0.0310  1
120:   0.2182  0.3103  0.3143  0.0731  0.0841  1
121:   0.2070  0.2770  0.2960  0.1520  0.0680  1
122:   0.2310  0.3360  0.3470  0.0390  0.0470  1
123:   0.2150  0.2800  0.3150  0.0970  0.0930  1
124:   0.2178  0.3057  0.3367  0.0719  0.0679  1
125:   0.2410  0.3380  0.3440  0.0430  0.0340  1
126:   0.1690  0.2350  0.2560  0.2640  0.0760  1
127:   0.2320  0.3290  0.3410  0.0540  0.0440  1
128:   0.1451  0.1932  0.2032  0.4074  0.0511  1
129:   0.1630  0.2250  0.2370  0.2870  0.0880  1
130:   0.1810  0.2410  0.2880  0.1840  0.1060  1
131:   0.2348  0.3387  0.3227  0.0500  0.0539  1
132:   0.2252  0.3123  0.3193  0.1011  0.0420  1
133:   0.2300  0.3180  0.3260  0.0780  0.0480  1
134:   0.1922  0.2523  0.2813  0.2242  0.0501  1
135:   0.2120  0.2970  0.3130  0.1120  0.0660  1
136:   0.2148  0.3067  0.3187  0.1079  0.0519  1
137:   0.2140  0.3030  0.3310  0.0800  0.0720  1
138:   0.1648  0.2218  0.2697  0.2597  0.0839  1
139:   0.1930  0.2540  0.2840  0.1780  0.0910  1
140:   0.2320  0.3260  0.3300  0.0580  0.0540  1
141:   0.2272  0.3013  0.3063  0.0981  0.0671  1
142:   0.2242  0.3313  0.3333  0.0460  0.0651  1
143:   0.2332  0.3373  0.3303  0.0591  0.0400  1
144:   0.2230  0.3230  0.3340  0.0470  0.0730  1
145:   0.2400  0.3240  0.2830  0.0670  0.0860  1
146:   0.2032  0.2503  0.2763  0.1592  0.1111  1
147:   0.1632  0.2002  0.2362  0.3163  0.0841  1
148:   0.2448  0.3506  0.3487  0.0290  0.0270  1
149:   0.2278  0.3267  0.3247  0.0859  0.0350  1

  1:   0.0930  0.1170  0.1900  0.4100  0.1900  1
  2:   0.0701  0.0561  0.3884  0.1381  0.3473  1
  3:   0.4436  0.1818  0.0579  0.0799  0.2368  1
  4:   0.0980  0.0850  0.3280  0.1900  0.2990  1
  5:   0.3684  0.1962  0.1011  0.1021  0.2322  1
  6:   0.0909  0.0609  0.3766  0.1279  0.3437  1
  7:   0.3916  0.2008  0.1219  0.0909  0.1948  1
  8:   0.3433  0.2132  0.0701  0.1852  0.1882  1
  9:   0.4690  0.2000  0.0670  0.0680  0.1960  1
 10:   0.4394  0.1712  0.0821  0.0621  0.2452  1
 11:   0.3340  0.2200  0.0600  0.2400  0.1460  1
 12:   0.3880  0.1680  0.0700  0.1500  0.2240  1
 13:   0.4755  0.2128  0.0519  0.0949  0.1648  1
 14:   0.2883  0.1932  0.0851  0.3073  0.1261  1
 15:   0.2683  0.1341  0.2322  0.1051  0.2603  1
 16:   0.4130  0.2120  0.0820  0.0810  0.2120  1
 17:   0.2953  0.2553  0.0751  0.1992  0.1752  1
 18:   0.4064  0.2392  0.0531  0.0661  0.2352  1
 19:   0.2713  0.2172  0.0931  0.2613  0.1572  1
 20:   0.3033  0.1762  0.1532  0.1301  0.2372  1
 21:   0.4640  0.1890  0.0490  0.0710  0.2270  1
 22:   0.4120  0.2140  0.0480  0.0880  0.2380  1
 23:   0.1400  0.0930  0.2830  0.2030  0.2810  1
 24:   0.0781  0.1271  0.2042  0.4004  0.1902  1
 25:   0.4540  0.2050  0.0880  0.0610  0.1920  1
 26:   0.4050  0.1970  0.0830  0.0780  0.2370  1
 27:   0.3200  0.2030  0.0940  0.2370  0.1460  1
 28:   0.2500  0.1770  0.1330  0.2800  0.1600  1
 29:   0.3550  0.2880  0.0810  0.1010  0.1750  1
 30:   0.2330  0.2500  0.1810  0.1720  0.1640  1
 31:   0.2278  0.2298  0.2188  0.1349  0.1888  1
 32:   0.0940  0.1270  0.2970  0.2350  0.2470  1
 33:   0.2420  0.1530  0.1590  0.2590  0.1870  1
 34:   0.1370  0.0710  0.3440  0.1050  0.3430  1
 35:   0.3177  0.1848  0.0559  0.3217  0.1199  1
 36:   0.3840  0.2080  0.0970  0.1480  0.1630  1
 37:   0.2540  0.2190  0.1640  0.1800  0.1830  1
 38:   0.1862  0.1672  0.1572  0.3253  0.1642  1
 39:   0.1350  0.1360  0.3250  0.1090  0.2950  1
 40:   0.2570  0.1150  0.2420  0.0970  0.2890  1
 41:   0.5010  0.1930  0.0370  0.0590  0.2100  1
 42:   0.1051  0.1081  0.2372  0.3193  0.2302  1
 43:   0.2420  0.1340  0.2410  0.1350  0.2480  1
 44:   0.4310  0.2180  0.0770  0.0820  0.1920  1
 45:   0.0860  0.1200  0.2210  0.3740  0.1990  1
 46:   0.3620  0.1970  0.1260  0.1020  0.2130  1
 47:   0.3600  0.1490  0.1390  0.0840  0.2680  1
 48:   0.2010  0.1890  0.2310  0.1440  0.2350  1
 49:   0.1200  0.1210  0.2640  0.2520  0.2430  1
 50:   0.1079  0.0929  0.3077  0.1898  0.3017  1
 51:   0.3726  0.1838  0.1219  0.0829  0.2388  1
 52:   0.2300  0.1660  0.2250  0.1300  0.2490  1
 53:   0.3333  0.1922  0.1532  0.0761  0.2452  1
 54:   0.2680  0.2000  0.1780  0.0950  0.2590  1
 55:   0.2092  0.1542  0.0881  0.3794  0.1692  1
 56:   0.1550  0.1530  0.2980  0.1020  0.2920  1
 57:   0.3103  0.2573  0.1381  0.0741  0.2202  1
 58:   0.2412  0.1912  0.2132  0.1201  0.2342  1
 59:   0.2348  0.2258  0.1059  0.2507  0.1828  1
 60:   0.4280  0.1980  0.0720  0.1210  0.1810  1
 61:   0.3207  0.1758  0.1289  0.1528  0.2218  1
 62:   0.1710  0.2540  0.2120  0.1990  0.1640  1
 63:   0.1329  0.1508  0.3177  0.1249  0.2737  1
 64:   0.1812  0.1361  0.2322  0.2042  0.2462  1
 65:   0.0480  0.0540  0.3710  0.2050  0.3220  1
 66:   0.1550  0.1420  0.2870  0.1490  0.2670  1
 67:   0.0771  0.1021  0.2663  0.3073  0.2472  1
 68:   0.1151  0.1011  0.3283  0.1552  0.3003  1
 69:   0.0850  0.1610  0.1450  0.4800  0.1290  1
 70:   0.3163  0.2442  0.1021  0.1151  0.2222  1
 71:   0.1938  0.1009  0.2827  0.1099  0.3127  1
 72:   0.3497  0.1499  0.1538  0.0809  0.2657  1
 73:   0.0591  0.0450  0.4104  0.1301  0.3554  1
 74:   0.1300  0.1380  0.1890  0.3540  0.1890  1
 75:   0.1230  0.0990  0.3240  0.1530  0.3010  1
 76:   0.0500  0.0770  0.3710  0.1910  0.3110  1
 77:   0.1250  0.1600  0.0910  0.5190  0.1050  1
 78:   0.2723  0.1952  0.0661  0.3043  0.1622  1
 79:   0.2290  0.1150  0.2470  0.1390  0.2700  1
 80:   0.0630  0.1580  0.0890  0.6150  0.0750  1
 81:   0.1390  0.1550  0.1850  0.3330  0.1880  1
 82:   0.1480  0.2550  0.3130  0.0980  0.1860  1
 83:   0.1782  0.2432  0.2292  0.1752  0.1742  1
 84:   0.1429  0.0969  0.2987  0.1558  0.3057  1
 85:   0.2923  0.2432  0.1682  0.1041  0.1922  1
 86:   0.2170  0.1820  0.0610  0.4390  0.1010  1
 87:   0.0370  0.0430  0.4260  0.1390  0.3550  1
 88:   0.2680  0.2030  0.1080  0.2630  0.1580  1
 89:   0.0860  0.1410  0.3440  0.1530  0.2760  1
 90:   0.1760  0.0830  0.3030  0.1040  0.3340  1
 91:   0.1852  0.1221  0.2863  0.1291  0.2773  1
 92:   0.0460  0.0340  0.4340  0.1160  0.3700  1
 93:   0.1180  0.1520  0.1520  0.4290  0.1490  1
 94:   0.4745  0.1988  0.0500  0.0639  0.2128  1
 95:   0.0791  0.2442  0.3584  0.1081  0.2102  1
 96:   0.3816  0.1838  0.1069  0.0909  0.2368  1
 97:   0.3207  0.2168  0.1558  0.0779  0.2288  1
 98:   0.2320  0.2990  0.1890  0.0790  0.2010  1
 99:   0.3550  0.2440  0.1290  0.0740  0.1980  1
100:   0.1950  0.3000  0.2220  0.0850  0.1980  1
101:   0.3457  0.2278  0.0939  0.1608  0.1718  1
102:   0.3774  0.2182  0.0741  0.0881  0.2422  1
103:   0.3880  0.2110  0.0620  0.1320  0.2070  1
104:   0.1179  0.1858  0.3097  0.1538  0.2328  1
105:   0.2370  0.2280  0.1670  0.1860  0.1820  1
106:   0.1260  0.1340  0.2630  0.2300  0.2470  1
107:   0.2122  0.2793  0.2112  0.1131  0.1842  1
108:   0.0600  0.2880  0.3720  0.1020  0.1780  1
109:   0.0820  0.2560  0.3620  0.1070  0.1930  1
110:   0.0939  0.2757  0.3037  0.1798  0.1469  1
111:   0.0619  0.3127  0.3976  0.0400  0.1878  1
112:   0.2350  0.2300  0.1120  0.3010  0.1220  1
113:   0.0521  0.2913  0.3964  0.0701  0.1902  1
114:   0.0921  0.2092  0.1471  0.4464  0.1051  1
115:   0.0541  0.2452  0.2883  0.2623  0.1502  1
116:   0.0410  0.3107  0.4006  0.0659  0.1818  1
117:   0.0591  0.3173  0.3904  0.0501  0.1832  1
118:   0.0510  0.3300  0.4050  0.0310  0.1830  1
119:   0.0420  0.2960  0.3830  0.1080  0.1710  1
120:   0.0529  0.2837  0.3946  0.0729  0.1958  1
121:   0.0760  0.2700  0.3350  0.1490  0.1700  1
122:   0.0270  0.2957  0.4336  0.0420  0.2018  1
123:   0.0590  0.2550  0.3810  0.1040  0.2010  1
124:   0.0330  0.2697  0.4176  0.0769  0.2028  1
125:   0.0360  0.3087  0.4196  0.0440  0.1918  1
126:   0.0949  0.2498  0.2537  0.2667  0.1349  1
127:   0.0370  0.2980  0.4160  0.0550  0.1940  1
128:   0.0750  0.2400  0.1800  0.4020  0.1030  1
129:   0.0650  0.2430  0.2660  0.2740  0.1520  1
130:   0.0691  0.2302  0.3313  0.1882  0.1812  1
131:   0.0440  0.3103  0.4054  0.0511  0.1892  1
132:   0.0500  0.3010  0.3750  0.1030  0.1710  1
133:   0.0610  0.2990  0.3780  0.0820  0.1800  1
134:   0.0590  0.2570  0.3050  0.2340  0.1450  1
135:   0.0500  0.2770  0.3760  0.1140  0.1830  1
136:   0.0480  0.2883  0.3774  0.1091  0.1772  1
137:   0.0541  0.2753  0.3924  0.0831  0.1952  1
138:   0.0490  0.2292  0.3003  0.2613  0.1602  1
139:   0.0850  0.2510  0.3120  0.1830  0.1690  1
140:   0.0490  0.2957  0.4046  0.0599  0.1908  1
141:   0.0971  0.2893  0.3393  0.1021  0.1722  1
142:   0.0380  0.2970  0.4210  0.0480  0.1960  1
143:   0.0420  0.3127  0.4026  0.0619  0.1808  1
144:   0.0501  0.2863  0.4134  0.0490  0.2012  1
145:   0.1201  0.2963  0.3223  0.0731  0.1882  1
146:   0.1039  0.2517  0.3067  0.1618  0.1758  1
147:   0.0890  0.2260  0.2370  0.3130  0.1350  1
148:   0.0260  0.3153  0.4334  0.0300  0.1952  1
149:   0.0450  0.3047  0.3866  0.0899  0.1738  1

