  1:   0.2342  0.2082  0.1341  0.0801  0.0861  0.1381  0.1191  1
  2:   0.1150  0.1680  0.2200  0.0530  0.1130  0.1880  0.1430  1
  3:   0.1632  0.1241  0.2322  0.0751  0.1712  0.1311  0.1031  1
  4:   0.1340  0.1840  0.1920  0.0630  0.1050  0.1710  0.1510  1
  5:   0.1391  0.1491  0.2232  0.0521  0.1562  0.1211  0.1592  1
  6:   0.1239  0.1558  0.2368  0.0490  0.1109  0.1748  0.1489  1
  7:   0.1130  0.1440  0.2260  0.0660  0.1480  0.1070  0.1960  1
  8:   0.1690  0.1650  0.1810  0.0700  0.1460  0.1120  0.1570  1
  9:   0.1310  0.1290  0.2300  0.0580  0.1730  0.1180  0.1610  1
 10:   0.1550  0.1300  0.2480  0.0420  0.1750  0.1320  0.1180  1
 11:   0.1672  0.1922  0.1712  0.0661  0.1321  0.1021  0.1692  1
 12:   0.1882  0.1542  0.2132  0.0571  0.1592  0.1251  0.1031  1
 13:   0.1260  0.1400  0.2100  0.0740  0.1670  0.1000  0.1830  1
 14:   0.1730  0.1960  0.1550  0.0860  0.1240  0.1000  0.1660  1
 15:   0.1151  0.1552  0.2272  0.0601  0.1351  0.1401  0.1672  1
 16:   0.1309  0.1179  0.1908  0.1079  0.1848  0.1329  0.1349  1
 17:   0.1350  0.1740  0.1750  0.0790  0.1340  0.1050  0.1980  1
 18:   0.1240  0.1490  0.2290  0.0380  0.1580  0.1040  0.1980  1
 19:   0.1610  0.1840  0.1680  0.0790  0.1260  0.1040  0.1780  1
 20:   0.1370  0.1600  0.2160  0.0670  0.1330  0.1230  0.1640  1
 21:   0.1548  0.1319  0.2348  0.0480  0.1778  0.1239  0.1289  1
 22:   0.1520  0.1480  0.2300  0.0450  0.1590  0.1130  0.1530  1
 23:   0.1512  0.1742  0.1982  0.0601  0.1131  0.1622  0.1411  1
 24:   0.2478  0.1958  0.1219  0.0999  0.0879  0.1349  0.1119  1
 25:   0.1071  0.1141  0.2102  0.1091  0.1772  0.1261  0.1562  1
 26:   0.1380  0.1470  0.2290  0.0550  0.1550  0.1180  0.1580  1
 27:   0.1632  0.1692  0.1582  0.1101  0.1351  0.1161  0.1481  1
 28:   0.1722  0.1852  0.1582  0.0891  0.1231  0.1211  0.1512  1
 29:   0.0959  0.1479  0.1848  0.0789  0.1568  0.1059  0.2298  1
 30:   0.1240  0.1280  0.1290  0.1690  0.1520  0.1390  0.1590  1
 31:   0.1120  0.1140  0.1440  0.1700  0.1560  0.1510  0.1530  1
 32:   0.1489  0.1678  0.1449  0.1269  0.1169  0.1598  0.1349  1
 33:   0.1780  0.1760  0.1700  0.0870  0.1170  0.1300  0.1420  1
 34:   0.1170  0.1500  0.2410  0.0420  0.1230  0.1830  0.1440  1
 35:   0.2232  0.1852  0.1542  0.0941  0.1151  0.0961  0.1321  1
 36:   0.1380  0.1590  0.1840  0.0890  0.1460  0.1150  0.1690  1
 37:   0.1170  0.1020  0.1110  0.2160  0.1860  0.1480  0.1200  1
 38:   0.1910  0.2000  0.1380  0.1020  0.1080  0.1220  0.1390  1
 39:   0.0910  0.1380  0.1810  0.1170  0.1440  0.1720  0.1570  1
 40:   0.1279  0.1499  0.2458  0.0490  0.1359  0.1439  0.1479  1
 41:   0.1410  0.1270  0.2410  0.0510  0.1820  0.1170  0.1410  1
 42:   0.2072  0.2032  0.1491  0.0791  0.0931  0.1461  0.1221  1
 43:   0.1141  0.1702  0.2102  0.0681  0.1301  0.1411  0.1662  1
 44:   0.1210  0.1460  0.2230  0.0490  0.1620  0.1100  0.1890  1
 45:   0.2272  0.1922  0.1281  0.1011  0.0951  0.1451  0.1111  1
 46:   0.1201  0.1632  0.2272  0.0440  0.1401  0.1061  0.1992  1
 47:   0.1548  0.1479  0.2468  0.0420  0.1469  0.1319  0.1299  1
 48:   0.1310  0.1310  0.1630  0.1340  0.1480  0.1560  0.1370  1
 49:   0.1728  0.1788  0.1728  0.0919  0.1079  0.1399  0.1359  1
 50:   0.1508  0.1678  0.2078  0.0589  0.1089  0.1648  0.1409  1
 51:   0.1290  0.1220  0.2050  0.1090  0.1690  0.1400  0.1260  1
 52:   0.1249  0.1399  0.1858  0.1049  0.1459  0.1469  0.1518  1
 53:   0.1138  0.0998  0.1836  0.1517  0.1796  0.1517  0.1198  1
 54:   0.1240  0.1300  0.2080  0.0940  0.1460  0.1410  0.1570  1
 55:   0.2620  0.1910  0.1580  0.0670  0.1090  0.1160  0.0970  1
 56:   0.1090  0.1260  0.1890  0.1200  0.1480  0.1700  0.1380  1
 57:   0.0929  0.1189  0.1708  0.1299  0.1638  0.1339  0.1898  1
 58:   0.1141  0.1231  0.1562  0.1441  0.1682  0.1522  0.1421  1
 59:   0.1622  0.1802  0.1542  0.0921  0.1241  0.1161  0.1712  1
 60:   0.1389  0.1479  0.2128  0.0689  0.1548  0.1059  0.1708  1
 61:   0.1660  0.1490  0.1880  0.0870  0.1460  0.1350  0.1290  1
 62:   0.1389  0.1359  0.1059  0.1778  0.1419  0.1489  0.1508  1
 63:   0.1070  0.1230  0.1740  0.1400  0.1430  0.1700  0.1430  1
 64:   0.1578  0.1758  0.1828  0.0769  0.1149  0.1359  0.1558  1
 65:   0.1420  0.1840  0.2020  0.0560  0.0970  0.1840  0.1350  1
 66:   0.1120  0.1600  0.1930  0.0960  0.1310  0.1520  0.1560  1
 67:   0.1982  0.1782  0.1622  0.0841  0.1041  0.1552  0.1181  1
 68:   0.1231  0.1622  0.1852  0.0921  0.1201  0.1702  0.1471  1
 69:   0.2867  0.1968  0.0999  0.1219  0.0859  0.1169  0.0919  1
 70:   0.1129  0.1508  0.1978  0.0789  0.1419  0.1149  0.2028  1
 71:   0.1250  0.1530  0.2320  0.0520  0.1370  0.1670  0.1340  1
 72:   0.1369  0.1419  0.2448  0.0420  0.1608  0.1409  0.1329  1
 73:   0.1140  0.1580  0.2330  0.0480  0.1050  0.1890  0.1530  1
 74:   0.2412  0.1782  0.1291  0.1111  0.1011  0.1351  0.1041  1
 75:   0.1250  0.1710  0.1930  0.0720  0.1160  0.1700  0.1530  1
 76:   0.1280  0.1670  0.1800  0.0890  0.1080  0.1850  0.1430  1
 77:   0.3060  0.2170  0.0960  0.1010  0.0800  0.1090  0.0910  1
 78:   0.2140  0.1940  0.1660  0.0670  0.1130  0.1010  0.1450  1
 79:   0.1379  0.1538  0.2188  0.0679  0.1269  0.1489  0.1459  1
 80:   0.3287  0.2288  0.0629  0.1229  0.0689  0.1059  0.0819  1
 81:   0.1962  0.1862  0.1662  0.0871  0.1051  0.1231  0.1361  1
 82:   0.0820  0.0790  0.0850  0.2580  0.1960  0.1630  0.1370  1
 83:   0.1291  0.1271  0.1161  0.1772  0.1491  0.1502  0.1512  1
 84:   0.1439  0.1628  0.2188  0.0549  0.1229  0.1648  0.1319  1
 85:   0.1020  0.1150  0.1580  0.1620  0.1570  0.1390  0.1670  1
 86:   0.2238  0.2058  0.1289  0.1099  0.1029  0.0989  0.1299  1
 87:   0.1010  0.1680  0.2190  0.0580  0.1050  0.2020  0.1470  1
 88:   0.1648  0.1728  0.1469  0.1179  0.1309  0.1149  0.1518  1
 89:   0.1041  0.1301  0.1562  0.1441  0.1331  0.1862  0.1461  1
 90:   0.1220  0.1570  0.2400  0.0420  0.1280  0.1660  0.1450  1
 91:   0.1110  0.1590  0.2130  0.0730  0.1330  0.1510  0.1600  1
 92:   0.0980  0.1620  0.2440  0.0380  0.1070  0.2000  0.1510  1
 93:   0.2567  0.1928  0.1139  0.1129  0.0939  0.1219  0.1079  1
 94:   0.1490  0.1260  0.2280  0.0700  0.1760  0.1240  0.1270  1
 95:   0.0850  0.0870  0.0930  0.2480  0.1720  0.1750  0.1400  1
 96:   0.1520  0.1190  0.2110  0.1010  0.1710  0.1360  0.1100  1
 97:   0.1069  0.1109  0.1858  0.1309  0.1648  0.1419  0.1588  1
 98:   0.0690  0.0930  0.1240  0.1940  0.1630  0.1580  0.1990  1
 99:   0.1130  0.1060  0.1650  0.1480  0.1800  0.1370  0.1510  1
100:   0.0709  0.0959  0.1249  0.1958  0.1598  0.1558  0.1968  1
101:   0.1489  0.1588  0.1628  0.1039  0.1508  0.1149  0.1598  1
102:   0.1400  0.1460  0.2250  0.0510  0.1580  0.1150  0.1650  1
103:   0.1480  0.1560  0.1980  0.0740  0.1510  0.1140  0.1590  1
104:   0.1201  0.1241  0.1311  0.1732  0.1471  0.1682  0.1361  1
105:   0.1291  0.1532  0.1291  0.1431  0.1491  0.1381  0.1582  1
106:   0.1440  0.1860  0.1450  0.1100  0.1170  0.1510  0.1470  1
107:   0.0830  0.1150  0.1200  0.1950  0.1590  0.1510  0.1770  1
108:   0.0829  0.0729  0.0589  0.2867  0.1708  0.1808  0.1469  1
109:   0.0700  0.0690  0.0650  0.2940  0.2040  0.1690  0.1290  1
110:   0.1290  0.1050  0.0600  0.2480  0.1530  0.1640  0.1410  1
111:   0.0410  0.0420  0.0620  0.3120  0.1830  0.1910  0.1690  1
112:   0.1820  0.1650  0.1110  0.1490  0.1400  0.1180  0.1350  1
113:   0.0610  0.0580  0.0600  0.2990  0.1790  0.1900  0.1530  1
114:   0.2270  0.1430  0.0610  0.2010  0.1420  0.1320  0.0940  1
115:   0.1690  0.1200  0.0570  0.2480  0.1490  0.1470  0.1100  1
116:   0.0561  0.0471  0.0511  0.3267  0.1804  0.1844  0.1543  1
117:   0.0420  0.0460  0.0599  0.3017  0.1748  0.1978  0.1778  1
118:   0.0300  0.0330  0.0561  0.3353  0.1842  0.1902  0.1712  1
119:   0.0751  0.0621  0.0460  0.3003  0.1652  0.1952  0.1562  1
120:   0.0579  0.0500  0.0629  0.3217  0.2068  0.1708  0.1299  1
121:   0.0980  0.0880  0.0680  0.2610  0.1590  0.1780  0.1480  1
122:   0.0350  0.0310  0.0470  0.3400  0.2100  0.1940  0.1430  1
123:   0.0701  0.0581  0.0571  0.3043  0.2102  0.1762  0.1241  1
124:   0.0540  0.0470  0.0520  0.3180  0.2060  0.1880  0.1350  1
125:   0.0390  0.0370  0.0519  0.3237  0.1798  0.2038  0.1648  1
126:   0.1722  0.1321  0.0591  0.2272  0.1491  0.1441  0.1161  1
127:   0.0440  0.0390  0.0490  0.3240  0.1930  0.1980  0.1530  1
128:   0.2230  0.1570  0.0520  0.1980  0.1170  0.1440  0.1090  1
129:   0.1522  0.1061  0.0591  0.2563  0.1722  0.1461  0.1081  1
130:   0.1350  0.1140  0.0770  0.2280  0.1530  0.1630  0.1300  1
131:   0.0430  0.0420  0.0599  0.3217  0.1778  0.1918  0.1638  1
132:   0.0871  0.0741  0.0531  0.2983  0.1612  0.1752  0.1512  1
133:   0.0669  0.0639  0.0589  0.2927  0.1718  0.1888  0.1568  1
134:   0.1530  0.1150  0.0530  0.2510  0.1390  0.1640  0.1250  1
135:   0.0860  0.0760  0.0610  0.2770  0.1640  0.1870  0.1490  1
136:   0.0820  0.0770  0.0580  0.2870  0.1630  0.1810  0.1520  1
137:   0.0590  0.0570  0.0540  0.3080  0.2080  0.1790  0.1350  1
138:   0.1320  0.1010  0.0490  0.2710  0.1830  0.1560  0.1080  1
139:   0.1099  0.0999  0.0649  0.2597  0.1818  0.1588  0.1249  1
140:   0.0511  0.0470  0.0551  0.3233  0.1982  0.1792  0.1461  1
141:   0.0830  0.0800  0.0710  0.2680  0.1690  0.1740  0.1550  1
142:   0.0400  0.0360  0.0520  0.3470  0.2130  0.1770  0.1350  1
143:   0.0549  0.0500  0.0509  0.3287  0.1798  0.1788  0.1568  1
144:   0.0430  0.0400  0.0530  0.3320  0.2190  0.1790  0.1340  1
145:   0.0739  0.0829  0.0999  0.2348  0.1668  0.1648  0.1768  1
146:   0.1081  0.0931  0.0731  0.2593  0.1872  0.1552  0.1241  1
147:   0.2020  0.1380  0.0610  0.2130  0.1430  0.1370  0.1060  1
148:   0.0300  0.0290  0.0490  0.3337  0.1858  0.2058  0.1668  1
149:   0.0651  0.0561  0.0501  0.3083  0.1692  0.1932  0.1582  1

  1:   0.2730  0.1560  0.1140  0.0780  0.0790  0.1640  0.1360  1
  2:   0.0790  0.1110  0.1720  0.0820  0.1030  0.2900  0.1630  1
  3:   0.0749  0.2048  0.2617  0.1089  0.1159  0.0819  0.1518  1
  4:   0.1210  0.1270  0.1560  0.0860  0.0980  0.2490  0.1630  1
  5:   0.0880  0.1700  0.2150  0.1320  0.1110  0.1290  0.1550  1
  6:   0.0661  0.1261  0.1772  0.0831  0.0991  0.2833  0.1652  1
  7:   0.0799  0.1608  0.1808  0.1339  0.1309  0.1578  0.1558  1
  8:   0.1527  0.1786  0.1806  0.1327  0.1018  0.0998  0.1537  1
  9:   0.0770  0.1820  0.2260  0.1320  0.1270  0.1090  0.1470  1
 10:   0.0641  0.1992  0.2623  0.1081  0.1121  0.1021  0.1522  1
 11:   0.1730  0.1790  0.1490  0.1270  0.1050  0.1130  0.1540  1
 12:   0.1231  0.2012  0.2352  0.0991  0.1011  0.0901  0.1502  1
 13:   0.0979  0.1658  0.2028  0.1339  0.1409  0.1129  0.1459  1
 14:   0.2010  0.1790  0.1370  0.1080  0.1100  0.1240  0.1410  1
 15:   0.0820  0.1420  0.1750  0.1040  0.1250  0.2200  0.1520  1
 16:   0.0829  0.1708  0.2258  0.1369  0.1489  0.0929  0.1419  1
 17:   0.1320  0.1600  0.1360  0.1700  0.1070  0.1100  0.1850  1
 18:   0.0530  0.1640  0.2270  0.1640  0.1130  0.1050  0.1740  1
 19:   0.1678  0.1708  0.1319  0.1329  0.1069  0.1209  0.1688  1
 20:   0.1080  0.1600  0.1710  0.1190  0.1160  0.1650  0.1610  1
 21:   0.0750  0.1990  0.2610  0.1170  0.1130  0.0870  0.1480  1
 22:   0.0739  0.1898  0.2448  0.1369  0.1029  0.0859  0.1658  1
 23:   0.1359  0.1339  0.1668  0.0839  0.0989  0.2258  0.1548  1
 24:   0.2757  0.1608  0.1049  0.0789  0.0839  0.1608  0.1349  1
 25:   0.0750  0.1580  0.2070  0.1340  0.1630  0.1210  0.1420  1
 26:   0.0760  0.1760  0.2160  0.1270  0.1230  0.1190  0.1630  1
 27:   0.1952  0.1712  0.1491  0.1091  0.1241  0.1111  0.1401  1
 28:   0.2060  0.1690  0.1400  0.1030  0.1040  0.1330  0.1450  1
 29:   0.0681  0.1421  0.1502  0.2122  0.1261  0.1141  0.1872  1
 30:   0.1429  0.1389  0.1329  0.1638  0.1558  0.1279  0.1379  1
 31:   0.1160  0.1380  0.1440  0.1750  0.1510  0.1350  0.1410  1
 32:   0.1700  0.1310  0.1280  0.1020  0.1210  0.2060  0.1420  1
 33:   0.2022  0.1652  0.1481  0.0911  0.1001  0.1451  0.1481  1
 34:   0.0520  0.1280  0.2010  0.0830  0.1040  0.2680  0.1640  1
 35:   0.2560  0.1840  0.1420  0.0910  0.0990  0.1020  0.1260  1
 36:   0.1409  0.1678  0.1678  0.1249  0.1289  0.1279  0.1419  1
 37:   0.1220  0.1250  0.1440  0.1430  0.2080  0.1340  0.1240  1
 38:   0.2360  0.1670  0.1230  0.0900  0.1050  0.1460  0.1330  1
 39:   0.0680  0.1120  0.1590  0.1310  0.1420  0.2310  0.1570  1
 40:   0.0711  0.1491  0.1942  0.0951  0.1191  0.2112  0.1602  1
 41:   0.0690  0.1920  0.2570  0.1230  0.1230  0.0850  0.1510  1
 42:   0.2405  0.1527  0.1188  0.0749  0.0808  0.1856  0.1467  1
 43:   0.1020  0.1400  0.1570  0.1030  0.1250  0.2170  0.1560  1
 44:   0.0789  0.1678  0.2018  0.1489  0.1189  0.1259  0.1578  1
 45:   0.2753  0.1481  0.1101  0.0771  0.0931  0.1682  0.1281  1
 46:   0.0829  0.1588  0.1738  0.1369  0.1169  0.1628  0.1678  1
 47:   0.0710  0.1840  0.2330  0.1020  0.1070  0.1430  0.1600  1
 48:   0.1091  0.1421  0.1622  0.1431  0.1441  0.1451  0.1542  1
 49:   0.1790  0.1510  0.1340  0.0870  0.1040  0.2020  0.1430  1
 50:   0.1210  0.1400  0.1590  0.0870  0.0930  0.2400  0.1600  1
 51:   0.0762  0.1703  0.2214  0.1212  0.1363  0.1253  0.1493  1
 52:   0.1030  0.1470  0.1740  0.1200  0.1330  0.1690  0.1540  1
 53:   0.0630  0.1540  0.2120  0.1390  0.1570  0.1310  0.1440  1
 54:   0.0670  0.1580  0.1890  0.1570  0.1230  0.1430  0.1630  1
 55:   0.2680  0.1970  0.1590  0.0800  0.0720  0.0950  0.1290  1
 56:   0.0691  0.1291  0.1812  0.1341  0.1371  0.1962  0.1532  1
 57:   0.0590  0.1340  0.1730  0.1990  0.1500  0.1220  0.1630  1
 58:   0.0958  0.1287  0.1697  0.1377  0.1747  0.1477  0.1457  1
 59:   0.1648  0.1578  0.1379  0.1508  0.1049  0.1209  0.1628  1
 60:   0.1150  0.1670  0.1950  0.1240  0.1280  0.1230  0.1480  1
 61:   0.1310  0.1800  0.1970  0.1140  0.1110  0.1200  0.1470  1
 62:   0.1588  0.1399  0.1139  0.1848  0.1419  0.1259  0.1349  1
 63:   0.0881  0.1191  0.1461  0.1431  0.1421  0.2142  0.1471  1
 64:   0.1558  0.1469  0.1518  0.1029  0.0999  0.1898  0.1528  1
 65:   0.1270  0.1190  0.1530  0.0720  0.0920  0.2830  0.1540  1
 66:   0.1021  0.1291  0.1471  0.1091  0.1361  0.2232  0.1532  1
 67:   0.2030  0.1310  0.1360  0.0840  0.0990  0.2070  0.1400  1
 68:   0.1091  0.1251  0.1582  0.1001  0.1151  0.2362  0.1562  1
 69:   0.3417  0.1678  0.0849  0.0809  0.0849  0.1209  0.1189  1
 70:   0.0811  0.1431  0.1622  0.1772  0.1211  0.1321  0.1832  1
 71:   0.0681  0.1411  0.2032  0.0931  0.1081  0.2262  0.1602  1
 72:   0.0681  0.1722  0.2352  0.1071  0.1091  0.1502  0.1582  1
 73:   0.0620  0.1120  0.1700  0.0770  0.1020  0.3160  0.1610  1
 74:   0.2750  0.1620  0.1150  0.0880  0.0890  0.1430  0.1280  1
 75:   0.1100  0.1270  0.1590  0.0940  0.1060  0.2440  0.1600  1
 76:   0.1190  0.1140  0.1440  0.0940  0.1050  0.2700  0.1540  1
 77:   0.3794  0.1822  0.0901  0.0691  0.0671  0.0981  0.1141  1
 78:   0.2260  0.1730  0.1450  0.1090  0.0910  0.1050  0.1510  1
 79:   0.1050  0.1490  0.1780  0.0920  0.1130  0.2100  0.1530  1
 80:   0.4196  0.1888  0.0629  0.0629  0.0629  0.0919  0.1109  1
 81:   0.2210  0.1640  0.1190  0.0980  0.0910  0.1510  0.1560  1
 82:   0.0910  0.0940  0.1350  0.1800  0.2440  0.1340  0.1220  1
 83:   0.1350  0.1360  0.1200  0.1960  0.1530  0.1240  0.1360  1
 84:   0.1030  0.1450  0.1810  0.0920  0.0980  0.2290  0.1520  1
 85:   0.0930  0.1350  0.1520  0.1690  0.1660  0.1400  0.1450  1
 86:   0.2760  0.1810  0.1210  0.0820  0.1010  0.1080  0.1310  1
 87:   0.0709  0.0979  0.1648  0.0769  0.1049  0.3247  0.1598  1
 88:   0.1812  0.1612  0.1431  0.1121  0.1321  0.1281  0.1421  1
 89:   0.1009  0.1099  0.1399  0.1349  0.1409  0.2278  0.1459  1
 90:   0.0550  0.1400  0.2170  0.0860  0.1050  0.2350  0.1620  1
 91:   0.0931  0.1361  0.1582  0.1051  0.1261  0.2232  0.1582  1
 92:   0.0470  0.0950  0.1790  0.0740  0.1030  0.3420  0.1600  1
 93:   0.3147  0.1698  0.1029  0.0829  0.0869  0.1209  0.1219  1
 94:   0.0740  0.1970  0.2500  0.1230  0.1230  0.0850  0.1480  1
 95:   0.0950  0.1030  0.1190  0.2090  0.1960  0.1480  0.1300  1
 96:   0.0769  0.1878  0.2368  0.1179  0.1359  0.0949  0.1499  1
 97:   0.0661  0.1481  0.1912  0.1552  0.1532  0.1371  0.1491  1
 98:   0.0510  0.1070  0.1270  0.2560  0.1710  0.1320  0.1560  1
 99:   0.0771  0.1532  0.1922  0.1752  0.1562  0.1021  0.1441  1
100:   0.0561  0.1031  0.1221  0.2482  0.1752  0.1391  0.1562  1
101:   0.1430  0.1610  0.1610  0.1390  0.1290  0.1190  0.1480  1
102:   0.0729  0.1718  0.2338  0.1469  0.1089  0.1089  0.1568  1
103:   0.1229  0.1698  0.1878  0.1299  0.1209  0.1109  0.1578  1
104:   0.1220  0.1210  0.1360  0.1560  0.1550  0.1680  0.1420  1
105:   0.1439  0.1359  0.1319  0.1399  0.1538  0.1449  0.1499  1
106:   0.1590  0.1350  0.1310  0.1020  0.1220  0.1960  0.1550  1
107:   0.0840  0.1170  0.1230  0.2100  0.1770  0.1450  0.1440  1
108:   0.0971  0.0941  0.1071  0.2452  0.2162  0.1161  0.1241  1
109:   0.0740  0.0790  0.1250  0.1840  0.2790  0.1370  0.1220  1
110:   0.1558  0.1179  0.0949  0.2318  0.1768  0.1039  0.1189  1
111:   0.0380  0.0830  0.1050  0.2960  0.2280  0.1200  0.1300  1
112:   0.2210  0.1520  0.1180  0.1230  0.1440  0.1090  0.1330  1
113:   0.0669  0.0888  0.1048  0.2645  0.2196  0.1267  0.1287  1
114:   0.2940  0.1350  0.0820  0.1220  0.1610  0.1030  0.1030  1
115:   0.2190  0.1230  0.0860  0.1660  0.1800  0.1150  0.1110  1
116:   0.0600  0.0800  0.0980  0.2800  0.2380  0.1260  0.1180  1
117:   0.0410  0.0891  0.1021  0.3013  0.2142  0.1201  0.1321  1
118:   0.0300  0.0730  0.1020  0.3050  0.2360  0.1350  0.1190  1
119:   0.0899  0.0959  0.0939  0.2757  0.2098  0.1079  0.1269  1
120:   0.0611  0.0721  0.1171  0.2222  0.2673  0.1502  0.1101  1
121:   0.1149  0.1089  0.1019  0.2398  0.1878  0.1199  0.1269  1
122:   0.0380  0.0621  0.1141  0.2462  0.2853  0.1261  0.1281  1
123:   0.0710  0.0720  0.1280  0.1850  0.2950  0.1290  0.1200  1
124:   0.0560  0.0650  0.1210  0.2120  0.2880  0.1300  0.1280  1
125:   0.0410  0.0780  0.1040  0.2950  0.2310  0.1160  0.1350  1
126:   0.2160  0.1230  0.0960  0.1620  0.1810  0.1070  0.1150  1
127:   0.0490  0.0731  0.1131  0.2583  0.2543  0.1221  0.1301  1
128:   0.2717  0.1489  0.0719  0.1738  0.1259  0.0959  0.1119  1
129:   0.1860  0.1040  0.1010  0.1550  0.2210  0.1270  0.1060  1
130:   0.1608  0.1139  0.1059  0.1758  0.1868  0.1299  0.1269  1
131:   0.0420  0.0840  0.1020  0.3020  0.2160  0.1370  0.1170  1
132:   0.0980  0.1010  0.0890  0.2700  0.2060  0.1170  0.1190  1
133:   0.0741  0.0922  0.1002  0.2745  0.2144  0.1122  0.1323  1
134:   0.1878  0.1319  0.0839  0.2208  0.1628  0.0989  0.1139  1
135:   0.0980  0.1010  0.0970  0.2570  0.1960  0.1290  0.1220  1
136:   0.0980  0.1000  0.0950  0.2590  0.2010  0.1210  0.1260  1
137:   0.0660  0.0740  0.1240  0.2020  0.2810  0.1290  0.1240  1
138:   0.1580  0.0980  0.1070  0.1550  0.2470  0.1240  0.1110  1
139:   0.1220  0.1000  0.1150  0.1700  0.2410  0.1280  0.1240  1
140:   0.0560  0.0750  0.1150  0.2420  0.2620  0.1290  0.1210  1
141:   0.0912  0.1062  0.1092  0.2545  0.1984  0.1172  0.1232  1
142:   0.0440  0.0629  0.1129  0.2348  0.2907  0.1459  0.1089  1
143:   0.0591  0.0871  0.0971  0.2823  0.2292  0.1281  0.1171  1
144:   0.0440  0.0621  0.1271  0.2102  0.3053  0.1351  0.1161  1
145:   0.0710  0.1000  0.1190  0.2470  0.2040  0.1170  0.1420  1
146:   0.1219  0.0999  0.1189  0.1698  0.2428  0.1309  0.1159  1
147:   0.2490  0.1320  0.0950  0.1380  0.1750  0.0980  0.1130  1
148:   0.0300  0.0729  0.0999  0.3037  0.2418  0.1159  0.1359  1
149:   0.0730  0.0970  0.0960  0.2930  0.2040  0.1160  0.1210  1

