  1:   0.2536  0.1821  0.1241  0.0790  0.0825  0.1511  0.1276  1
  2:   0.0970  0.1395  0.1960  0.0675  0.1080  0.2390  0.1530  1
  3:   0.1190  0.1645  0.2470  0.0920  0.1435  0.1065  0.1275  1
  4:   0.1275  0.1555  0.1740  0.0745  0.1015  0.2100  0.1570  1
  5:   0.1136  0.1596  0.2191  0.0920  0.1336  0.1251  0.1571  1
  6:   0.0950  0.1410  0.2070  0.0660  0.1050  0.2291  0.1570  1
  7:   0.0965  0.1524  0.2034  0.0999  0.1394  0.1324  0.1759  1
  8:   0.1608  0.1718  0.1808  0.1014  0.1239  0.1059  0.1553  1
  9:   0.1040  0.1555  0.2280  0.0950  0.1500  0.1135  0.1540  1
 10:   0.1095  0.1646  0.2551  0.0751  0.1436  0.1171  0.1351  1
 11:   0.1701  0.1856  0.1601  0.0965  0.1186  0.1076  0.1616  1
 12:   0.1557  0.1777  0.2242  0.0781  0.1301  0.1076  0.1266  1
 13:   0.1120  0.1529  0.2064  0.1039  0.1539  0.1064  0.1644  1
 14:   0.1870  0.1875  0.1460  0.0970  0.1170  0.1120  0.1535  1
 15:   0.0986  0.1486  0.2011  0.0820  0.1301  0.1801  0.1596  1
 16:   0.1069  0.1444  0.2083  0.1224  0.1668  0.1129  0.1384  1
 17:   0.1335  0.1670  0.1555  0.1245  0.1205  0.1075  0.1915  1
 18:   0.0885  0.1565  0.2280  0.1010  0.1355  0.1045  0.1860  1
 19:   0.1644  0.1774  0.1499  0.1059  0.1164  0.1124  0.1734  1
 20:   0.1225  0.1600  0.1935  0.0930  0.1245  0.1440  0.1625  1
 21:   0.1149  0.1654  0.2479  0.0825  0.1454  0.1054  0.1384  1
 22:   0.1130  0.1689  0.2374  0.0909  0.1309  0.0995  0.1594  1
 23:   0.1435  0.1540  0.1825  0.0720  0.1060  0.1940  0.1480  1
 24:   0.2617  0.1783  0.1134  0.0894  0.0859  0.1479  0.1234  1
 25:   0.0911  0.1361  0.2086  0.1216  0.1701  0.1236  0.1491  1
 26:   0.1070  0.1615  0.2225  0.0910  0.1390  0.1185  0.1605  1
 27:   0.1792  0.1702  0.1537  0.1096  0.1296  0.1136  0.1441  1
 28:   0.1891  0.1771  0.1491  0.0960  0.1136  0.1271  0.1481  1
 29:   0.0820  0.1450  0.1675  0.1456  0.1415  0.1100  0.2085  1
 30:   0.1334  0.1334  0.1309  0.1664  0.1539  0.1334  0.1484  1
 31:   0.1140  0.1260  0.1440  0.1725  0.1535  0.1430  0.1470  1
 32:   0.1594  0.1494  0.1364  0.1144  0.1189  0.1829  0.1384  1
 33:   0.1901  0.1706  0.1591  0.0890  0.1086  0.1376  0.1451  1
 34:   0.0845  0.1390  0.2210  0.0625  0.1135  0.2255  0.1540  1
 35:   0.2396  0.1846  0.1481  0.0925  0.1071  0.0990  0.1291  1
 36:   0.1394  0.1634  0.1759  0.1069  0.1374  0.1214  0.1554  1
 37:   0.1195  0.1135  0.1275  0.1795  0.1970  0.1410  0.1220  1
 38:   0.2135  0.1835  0.1305  0.0960  0.1065  0.1340  0.1360  1
 39:   0.0795  0.1250  0.1700  0.1240  0.1430  0.2015  0.1570  1
 40:   0.0995  0.1495  0.2200  0.0720  0.1275  0.1775  0.1540  1
 41:   0.1050  0.1595  0.2490  0.0870  0.1525  0.1010  0.1460  1
 42:   0.2239  0.1779  0.1340  0.0770  0.0870  0.1659  0.1344  1
 43:   0.1081  0.1551  0.1836  0.0855  0.1276  0.1791  0.1611  1
 44:   0.1000  0.1569  0.2124  0.0989  0.1404  0.1179  0.1734  1
 45:   0.2513  0.1702  0.1191  0.0891  0.0941  0.1567  0.1196  1
 46:   0.1015  0.1610  0.2005  0.0905  0.1285  0.1345  0.1835  1
 47:   0.1129  0.1659  0.2399  0.0720  0.1269  0.1374  0.1449  1
 48:   0.1201  0.1366  0.1626  0.1386  0.1461  0.1506  0.1456  1
 49:   0.1759  0.1649  0.1534  0.0895  0.1059  0.1709  0.1394  1
 50:   0.1359  0.1539  0.1834  0.0730  0.1009  0.2024  0.1504  1
 51:   0.1026  0.1462  0.2132  0.1151  0.1526  0.1326  0.1376  1
 52:   0.1139  0.1434  0.1799  0.1124  0.1394  0.1579  0.1529  1
 53:   0.0884  0.1269  0.1978  0.1453  0.1683  0.1413  0.1319  1
 54:   0.0955  0.1440  0.1985  0.1255  0.1345  0.1420  0.1600  1
 55:   0.2650  0.1940  0.1585  0.0735  0.0905  0.1055  0.1130  1
 56:   0.0890  0.1276  0.1851  0.1271  0.1426  0.1831  0.1456  1
 57:   0.0760  0.1264  0.1719  0.1644  0.1569  0.1279  0.1764  1
 58:   0.1050  0.1259  0.1629  0.1409  0.1714  0.1499  0.1439  1
 59:   0.1635  0.1690  0.1460  0.1215  0.1145  0.1185  0.1670  1
 60:   0.1269  0.1574  0.2039  0.0965  0.1414  0.1144  0.1594  1
 61:   0.1485  0.1645  0.1925  0.1005  0.1285  0.1275  0.1380  1
 62:   0.1489  0.1379  0.1099  0.1813  0.1419  0.1374  0.1429  1
 63:   0.0975  0.1211  0.1601  0.1416  0.1426  0.1921  0.1451  1
 64:   0.1568  0.1613  0.1673  0.0899  0.1074  0.1628  0.1543  1
 65:   0.1345  0.1515  0.1775  0.0640  0.0945  0.2335  0.1445  1
 66:   0.1071  0.1446  0.1701  0.1026  0.1336  0.1876  0.1546  1
 67:   0.2006  0.1546  0.1491  0.0840  0.1016  0.1811  0.1291  1
 68:   0.1161  0.1436  0.1717  0.0961  0.1176  0.2032  0.1517  1
 69:   0.3142  0.1823  0.0924  0.1014  0.0854  0.1189  0.1054  1
 70:   0.0970  0.1470  0.1800  0.1280  0.1315  0.1235  0.1930  1
 71:   0.0965  0.1471  0.2176  0.0725  0.1226  0.1966  0.1471  1
 72:   0.1025  0.1570  0.2400  0.0745  0.1350  0.1455  0.1455  1
 73:   0.0880  0.1350  0.2015  0.0625  0.1035  0.2525  0.1570  1
 74:   0.2581  0.1701  0.1221  0.0996  0.0951  0.1391  0.1161  1
 75:   0.1175  0.1490  0.1760  0.0830  0.1110  0.2070  0.1565  1
 76:   0.1235  0.1405  0.1620  0.0915  0.1065  0.2275  0.1485  1
 77:   0.3427  0.1996  0.0930  0.0850  0.0735  0.1035  0.1026  1
 78:   0.2200  0.1835  0.1555  0.0880  0.1020  0.1030  0.1480  1
 79:   0.1214  0.1514  0.1984  0.0800  0.1199  0.1794  0.1494  1
 80:   0.3741  0.2088  0.0629  0.0929  0.0659  0.0989  0.0964  1
 81:   0.2086  0.1751  0.1426  0.0925  0.0981  0.1371  0.1461  1
 82:   0.0865  0.0865  0.1100  0.2190  0.2200  0.1485  0.1295  1
 83:   0.1321  0.1316  0.1181  0.1866  0.1511  0.1371  0.1436  1
 84:   0.1234  0.1539  0.1999  0.0735  0.1104  0.1969  0.1419  1
 85:   0.0975  0.1250  0.1550  0.1655  0.1615  0.1395  0.1560  1
 86:   0.2499  0.1934  0.1249  0.0959  0.1019  0.1035  0.1304  1
 87:   0.0860  0.1330  0.1919  0.0675  0.1049  0.2633  0.1534  1
 88:   0.1730  0.1670  0.1450  0.1150  0.1315  0.1215  0.1470  1
 89:   0.1025  0.1200  0.1480  0.1395  0.1370  0.2070  0.1460  1
 90:   0.0885  0.1485  0.2285  0.0640  0.1165  0.2005  0.1535  1
 91:   0.1020  0.1476  0.1856  0.0891  0.1296  0.1871  0.1591  1
 92:   0.0725  0.1285  0.2115  0.0560  0.1050  0.2710  0.1555  1
 93:   0.2857  0.1813  0.1084  0.0979  0.0904  0.1214  0.1149  1
 94:   0.1115  0.1615  0.2390  0.0965  0.1495  0.1045  0.1375  1
 95:   0.0900  0.0950  0.1060  0.2285  0.1840  0.1615  0.1350  1
 96:   0.1145  0.1534  0.2239  0.1094  0.1534  0.1155  0.1299  1
 97:   0.0865  0.1295  0.1885  0.1430  0.1590  0.1395  0.1540  1
 98:   0.0600  0.1000  0.1255  0.2250  0.1670  0.1450  0.1775  1
 99:   0.0950  0.1296  0.1786  0.1616  0.1681  0.1196  0.1476  1
100:   0.0635  0.0995  0.1235  0.2220  0.1675  0.1475  0.1765  1
101:   0.1459  0.1599  0.1619  0.1214  0.1399  0.1169  0.1539  1
102:   0.1065  0.1589  0.2294  0.0989  0.1334  0.1119  0.1609  1
103:   0.1354  0.1629  0.1929  0.1019  0.1359  0.1124  0.1584  1
104:   0.1211  0.1226  0.1336  0.1646  0.1511  0.1681  0.1391  1
105:   0.1365  0.1445  0.1305  0.1415  0.1515  0.1415  0.1540  1
106:   0.1515  0.1605  0.1380  0.1060  0.1195  0.1735  0.1510  1
107:   0.0835  0.1160  0.1215  0.2025  0.1680  0.1480  0.1605  1
108:   0.0900  0.0835  0.0830  0.2660  0.1935  0.1485  0.1355  1
109:   0.0720  0.0740  0.0950  0.2390  0.2415  0.1530  0.1255  1
110:   0.1424  0.1114  0.0775  0.2399  0.1649  0.1339  0.1299  1
111:   0.0395  0.0625  0.0835  0.3040  0.2055  0.1555  0.1495  1
112:   0.2015  0.1585  0.1145  0.1360  0.1420  0.1135  0.1340  1
113:   0.0639  0.0734  0.0824  0.2817  0.1993  0.1584  0.1409  1
114:   0.2605  0.1390  0.0715  0.1615  0.1515  0.1175  0.0985  1
115:   0.1940  0.1215  0.0715  0.2070  0.1645  0.1310  0.1105  1
116:   0.0581  0.0635  0.0746  0.3033  0.2092  0.1552  0.1362  1
117:   0.0415  0.0675  0.0810  0.3015  0.1945  0.1590  0.1550  1
118:   0.0300  0.0530  0.0790  0.3202  0.2101  0.1626  0.1451  1
119:   0.0825  0.0790  0.0700  0.2880  0.1875  0.1515  0.1415  1
120:   0.0595  0.0610  0.0900  0.2720  0.2370  0.1605  0.1200  1
121:   0.1064  0.0984  0.0849  0.2504  0.1734  0.1489  0.1374  1
122:   0.0365  0.0465  0.0806  0.2931  0.2476  0.1601  0.1356  1
123:   0.0705  0.0650  0.0925  0.2447  0.2526  0.1526  0.1221  1
124:   0.0550  0.0560  0.0865  0.2650  0.2470  0.1590  0.1315  1
125:   0.0400  0.0575  0.0780  0.3093  0.2054  0.1599  0.1499  1
126:   0.1941  0.1276  0.0775  0.1946  0.1651  0.1256  0.1156  1
127:   0.0465  0.0560  0.0811  0.2911  0.2236  0.1601  0.1416  1
128:   0.2474  0.1529  0.0620  0.1859  0.1214  0.1200  0.1104  1
129:   0.1691  0.1051  0.0800  0.2056  0.1966  0.1366  0.1071  1
130:   0.1479  0.1139  0.0914  0.2019  0.1699  0.1464  0.1284  1
131:   0.0425  0.0630  0.0810  0.3118  0.1969  0.1644  0.1404  1
132:   0.0925  0.0875  0.0710  0.2841  0.1836  0.1461  0.1351  1
133:   0.0705  0.0781  0.0796  0.2836  0.1931  0.1505  0.1446  1
134:   0.1704  0.1234  0.0685  0.2359  0.1509  0.1315  0.1194  1
135:   0.0920  0.0885  0.0790  0.2670  0.1800  0.1580  0.1355  1
136:   0.0900  0.0885  0.0765  0.2730  0.1820  0.1510  0.1390  1
137:   0.0625  0.0655  0.0890  0.2550  0.2445  0.1540  0.1295  1
138:   0.1450  0.0995  0.0780  0.2130  0.2150  0.1400  0.1095  1
139:   0.1159  0.1000  0.0900  0.2149  0.2114  0.1434  0.1244  1
140:   0.0535  0.0610  0.0850  0.2827  0.2301  0.1541  0.1336  1
141:   0.0871  0.0931  0.0901  0.2613  0.1837  0.1456  0.1391  1
142:   0.0420  0.0495  0.0824  0.2909  0.2519  0.1614  0.1219  1
143:   0.0570  0.0685  0.0740  0.3055  0.2045  0.1535  0.1370  1
144:   0.0435  0.0510  0.0901  0.2711  0.2622  0.1571  0.1251  1
145:   0.0725  0.0915  0.1095  0.2409  0.1854  0.1409  0.1594  1
146:   0.1150  0.0965  0.0960  0.2145  0.2150  0.1430  0.1200  1
147:   0.2255  0.1350  0.0780  0.1755  0.1590  0.1175  0.1095  1
148:   0.0300  0.0509  0.0744  0.3187  0.2138  0.1608  0.1513  1
149:   0.0690  0.0765  0.0730  0.3007  0.1866  0.1546  0.1396  1
