1:    0.086 0.138 0.080 0.134 0.234 0.119 0.208 1    
2:    0.113 0.188 0.053 0.220 0.115 0.143 0.168 1    
3:    0.171 0.131 0.075 0.232 0.163 0.103 0.124 1    
4:    0.105 0.171 0.063 0.192 0.134 0.151 0.184 1    
5:    0.156 0.121 0.052 0.223 0.139 0.159 0.149 1    
6:    0.111 0.175 0.049 0.237 0.124 0.149 0.156 1    
7:    0.148 0.107 0.066 0.226 0.113 0.196 0.144 1    
8:    0.146 0.112 0.070 0.181 0.169 0.157 0.165 1    
9:    0.173 0.118 0.058 0.230 0.131 0.161 0.129 1    
10:   0.175 0.132 0.042 0.248 0.155 0.118 0.130 1    
11:   0.132 0.102 0.066 0.171 0.167 0.169 0.192 1    
12:   0.159 0.125 0.057 0.213 0.188 0.103 0.154 1    
13:   0.167 0.100 0.074 0.210 0.126 0.183 0.140 1    
14:   0.124 0.100 0.086 0.155 0.173 0.166 0.196 1    
15:   0.135 0.140 0.060 0.227 0.115 0.167 0.155 1    
16:   0.185 0.133 0.108 0.191 0.131 0.135 0.118 1    
17:   0.134 0.105 0.079 0.175 0.135 0.198 0.174 1    
18:   0.158 0.104 0.038 0.229 0.124 0.198 0.149 1    
19:   0.126 0.104 0.079 0.168 0.161 0.178 0.184 1    
20:   0.133 0.123 0.067 0.216 0.137 0.164 0.160 1    
21:   0.178 0.124 0.048 0.235 0.155 0.129 0.132 1    
22:   0.159 0.113 0.045 0.230 0.152 0.153 0.148 1    
23:   0.113 0.162 0.060 0.198 0.151 0.141 0.174 1    
24:   0.088 0.135 0.100 0.122 0.248 0.112 0.196 1    
25:   0.177 0.126 0.109 0.210 0.107 0.156 0.114 1    
26:   0.155 0.118 0.055 0.229 0.138 0.158 0.147 1    
27:   0.135 0.116 0.110 0.158 0.163 0.148 0.169 1    
28:   0.123 0.121 0.089 0.158 0.172 0.151 0.185 1    
29:   0.157 0.106 0.079 0.185 0.096 0.230 0.148 1    
30:   0.152 0.139 0.169 0.129 0.124 0.159 0.128 1    
31:   0.156 0.151 0.170 0.144 0.112 0.153 0.114 1    
32:   0.117 0.160 0.127 0.145 0.149 0.135 0.168 1    
33:   0.117 0.130 0.087 0.170 0.178 0.142 0.176 1    
34:   0.123 0.183 0.042 0.241 0.117 0.144 0.150 1    
35:   0.115 0.096 0.094 0.154 0.223 0.132 0.185 1    
36:   0.146 0.115 0.089 0.184 0.138 0.169 0.159 1    
37:   0.186 0.148 0.216 0.111 0.117 0.120 0.102 1    
38:   0.108 0.122 0.102 0.138 0.191 0.139 0.200 1    
39:   0.144 0.172 0.117 0.181 0.091 0.157 0.138 1    
40:   0.136 0.144 0.049 0.246 0.128 0.148 0.150 1    
41:   0.182 0.117 0.051 0.241 0.141 0.141 0.127 1    
42:   0.093 0.146 0.079 0.149 0.207 0.122 0.203 1    
43:   0.130 0.141 0.068 0.210 0.114 0.166 0.170 1    
44:   0.162 0.110 0.049 0.223 0.121 0.189 0.146 1    
45:   0.095 0.145 0.101 0.128 0.227 0.111 0.192 1    
46:   0.140 0.106 0.044 0.227 0.120 0.199 0.163 1    
47:   0.147 0.132 0.042 0.247 0.155 0.130 0.148 1    
48:   0.148 0.156 0.134 0.163 0.131 0.137 0.131 1    
49:   0.108 0.140 0.092 0.173 0.173 0.136 0.179 1    
50:   0.109 0.165 0.059 0.208 0.151 0.141 0.168 1    
51:   0.169 0.140 0.109 0.205 0.129 0.126 0.122 1    
52:   0.146 0.147 0.105 0.186 0.125 0.152 0.140 1    
53:   0.180 0.152 0.152 0.184 0.114 0.120 0.100 1    
54:   0.146 0.141 0.094 0.208 0.124 0.157 0.130 1    
55:   0.109 0.116 0.067 0.158 0.262 0.097 0.191 1    
56:   0.148 0.170 0.120 0.189 0.109 0.138 0.126 1    
57:   0.164 0.134 0.130 0.171 0.093 0.190 0.119 1    
58:   0.168 0.152 0.144 0.156 0.114 0.142 0.123 1    
59:   0.124 0.116 0.092 0.154 0.162 0.171 0.180 1    
60:   0.155 0.106 0.069 0.213 0.139 0.171 0.148 1    
61:   0.146 0.135 0.087 0.188 0.166 0.129 0.149 1    
62:   0.142 0.149 0.178 0.106 0.139 0.151 0.136 1    
63:   0.143 0.170 0.140 0.174 0.107 0.143 0.123 1    
64:   0.115 0.136 0.077 0.183 0.158 0.156 0.176 1    
65:   0.097 0.184 0.056 0.202 0.142 0.135 0.184 1    
66:   0.131 0.152 0.096 0.193 0.112 0.156 0.160 1    
67:   0.104 0.155 0.084 0.162 0.198 0.118 0.178 1    
68:   0.120 0.170 0.092 0.185 0.123 0.147 0.162 1    
69:   0.086 0.117 0.122 0.100 0.287 0.092 0.197 1    
70:   0.142 0.115 0.079 0.198 0.113 0.203 0.151 1    
71:   0.137 0.167 0.052 0.232 0.125 0.134 0.153 1    
72:   0.161 0.141 0.042 0.245 0.137 0.133 0.142 1    
73:   0.105 0.189 0.048 0.233 0.114 0.153 0.158 1    
74:   0.101 0.135 0.111 0.129 0.241 0.104 0.178 1    
75:   0.116 0.170 0.072 0.193 0.125 0.153 0.171 1    
76:   0.108 0.185 0.089 0.180 0.128 0.143 0.167 1    
77:   0.080 0.109 0.101 0.096 0.306 0.091 0.217 1    
78:   0.113 0.101 0.067 0.166 0.214 0.145 0.194 1    
79:   0.127 0.149 0.068 0.219 0.138 0.146 0.154 1    
80:   0.069 0.106 0.123 0.063 0.329 0.082 0.229 1    
81:   0.105 0.123 0.087 0.166 0.196 0.136 0.186 1    
82:   0.196 0.163 0.258 0.085 0.082 0.137 0.079 1    
83:   0.149 0.150 0.177 0.116 0.129 0.151 0.127 1    
84:   0.123 0.165 0.055 0.219 0.144 0.132 0.163 1    
85:   0.157 0.139 0.162 0.158 0.102 0.167 0.115 1    
86:   0.103 0.099 0.110 0.129 0.224 0.130 0.206 1    
87:   0.105 0.202 0.058 0.219 0.101 0.147 0.168 1    
88:   0.131 0.115 0.118 0.147 0.165 0.152 0.173 1    
89:   0.133 0.186 0.144 0.156 0.104 0.146 0.130 1    
90:   0.128 0.166 0.042 0.240 0.122 0.145 0.157 1    
91:   0.133 0.151 0.073 0.213 0.111 0.160 0.159 1    
92:   0.107 0.200 0.038 0.244 0.098 0.151 0.162 1    
93:   0.094 0.122 0.113 0.114 0.257 0.108 0.193 1    
94:   0.176 0.124 0.070 0.228 0.149 0.127 0.126 1    
95:   0.172 0.175 0.248 0.093 0.085 0.140 0.087 1    
96:   0.171 0.136 0.101 0.211 0.152 0.110 0.119 1    
97:   0.165 0.142 0.131 0.186 0.107 0.159 0.111 1    
98:   0.163 0.158 0.194 0.124 0.069 0.199 0.093 1    
99:   0.180 0.137 0.148 0.165 0.113 0.151 0.106 1    
100:  0.160 0.156 0.196 0.125 0.071 0.197 0.096 1    
101:  0.151 0.115 0.104 0.163 0.149 0.160 0.159 1    
102:  0.158 0.115 0.051 0.225 0.140 0.165 0.146 1    
103:  0.151 0.114 0.074 0.198 0.148 0.159 0.156 1    
104:  0.147 0.168 0.173 0.131 0.120 0.136 0.124 1    
105:  0.149 0.138 0.143 0.129 0.129 0.158 0.153 1    
106:  0.117 0.151 0.110 0.145 0.144 0.147 0.186 1    
107:  0.159 0.151 0.195 0.120 0.083 0.177 0.115 1    
108:  0.171 0.181 0.287 0.059 0.083 0.147 0.073 1    
109:  0.204 0.169 0.294 0.065 0.070 0.129 0.069 1    
110:  0.153 0.164 0.248 0.060 0.129 0.141 0.105 1    
111:  0.183 0.191 0.312 0.062 0.041 0.169 0.042 1    
112:  0.140 0.118 0.149 0.111 0.182 0.135 0.165 1    
113:  0.179 0.190 0.299 0.060 0.061 0.153 0.058 1    
114:  0.142 0.132 0.201 0.061 0.227 0.094 0.143 1    
115:  0.149 0.147 0.248 0.057 0.169 0.110 0.120 1    
116:  0.180 0.184 0.326 0.051 0.056 0.154 0.047 1    
117:  0.175 0.198 0.302 0.060 0.042 0.178 0.046 1    
118:  0.184 0.190 0.335 0.056 0.030 0.171 0.033 1    
119:  0.165 0.195 0.300 0.046 0.075 0.156 0.062 1    
120:  0.207 0.171 0.322 0.063 0.058 0.130 0.050 1    
121:  0.159 0.178 0.261 0.068 0.098 0.148 0.088 1    
122:  0.210 0.194 0.340 0.047 0.035 0.143 0.031 1    
123:  0.210 0.176 0.304 0.057 0.070 0.124 0.058 1    
124:  0.206 0.188 0.318 0.052 0.054 0.135 0.047 1    
125:  0.180 0.204 0.324 0.052 0.039 0.165 0.037 1    
126:  0.149 0.144 0.227 0.059 0.172 0.116 0.132 1    
127:  0.193 0.198 0.324 0.049 0.044 0.153 0.039 1    
128:  0.117 0.144 0.198 0.052 0.223 0.109 0.157 1    
129:  0.172 0.146 0.256 0.059 0.152 0.108 0.106 1    
130:  0.153 0.163 0.228 0.077 0.135 0.130 0.114 1    
131:  0.178 0.192 0.322 0.060 0.043 0.164 0.042 1    
132:  0.161 0.175 0.298 0.053 0.087 0.151 0.074 1    
133:  0.172 0.189 0.293 0.059 0.067 0.157 0.064 1    
134:  0.139 0.164 0.251 0.053 0.153 0.125 0.115 1    
135:  0.164 0.187 0.277 0.061 0.086 0.149 0.076 1    
136:  0.163 0.181 0.287 0.058 0.082 0.152 0.077 1    
137:  0.208 0.179 0.308 0.054 0.059 0.135 0.057 1    
138:  0.183 0.156 0.271 0.049 0.132 0.108 0.101 1    
139:  0.182 0.159 0.260 0.065 0.110 0.125 0.100 1    
140:  0.198 0.179 0.323 0.055 0.051 0.146 0.047 1    
141:  0.169 0.174 0.268 0.071 0.083 0.155 0.080 1    
142:  0.213 0.177 0.347 0.052 0.040 0.135 0.036 1    
143:  0.180 0.179 0.329 0.051 0.055 0.157 0.050 1    
144:  0.219 0.179 0.332 0.053 0.043 0.134 0.040 1    
145:  0.167 0.165 0.235 0.100 0.074 0.177 0.083 1    
146:  0.187 0.155 0.259 0.073 0.108 0.124 0.093 1    
147:  0.143 0.137 0.213 0.061 0.202 0.106 0.138 1    
148:  0.186 0.206 0.334 0.049 0.030 0.167 0.029 1    
149:  0.169 0.193 0.308 0.050 0.065 0.158 0.056 1    
                          
                          
1:    0.273 0.156 0.114 0.078 0.079 0.164 0.136 1    
2:    0.079 0.111 0.172 0.082 0.103 0.290 0.163 1    
3:    0.075 0.205 0.262 0.109 0.116 0.082 0.152 1    
4:    0.121 0.127 0.156 0.086 0.098 0.249 0.163 1    
5:    0.088 0.170 0.215 0.132 0.111 0.129 0.155 1    
6:    0.066 0.126 0.177 0.083 0.099 0.283 0.165 1    
7:    0.080 0.161 0.181 0.134 0.131 0.158 0.156 1    
8:    0.153 0.179 0.181 0.133 0.102 0.100 0.154 1    
9:    0.077 0.182 0.226 0.132 0.127 0.109 0.147 1    
10:   0.064 0.199 0.262 0.108 0.112 0.102 0.152 1    
11:   0.173 0.179 0.149 0.127 0.105 0.113 0.154 1    
12:   0.123 0.201 0.235 0.099 0.101 0.090 0.150 1    
13:   0.098 0.166 0.203 0.134 0.141 0.113 0.146 1    
14:   0.201 0.179 0.137 0.108 0.110 0.124 0.141 1    
15:   0.082 0.142 0.175 0.104 0.125 0.220 0.152 1    
16:   0.083 0.171 0.226 0.137 0.149 0.093 0.142 1    
17:   0.132 0.160 0.136 0.170 0.107 0.110 0.185 1    
18:   0.053 0.164 0.227 0.164 0.113 0.105 0.174 1    
19:   0.168 0.171 0.132 0.133 0.107 0.121 0.169 1    
20:   0.108 0.160 0.171 0.119 0.116 0.165 0.161 1    
21:   0.075 0.199 0.261 0.117 0.113 0.087 0.148 1    
22:   0.074 0.190 0.245 0.137 0.103 0.086 0.166 1    
23:   0.136 0.134 0.167 0.084 0.099 0.226 0.155 1    
24:   0.276 0.161 0.105 0.079 0.084 0.161 0.135 1    
25:   0.075 0.158 0.207 0.134 0.163 0.121 0.142 1    
26:   0.076 0.176 0.216 0.127 0.123 0.119 0.163 1    
27:   0.195 0.171 0.149 0.109 0.124 0.111 0.140 1    
28:   0.206 0.169 0.140 0.103 0.104 0.133 0.145 1    
29:   0.068 0.142 0.150 0.212 0.126 0.114 0.187 1    
30:   0.143 0.139 0.133 0.164 0.156 0.128 0.138 1    
31:   0.116 0.138 0.144 0.175 0.151 0.135 0.141 1    
32:   0.170 0.131 0.128 0.102 0.121 0.206 0.142 1    
33:   0.202 0.165 0.148 0.091 0.100 0.145 0.148 1    
34:   0.052 0.128 0.201 0.083 0.104 0.268 0.164 1    
35:   0.256 0.184 0.142 0.091 0.099 0.102 0.126 1    
36:   0.141 0.168 0.168 0.125 0.129 0.128 0.142 1    
37:   0.122 0.125 0.144 0.143 0.208 0.134 0.124 1    
38:   0.236 0.167 0.123 0.090 0.105 0.146 0.133 1    
39:   0.068 0.112 0.159 0.131 0.142 0.231 0.157 1    
40:   0.071 0.149 0.194 0.095 0.119 0.211 0.160 1    
41:   0.069 0.192 0.257 0.123 0.123 0.085 0.151 1    
42:   0.241 0.153 0.119 0.075 0.081 0.186 0.147 1    
43:   0.102 0.140 0.157 0.103 0.125 0.217 0.156 1    
44:   0.079 0.168 0.202 0.149 0.119 0.126 0.158 1    
45:   0.275 0.148 0.110 0.077 0.093 0.168 0.128 1    
46:   0.083 0.159 0.174 0.137 0.117 0.163 0.168 1    
47:   0.071 0.184 0.233 0.102 0.107 0.143 0.160 1    
48:   0.109 0.142 0.162 0.143 0.144 0.145 0.154 1    
49:   0.179 0.151 0.134 0.087 0.104 0.202 0.143 1    
50:   0.121 0.140 0.159 0.087 0.093 0.240 0.160 1    
51:   0.076 0.170 0.221 0.121 0.136 0.125 0.149 1    
52:   0.103 0.147 0.174 0.120 0.133 0.169 0.154 1    
53:   0.063 0.154 0.212 0.139 0.157 0.131 0.144 1    
54:   0.067 0.158 0.189 0.157 0.123 0.143 0.163 1    
55:   0.268 0.197 0.159 0.080 0.072 0.095 0.129 1    
56:   0.069 0.129 0.181 0.134 0.137 0.196 0.153 1    
57:   0.059 0.134 0.173 0.199 0.150 0.122 0.163 1    
58:   0.096 0.129 0.170 0.138 0.175 0.148 0.146 1    
59:   0.165 0.158 0.138 0.151 0.105 0.121 0.163 1    
60:   0.115 0.167 0.195 0.124 0.128 0.123 0.148 1    
61:   0.131 0.180 0.197 0.114 0.111 0.120 0.147 1    
62:   0.159 0.140 0.114 0.185 0.142 0.126 0.135 1    
63:   0.088 0.119 0.146 0.143 0.142 0.214 0.147 1    
64:   0.156 0.147 0.152 0.103 0.100 0.190 0.153 1    
65:   0.127 0.119 0.153 0.072 0.092 0.283 0.154 1    
66:   0.102 0.129 0.147 0.109 0.136 0.223 0.153 1    
67:   0.203 0.131 0.136 0.084 0.099 0.207 0.140 1    
68:   0.109 0.125 0.158 0.100 0.115 0.236 0.156 1    
69:   0.342 0.168 0.085 0.081 0.085 0.121 0.119 1    
70:   0.081 0.143 0.162 0.177 0.121 0.132 0.183 1    
71:   0.068 0.141 0.203 0.093 0.108 0.226 0.160 1    
72:   0.068 0.172 0.235 0.107 0.109 0.150 0.158 1    
73:   0.062 0.112 0.170 0.077 0.102 0.316 0.161 1    
74:   0.275 0.162 0.115 0.088 0.089 0.143 0.128 1    
75:   0.110 0.127 0.159 0.094 0.106 0.244 0.160 1    
76:   0.119 0.114 0.144 0.094 0.105 0.270 0.154 1    
77:   0.379 0.182 0.090 0.069 0.067 0.098 0.114 1    
78:   0.226 0.173 0.145 0.109 0.091 0.105 0.151 1    
79:   0.105 0.149 0.178 0.092 0.113 0.210 0.153 1    
80:   0.420 0.189 0.063 0.063 0.063 0.092 0.111 1    
81:   0.221 0.164 0.119 0.098 0.091 0.151 0.156 1    
82:   0.091 0.094 0.135 0.180 0.244 0.134 0.122 1    
83:   0.135 0.136 0.120 0.196 0.153 0.124 0.136 1    
84:   0.103 0.145 0.181 0.092 0.098 0.229 0.152 1    
85:   0.093 0.135 0.152 0.169 0.166 0.140 0.145 1    
86:   0.276 0.181 0.121 0.082 0.101 0.108 0.131 1    
87:   0.071 0.098 0.165 0.077 0.105 0.325 0.160 1    
88:   0.181 0.161 0.143 0.112 0.132 0.128 0.142 1    
89:   0.101 0.110 0.140 0.135 0.141 0.228 0.146 1    
90:   0.055 0.140 0.217 0.086 0.105 0.235 0.162 1    
91:   0.093 0.136 0.158 0.105 0.126 0.223 0.158 1    
92:   0.047 0.095 0.179 0.074 0.103 0.342 0.160 1    
93:   0.315 0.170 0.103 0.083 0.087 0.121 0.122 1    
94:   0.074 0.197 0.250 0.123 0.123 0.085 0.148 1    
95:   0.095 0.103 0.119 0.209 0.196 0.148 0.130 1    
96:   0.077 0.188 0.237 0.118 0.136 0.095 0.150 1    
97:   0.066 0.148 0.191 0.155 0.153 0.137 0.149 1    
98:   0.051 0.107 0.127 0.256 0.171 0.132 0.156 1    
99:   0.077 0.153 0.192 0.175 0.156 0.102 0.144 1    
100:  0.056 0.103 0.122 0.248 0.175 0.139 0.156 1    
101:  0.143 0.161 0.161 0.139 0.129 0.119 0.148 1    
102:  0.073 0.172 0.234 0.147 0.109 0.109 0.157 1    
103:  0.123 0.170 0.188 0.130 0.121 0.111 0.158 1    
104:  0.122 0.121 0.136 0.156 0.155 0.168 0.142 1    
105:  0.144 0.136 0.132 0.140 0.154 0.145 0.150 1    
106:  0.159 0.135 0.131 0.102 0.122 0.196 0.155 1    
107:  0.084 0.117 0.123 0.210 0.177 0.145 0.144 1    
108:  0.097 0.094 0.107 0.245 0.216 0.116 0.124 1    
109:  0.074 0.079 0.125 0.184 0.279 0.137 0.122 1    
110:  0.156 0.118 0.095 0.232 0.177 0.104 0.119 1    
111:  0.038 0.083 0.105 0.296 0.228 0.120 0.130 1    
112:  0.221 0.152 0.118 0.123 0.144 0.109 0.133 1    
113:  0.067 0.089 0.105 0.265 0.220 0.127 0.129 1    
114:  0.294 0.135 0.082 0.122 0.161 0.103 0.103 1    
115:  0.219 0.123 0.086 0.166 0.180 0.115 0.111 1    
116:  0.060 0.080 0.098 0.280 0.238 0.126 0.118 1    
117:  0.041 0.089 0.102 0.301 0.214 0.120 0.132 1    
118:  0.030 0.073 0.102 0.305 0.236 0.135 0.119 1    
119:  0.090 0.096 0.094 0.276 0.210 0.108 0.127 1    
120:  0.061 0.072 0.117 0.222 0.267 0.150 0.110 1    
121:  0.115 0.109 0.102 0.240 0.188 0.120 0.127 1    
122:  0.038 0.062 0.114 0.246 0.285 0.126 0.128 1    
123:  0.071 0.072 0.128 0.185 0.295 0.129 0.120 1    
124:  0.056 0.065 0.121 0.212 0.288 0.130 0.128 1    
125:  0.041 0.078 0.104 0.295 0.231 0.116 0.135 1    
126:  0.216 0.123 0.096 0.162 0.181 0.107 0.115 1    
127:  0.049 0.073 0.113 0.258 0.254 0.122 0.130 1    
128:  0.272 0.149 0.072 0.174 0.126 0.096 0.112 1    
129:  0.186 0.104 0.101 0.155 0.221 0.127 0.106 1    
130:  0.161 0.114 0.106 0.176 0.187 0.130 0.127 1    
131:  0.042 0.084 0.102 0.302 0.216 0.137 0.117 1    
132:  0.098 0.101 0.089 0.270 0.206 0.117 0.119 1    
133:  0.074 0.092 0.100 0.274 0.214 0.112 0.132 1    
134:  0.188 0.132 0.084 0.221 0.163 0.099 0.114 1    
135:  0.098 0.101 0.097 0.257 0.196 0.129 0.122 1    
136:  0.098 0.100 0.095 0.259 0.201 0.121 0.126 1    
137:  0.066 0.074 0.124 0.202 0.281 0.129 0.124 1    
138:  0.158 0.098 0.107 0.155 0.247 0.124 0.111 1    
139:  0.122 0.100 0.115 0.170 0.241 0.128 0.124 1    
140:  0.056 0.075 0.115 0.242 0.262 0.129 0.121 1    
141:  0.091 0.106 0.109 0.254 0.198 0.117 0.123 1    
142:  0.044 0.063 0.113 0.235 0.291 0.146 0.109 1    
143:  0.059 0.087 0.097 0.282 0.229 0.128 0.117 1    
144:  0.044 0.062 0.127 0.210 0.305 0.135 0.116 1    
145:  0.071 0.100 0.119 0.247 0.204 0.117 0.142 1    
146:  0.122 0.100 0.119 0.170 0.243 0.131 0.116 1    
147:  0.249 0.132 0.095 0.138 0.175 0.098 0.113 1    
148:  0.030 0.073 0.100 0.304 0.242 0.116 0.136 1    
149:  0.073 0.097 0.096 0.293 0.204 0.116 0.121 1    
