  1:   0.2493  0.1263  0.1540  0.0843  0.2860  0.1000  1
  2:   0.3528  0.1816  0.1559  0.0830  0.1000  0.1267  1
  3:   0.1450  0.1743  0.3000  0.1287  0.1010  0.1510  1
  4:   0.3229  0.1698  0.1601  0.0941  0.1351  0.1181  1
  5:   0.1826  0.1839  0.2595  0.1469  0.1076  0.1196  1
  6:   0.3297  0.1777  0.1787  0.0884  0.0970  0.1284  1
  7:   0.1951  0.1924  0.2227  0.1694  0.1030  0.1174  1
  8:   0.1573  0.1643  0.2457  0.1447  0.1707  0.1173  1
  9:   0.1589  0.1843  0.2656  0.1686  0.0970  0.1256  1
 10:   0.1763  0.1783  0.2973  0.1277  0.0867  0.1337  1
 11:   0.1702  0.1596  0.2355  0.1539  0.1832  0.0976  1
 12:   0.1674  0.1630  0.2808  0.1150  0.1457  0.1280  1
 13:   0.1490  0.1796  0.2447  0.1843  0.1180  0.1243  1
 14:   0.1764  0.1500  0.2030  0.1580  0.2113  0.1013  1
 15:   0.2597  0.1870  0.1937  0.1363  0.1017  0.1216  1
 16:   0.1269  0.1788  0.2495  0.1769  0.1083  0.1596  1
 17:   0.1510  0.1816  0.2149  0.1616  0.1776  0.1133  1
 18:   0.1554  0.1941  0.2974  0.1597  0.0780  0.1154  1
 19:   0.1729  0.1616  0.2056  0.1520  0.1966  0.1113  1
 20:   0.2064  0.1824  0.2224  0.1364  0.1264  0.1260  1
 21:   0.1530  0.1793  0.3014  0.1400  0.0970  0.1293  1
 22:   0.1512  0.1785  0.3118  0.1346  0.0979  0.1259  1
 23:   0.2985  0.1655  0.1755  0.0934  0.1491  0.1181  1
 24:   0.2274  0.1247  0.1467  0.0927  0.2890  0.1194  1
 25:   0.1463  0.1890  0.2272  0.1813  0.1003  0.1559  1
 26:   0.1665  0.1841  0.2784  0.1475  0.0932  0.1302  1
 27:   0.1584  0.1541  0.1927  0.1634  0.2077  0.1237  1
 28:   0.1987  0.1523  0.1990  0.1430  0.1953  0.1117  1
 29:   0.1351  0.2055  0.2225  0.2068  0.1061  0.1241  1
 30:   0.1313  0.1726  0.1619  0.1943  0.1569  0.1829  1
 31:   0.1436  0.1806  0.1629  0.1919  0.1360  0.1849  1
 32:   0.2477  0.1650  0.1327  0.1257  0.1783  0.1507  1
 33:   0.2180  0.1500  0.1920  0.1170  0.2123  0.1107  1
 34:   0.3277  0.1819  0.1925  0.0870  0.0813  0.1296  1
 35:   0.1598  0.1334  0.2025  0.1317  0.2689  0.1037  1
 36:   0.1713  0.1723  0.2153  0.1706  0.1473  0.1233  1
 37:   0.1196  0.1673  0.1466  0.1969  0.1596  0.2099  1
 38:   0.2038  0.1414  0.1688  0.1294  0.2452  0.1114  1
 39:   0.2557  0.1950  0.1487  0.1467  0.0917  0.1623  1
 40:   0.2638  0.1854  0.2194  0.1114  0.0927  0.1274  1
 41:   0.1427  0.1833  0.2973  0.1527  0.0937  0.1303  1
 42:   0.2711  0.1455  0.1538  0.0862  0.2341  0.1092  1
 43:   0.2683  0.1847  0.1817  0.1327  0.1150  0.1177  1
 44:   0.1677  0.1890  0.2570  0.1770  0.0990  0.1103  1
 45:   0.2432  0.1320  0.1420  0.0976  0.2629  0.1223  1
 46:   0.2115  0.1945  0.2289  0.1566  0.1039  0.1046  1
 47:   0.2022  0.1733  0.2792  0.1190  0.0980  0.1283  1
 48:   0.1703  0.1730  0.1860  0.1703  0.1287  0.1717  1
 49:   0.2617  0.1557  0.1600  0.1107  0.1844  0.1274  1
 50:   0.2991  0.1667  0.1790  0.0907  0.1437  0.1207  1
 51:   0.1674  0.1861  0.2371  0.1464  0.1017  0.1614  1
 52:   0.2015  0.1741  0.1958  0.1538  0.1204  0.1544  1
 53:   0.1510  0.1900  0.2107  0.1630  0.0967  0.1887  1
 54:   0.1751  0.1888  0.2328  0.1471  0.0931  0.1631  1
 55:   0.1803  0.1213  0.2207  0.0890  0.2787  0.1100  1
 56:   0.2208  0.1861  0.1744  0.1467  0.0984  0.1737  1
 57:   0.1344  0.2088  0.1994  0.1931  0.0901  0.1741  1
 58:   0.1651  0.1711  0.1744  0.1887  0.1200  0.1807  1
 59:   0.1653  0.1649  0.2016  0.1413  0.2039  0.1230  1
 60:   0.1689  0.1773  0.2416  0.1613  0.1316  0.1193  1
 61:   0.1797  0.1643  0.2337  0.1327  0.1467  0.1430  1
 62:   0.1334  0.1754  0.1441  0.1934  0.1627  0.1911  1
 63:   0.2314  0.1904  0.1457  0.1467  0.1070  0.1787  1
 64:   0.2443  0.1643  0.1853  0.1223  0.1649  0.1189  1
 65:   0.3534  0.1664  0.1410  0.0734  0.1494  0.1164  1
 66:   0.2624  0.1867  0.1544  0.1364  0.1177  0.1424  1
 67:   0.2707  0.1447  0.1553  0.0957  0.2050  0.1287  1
 68:   0.2865  0.1782  0.1549  0.1146  0.1236  0.1422  1
 69:   0.1819  0.1106  0.1417  0.0946  0.3472  0.1240  1
 70:   0.1690  0.2030  0.2197  0.1603  0.1137  0.1343  1
 71:   0.2839  0.1826  0.2066  0.1023  0.0926  0.1319  1
 72:   0.2177  0.1823  0.2650  0.1190  0.0893  0.1267  1
 73:   0.3643  0.1813  0.1517  0.0807  0.0963  0.1257  1
 74:   0.2051  0.1324  0.1600  0.1004  0.2724  0.1297  1
 75:   0.3099  0.1766  0.1606  0.1043  0.1230  0.1256  1
 76:   0.3253  0.1762  0.1287  0.0973  0.1353  0.1372  1
 77:   0.1783  0.0983  0.1633  0.0827  0.3794  0.0980  1
 78:   0.1713  0.1493  0.2256  0.1206  0.2339  0.0993  1
 79:   0.2692  0.1750  0.1966  0.1116  0.1216  0.1260  1
 80:   0.1671  0.0820  0.1277  0.0767  0.4475  0.0990  1
 81:   0.2210  0.1470  0.1657  0.1060  0.2483  0.1120  1
 82:   0.0886  0.1632  0.1063  0.2671  0.1356  0.2392  1
 83:   0.1317  0.1753  0.1513  0.1990  0.1507  0.1920  1
 84:   0.2809  0.1699  0.2006  0.0996  0.1209  0.1279  1
 85:   0.1374  0.1941  0.1678  0.1945  0.1161  0.1901  1
 86:   0.1619  0.1186  0.1743  0.1213  0.3202  0.1036  1
 87:   0.3825  0.1838  0.1304  0.0794  0.0967  0.1271  1
 88:   0.1589  0.1523  0.1846  0.1616  0.2036  0.1390  1
 89:   0.2535  0.1861  0.1234  0.1388  0.1201  0.1781  1
 90:   0.3051  0.1760  0.2167  0.0914  0.0840  0.1267  1
 91:   0.2784  0.1907  0.1677  0.1277  0.1067  0.1287  1
 92:   0.3922  0.1863  0.1470  0.0740  0.0780  0.1226  1
 93:   0.1885  0.1164  0.1545  0.1024  0.3192  0.1191  1
 94:   0.1390  0.1780  0.2903  0.1500  0.0973  0.1453  1
 95:   0.1247  0.1813  0.1010  0.2300  0.1257  0.2373  1
 96:   0.1424  0.1720  0.2614  0.1507  0.1087  0.1650  1
 97:   0.1532  0.1912  0.2085  0.1789  0.0949  0.1732  1
 98:   0.1114  0.2211  0.1474  0.2117  0.0907  0.2177  1
 99:   0.1150  0.1883  0.2096  0.1976  0.1066  0.1829  1
100:   0.1149  0.2145  0.1369  0.2119  0.0969  0.2249  1
101:   0.1496  0.1699  0.2126  0.1822  0.1506  0.1350  1
102:   0.1617  0.1834  0.2874  0.1437  0.0977  0.1260  1
103:   0.1527  0.1820  0.2503  0.1490  0.1380  0.1280  1
104:   0.1803  0.1716  0.1333  0.1816  0.1406  0.1926  1
105:   0.1596  0.1669  0.1620  0.1919  0.1543  0.1653  1
106:   0.2505  0.1652  0.1389  0.1369  0.1696  0.1389  1
107:   0.1259  0.2039  0.1372  0.2105  0.1129  0.2095  1
108:   0.0750  0.1740  0.0800  0.2656  0.1400  0.2653  1
109:   0.0767  0.1574  0.0820  0.2901  0.1297  0.2641  1
110:   0.0830  0.1643  0.1010  0.2413  0.1837  0.2267  1
111:   0.0643  0.1993  0.0783  0.2793  0.0920  0.2867  1
112:   0.1280  0.1436  0.1699  0.1829  0.2259  0.1496  1
113:   0.0753  0.1866  0.0740  0.2749  0.1136  0.2756  1
114:   0.1119  0.1223  0.1250  0.1613  0.2999  0.1796  1
115:   0.0987  0.1443  0.0957  0.2047  0.2403  0.2163  1
116:   0.0650  0.1911  0.0720  0.2638  0.1133  0.2948  1
117:   0.0691  0.2005  0.0751  0.2785  0.0947  0.2822  1
118:   0.0610  0.2087  0.0743  0.2690  0.0850  0.3020  1
119:   0.0637  0.1806  0.0693  0.2712  0.1440  0.2712  1
120:   0.0757  0.1785  0.0847  0.2642  0.1151  0.2819  1
121:   0.0940  0.1746  0.0913  0.2472  0.1533  0.2396  1
122:   0.0490  0.1764  0.0567  0.3213  0.1036  0.2930  1
123:   0.0677  0.1507  0.0793  0.3000  0.1330  0.2693  1
124:   0.0633  0.1617  0.0613  0.3133  0.1187  0.2817  1
125:   0.0600  0.1935  0.0623  0.2972  0.0973  0.2898  1
126:   0.0903  0.1364  0.1084  0.2204  0.2411  0.2034  1
127:   0.0553  0.1803  0.0620  0.3087  0.1083  0.2853  1
128:   0.1053  0.1383  0.1127  0.1640  0.2907  0.1890  1
129:   0.0956  0.1400  0.1073  0.2099  0.2239  0.2233  1
130:   0.1212  0.1558  0.0972  0.2284  0.1815  0.2158  1
131:   0.0757  0.2068  0.0750  0.2551  0.0927  0.2948  1
132:   0.0724  0.1827  0.0770  0.2501  0.1460  0.2717  1
133:   0.0694  0.1858  0.0787  0.2742  0.1224  0.2695  1
134:   0.0864  0.1553  0.0917  0.2170  0.2213  0.2283  1
135:   0.0929  0.1835  0.0793  0.2442  0.1379  0.2622  1
136:   0.0833  0.1823  0.0780  0.2546  0.1416  0.2602  1
137:   0.0643  0.1599  0.0730  0.3071  0.1266  0.2692  1
138:   0.0857  0.1327  0.0850  0.2470  0.2133  0.2363  1
139:   0.0870  0.1530  0.0943  0.2589  0.1663  0.2406  1
140:   0.0603  0.1814  0.0730  0.2871  0.1137  0.2844  1
141:   0.0833  0.1813  0.0970  0.2580  0.1280  0.2523  1
142:   0.0610  0.1793  0.0703  0.2873  0.1053  0.2967  1
143:   0.0637  0.1947  0.0730  0.2651  0.1141  0.2894  1
144:   0.0563  0.1660  0.0727  0.3097  0.1107  0.2846  1
145:   0.0879  0.1873  0.1186  0.2469  0.1150  0.2443  1
146:   0.0920  0.1537  0.1097  0.2413  0.1647  0.2387  1
147:   0.0961  0.1248  0.1117  0.2015  0.2682  0.1978  1
148:   0.0539  0.1978  0.0576  0.3004  0.0902  0.3000  1
149:   0.0663  0.1906  0.0706  0.2696  0.1246  0.2782  1
