1:    0.270 0.110 0.101 0.072 0.365 0.082 1    
2:    0.495 0.126 0.129 0.067 0.075 0.109 1    
3:    0.184 0.142 0.378 0.109 0.067 0.119 1    
4:    0.424 0.133 0.128 0.079 0.130 0.105 1    
5:    0.207 0.172 0.301 0.136 0.076 0.108 1    
6:    0.471 0.133 0.161 0.065 0.064 0.106 1    
7:    0.185 0.226 0.239 0.164 0.064 0.121 1    
8:    0.154 0.160 0.278 0.124 0.179 0.105 1    
9:    0.164 0.195 0.309 0.166 0.052 0.115 1    
10:   0.229 0.145 0.372 0.109 0.044 0.101 1    
11:   0.138 0.187 0.249 0.139 0.192 0.095 1    
12:   0.201 0.130 0.339 0.098 0.135 0.096 1    
13:   0.122 0.217 0.276 0.179 0.083 0.123 1    
14:   0.126 0.197 0.193 0.153 0.230 0.102 1    
15:   0.313 0.188 0.191 0.127 0.066 0.115 1    
16:   0.132 0.176 0.307 0.166 0.070 0.150 1    
17:   0.113 0.195 0.229 0.149 0.190 0.125 1    
18:   0.169 0.186 0.362 0.132 0.039 0.112 1    
19:   0.139 0.191 0.205 0.139 0.210 0.116 1    
20:   0.233 0.180 0.239 0.121 0.106 0.120 1    
21:   0.185 0.155 0.374 0.124 0.059 0.102 1    
22:   0.182 0.155 0.388 0.104 0.069 0.102 1    
23:   0.389 0.131 0.153 0.078 0.148 0.101 1    
24:   0.245 0.111 0.100 0.084 0.362 0.099 1    
25:   0.139 0.206 0.264 0.181 0.055 0.155 1    
26:   0.193 0.175 0.333 0.128 0.056 0.115 1    
27:   0.118 0.188 0.188 0.167 0.221 0.117 1    
28:   0.190 0.174 0.190 0.138 0.206 0.103 1    
29:   0.091 0.238 0.247 0.207 0.072 0.145 1    
30:   0.102 0.188 0.164 0.205 0.147 0.194 1    
31:   0.139 0.190 0.164 0.212 0.116 0.180 1    
32:   0.296 0.148 0.098 0.127 0.185 0.146 1    
33:   0.235 0.152 0.175 0.108 0.233 0.098 1    
34:   0.470 0.129 0.190 0.066 0.041 0.105 1    
35:   0.110 0.161 0.188 0.126 0.323 0.091 1    
36:   0.145 0.204 0.228 0.171 0.130 0.122 1    
37:   0.091 0.178 0.163 0.188 0.145 0.235 1    
38:   0.187 0.155 0.135 0.125 0.290 0.107 1    
39:   0.319 0.175 0.136 0.146 0.056 0.168 1    
40:   0.353 0.155 0.235 0.094 0.054 0.109 1    
41:   0.165 0.172 0.366 0.143 0.049 0.105 1    
42:   0.314 0.118 0.114 0.076 0.285 0.094 1    
43:   0.310 0.187 0.170 0.127 0.090 0.116 1    
44:   0.159 0.213 0.292 0.169 0.055 0.112 1    
45:   0.265 0.116 0.096 0.087 0.330 0.107 1    
46:   0.213 0.216 0.245 0.147 0.070 0.109 1    
47:   0.270 0.147 0.332 0.092 0.062 0.098 1    
48:   0.199 0.171 0.199 0.167 0.107 0.158 1    
49:   0.311 0.143 0.132 0.099 0.200 0.115 1    
50:   0.400 0.131 0.161 0.068 0.139 0.101 1    
51:   0.198 0.165 0.282 0.141 0.063 0.151 1    
52:   0.241 0.171 0.206 0.142 0.091 0.148 1    
53:   0.177 0.168 0.256 0.160 0.051 0.188 1    
54:   0.219 0.161 0.273 0.141 0.058 0.148 1    
55:   0.180 0.101 0.221 0.073 0.347 0.078 1    
56:   0.291 0.154 0.186 0.146 0.059 0.163 1    
57:   0.127 0.200 0.234 0.202 0.052 0.185 1    
58:   0.179 0.180 0.191 0.177 0.090 0.182 1    
59:   0.153 0.158 0.208 0.126 0.229 0.126 1    
60:   0.157 0.199 0.268 0.157 0.108 0.111 1    
61:   0.209 0.144 0.267 0.125 0.135 0.120 1    
62:   0.110 0.176 0.138 0.220 0.161 0.195 1    
63:   0.293 0.160 0.137 0.155 0.078 0.176 1    
64:   0.285 0.158 0.170 0.110 0.169 0.108 1    
65:   0.479 0.114 0.099 0.057 0.152 0.099 1    
66:   0.308 0.182 0.138 0.129 0.094 0.148 1    
67:   0.336 0.115 0.121 0.081 0.237 0.110 1    
68:   0.371 0.150 0.133 0.108 0.106 0.132 1    
69:   0.155 0.105 0.092 0.089 0.454 0.106 1    
70:   0.164 0.198 0.249 0.147 0.095 0.147 1    
71:   0.393 0.136 0.215 0.086 0.058 0.112 1    
72:   0.289 0.148 0.314 0.098 0.049 0.102 1    
73:   0.517 0.129 0.121 0.061 0.064 0.108 1    
74:   0.216 0.116 0.122 0.096 0.338 0.112 1    
75:   0.409 0.141 0.138 0.091 0.104 0.117 1    
76:   0.435 0.128 0.087 0.096 0.129 0.125 1    
77:   0.135 0.095 0.110 0.076 0.506 0.077 1    
78:   0.147 0.153 0.226 0.103 0.285 0.087 1    
79:   0.350 0.150 0.192 0.098 0.100 0.111 1    
80:   0.097 0.079 0.055 0.078 0.613 0.078 1    
81:   0.222 0.147 0.134 0.095 0.301 0.101 1    
82:   0.062 0.203 0.113 0.262 0.103 0.258 1    
83:   0.115 0.177 0.149 0.220 0.145 0.194 1    
84:   0.385 0.129 0.200 0.081 0.102 0.103 1    
85:   0.120 0.202 0.182 0.207 0.087 0.201 1    
86:   0.103 0.146 0.145 0.114 0.398 0.094 1    
87:   0.537 0.124 0.088 0.068 0.069 0.114 1    
88:   0.124 0.181 0.182 0.152 0.220 0.141 1    
89:   0.322 0.150 0.099 0.150 0.098 0.180 1    
90:   0.434 0.131 0.222 0.066 0.047 0.099 1    
91:   0.334 0.182 0.156 0.122 0.078 0.128 1    
92:   0.564 0.123 0.112 0.055 0.039 0.105 1    
93:   0.167 0.115 0.112 0.098 0.409 0.099 1    
94:   0.163 0.163 0.361 0.137 0.057 0.119 1    
95:   0.126 0.186 0.099 0.245 0.098 0.246 1    
96:   0.174 0.153 0.323 0.138 0.072 0.139 1    
97:   0.162 0.187 0.243 0.177 0.054 0.177 1    
98:   0.093 0.194 0.167 0.245 0.052 0.249 1    
99:   0.105 0.187 0.249 0.207 0.068 0.185 1    
100:  0.098 0.190 0.153 0.238 0.062 0.259 1    
101:  0.121 0.190 0.227 0.181 0.142 0.139 1    
102:  0.189 0.164 0.349 0.119 0.066 0.112 1    
103:  0.150 0.180 0.288 0.137 0.123 0.122 1    
104:  0.209 0.167 0.124 0.190 0.124 0.187 1    
105:  0.138 0.191 0.159 0.187 0.143 0.183 1    
106:  0.279 0.163 0.110 0.132 0.176 0.141 1    
107:  0.098 0.203 0.142 0.235 0.083 0.239 1    
108:  0.045 0.191 0.073 0.294 0.119 0.279 1    
109:  0.047 0.203 0.086 0.276 0.092 0.295 1    
110:  0.041 0.178 0.086 0.270 0.193 0.232 1    
111:  0.050 0.199 0.081 0.328 0.046 0.297 1    
112:  0.071 0.179 0.162 0.177 0.252 0.160 1    
113:  0.056 0.196 0.070 0.317 0.078 0.283 1    
114:  0.049 0.136 0.096 0.151 0.378 0.190 1    
115:  0.056 0.153 0.072 0.211 0.280 0.228 1    
116:  0.042 0.180 0.073 0.302 0.080 0.322 1    
117:  0.050 0.195 0.074 0.341 0.054 0.286 1    
118:  0.043 0.191 0.082 0.315 0.035 0.334 1    
119:  0.034 0.188 0.057 0.327 0.129 0.266 1    
120:  0.056 0.191 0.096 0.260 0.077 0.319 1    
121:  0.068 0.188 0.077 0.284 0.142 0.241 1    
122:  0.023 0.220 0.059 0.336 0.053 0.309 1    
123:  0.043 0.199 0.088 0.277 0.098 0.295 1    
124:  0.037 0.213 0.062 0.311 0.076 0.301 1    
125:  0.042 0.209 0.056 0.351 0.053 0.289 1    
126:  0.035 0.160 0.090 0.217 0.283 0.214 1    
127:  0.030 0.213 0.059 0.339 0.065 0.294 1    
128:  0.044 0.130 0.076 0.196 0.368 0.186 1    
129:  0.051 0.155 0.096 0.194 0.256 0.248 1    
130:  0.100 0.177 0.082 0.234 0.187 0.221 1    
131:  0.067 0.183 0.077 0.307 0.050 0.316 1    
132:  0.046 0.170 0.070 0.290 0.136 0.288 1    
133:  0.045 0.198 0.072 0.320 0.092 0.272 1    
134:  0.047 0.157 0.070 0.251 0.254 0.222 1    
135:  0.077 0.176 0.069 0.290 0.119 0.269 1    
136:  0.060 0.184 0.068 0.295 0.126 0.267 1    
137:  0.031 0.211 0.077 0.298 0.088 0.295 1    
138:  0.041 0.169 0.073 0.226 0.233 0.258 1    
139:  0.050 0.192 0.092 0.245 0.156 0.265 1    
140:  0.035 0.204 0.078 0.300 0.071 0.311 1    
141:  0.057 0.189 0.095 0.291 0.105 0.264 1    
142:  0.037 0.197 0.083 0.285 0.057 0.341 1    
143:  0.042 0.185 0.072 0.302 0.082 0.317 1    
144:  0.027 0.213 0.085 0.292 0.062 0.322 1    
145:  0.069 0.191 0.131 0.264 0.085 0.260 1    
146:  0.062 0.178 0.115 0.223 0.155 0.267 1    
147:  0.045 0.148 0.090 0.186 0.327 0.203 1    
148:  0.037 0.209 0.055 0.360 0.040 0.300 1    
149:  0.042 0.189 0.062 0.324 0.099 0.284 1    
                       
                       
1:    0.106 0.148 0.123 0.130 0.222 0.271 1    
2:    0.122 0.230 0.210 0.124 0.178 0.135 1    
3:    0.114 0.132 0.178 0.276 0.167 0.134 1    
4:    0.124 0.208 0.183 0.140 0.185 0.160 1    
5:    0.128 0.156 0.148 0.270 0.162 0.137 1    
6:    0.127 0.213 0.211 0.136 0.174 0.138 1    
7:    0.149 0.154 0.138 0.254 0.164 0.141 1    
8:    0.136 0.137 0.128 0.241 0.179 0.179 1    
9:    0.127 0.141 0.148 0.300 0.154 0.130 1    
10:   0.105 0.147 0.177 0.281 0.161 0.129 1    
11:   0.133 0.128 0.100 0.262 0.181 0.197 1    
12:   0.100 0.134 0.160 0.254 0.176 0.176 1    
13:   0.147 0.130 0.135 0.279 0.162 0.146 1    
14:   0.136 0.124 0.097 0.233 0.184 0.226 1    
15:   0.136 0.185 0.171 0.202 0.168 0.139 1    
16:   0.152 0.140 0.169 0.257 0.155 0.126 1    
17:   0.166 0.151 0.110 0.224 0.176 0.173 1    
18:   0.155 0.149 0.134 0.297 0.160 0.105 1    
19:   0.145 0.136 0.117 0.220 0.183 0.200 1    
20:   0.144 0.160 0.155 0.214 0.174 0.154 1    
21:   0.110 0.139 0.162 0.297 0.160 0.133 1    
22:   0.130 0.134 0.152 0.288 0.169 0.128 1    
23:   0.115 0.192 0.180 0.155 0.186 0.171 1    
24:   0.114 0.144 0.134 0.112 0.219 0.276 1    
25:   0.160 0.141 0.160 0.252 0.157 0.131 1    
26:   0.142 0.143 0.158 0.266 0.162 0.130 1    
27:   0.139 0.128 0.121 0.212 0.181 0.219 1    
28:   0.130 0.141 0.121 0.217 0.179 0.212 1    
29:   0.187 0.168 0.119 0.263 0.148 0.114 1    
30:   0.181 0.166 0.154 0.182 0.157 0.161 1    
31:   0.168 0.180 0.180 0.181 0.148 0.144 1    
32:   0.150 0.187 0.171 0.122 0.178 0.192 1    
33:   0.116 0.142 0.129 0.195 0.190 0.228 1    
34:   0.117 0.216 0.216 0.157 0.170 0.124 1    
35:   0.116 0.105 0.098 0.206 0.207 0.267 1    
36:   0.143 0.140 0.128 0.250 0.167 0.172 1    
37:   0.214 0.144 0.178 0.153 0.162 0.150 1    
38:   0.130 0.137 0.111 0.175 0.197 0.250 1    
39:   0.167 0.215 0.197 0.148 0.159 0.114 1    
40:   0.125 0.183 0.190 0.194 0.169 0.139 1    
41:   0.114 0.134 0.161 0.305 0.155 0.131 1    
42:   0.110 0.172 0.144 0.131 0.212 0.232 1    
43:   0.136 0.186 0.161 0.199 0.169 0.148 1    
44:   0.137 0.147 0.132 0.300 0.152 0.132 1    
45:   0.122 0.155 0.140 0.116 0.216 0.251 1    
46:   0.143 0.163 0.137 0.255 0.165 0.138 1    
47:   0.115 0.151 0.180 0.253 0.163 0.138 1    
48:   0.164 0.173 0.195 0.176 0.153 0.138 1    
49:   0.130 0.174 0.159 0.143 0.197 0.196 1    
50:   0.126 0.192 0.185 0.139 0.187 0.170 1    
51:   0.138 0.155 0.175 0.237 0.162 0.133 1    
52:   0.160 0.170 0.177 0.187 0.163 0.143 1    
53:   0.163 0.162 0.188 0.211 0.158 0.117 1    
54:   0.155 0.178 0.179 0.211 0.157 0.119 1    
55:   0.088 0.115 0.122 0.184 0.224 0.267 1    
56:   0.157 0.204 0.205 0.159 0.156 0.120 1    
57:   0.192 0.184 0.159 0.212 0.150 0.103 1    
58:   0.184 0.165 0.198 0.174 0.154 0.125 1    
59:   0.155 0.152 0.115 0.194 0.186 0.199 1    
60:   0.133 0.135 0.135 0.262 0.169 0.167 1    
61:   0.124 0.150 0.163 0.219 0.177 0.166 1    
62:   0.181 0.187 0.161 0.159 0.151 0.160 1    
63:   0.162 0.215 0.197 0.138 0.159 0.129 1    
64:   0.133 0.170 0.155 0.174 0.189 0.180 1    
65:   0.114 0.219 0.196 0.107 0.192 0.171 1    
66:   0.157 0.195 0.175 0.157 0.170 0.145 1    
67:   0.122 0.174 0.167 0.123 0.205 0.209 1    
68:   0.139 0.208 0.192 0.139 0.177 0.146 1    
69:   0.108 0.123 0.113 0.110 0.230 0.317 1    
70:   0.177 0.169 0.135 0.221 0.171 0.127 1    
71:   0.119 0.203 0.199 0.181 0.168 0.131 1    
72:   0.113 0.168 0.178 0.247 0.161 0.133 1    
73:   0.125 0.231 0.217 0.113 0.177 0.137 1    
74:   0.114 0.142 0.133 0.137 0.211 0.262 1    
75:   0.133 0.208 0.184 0.146 0.177 0.152 1    
76:   0.131 0.229 0.198 0.107 0.183 0.154 1    
77:   0.087 0.103 0.085 0.135 0.245 0.346 1    
78:   0.122 0.127 0.109 0.212 0.204 0.226 1    
79:   0.125 0.182 0.175 0.187 0.175 0.156 1    
80:   0.085 0.095 0.069 0.094 0.263 0.393 1    
81:   0.121 0.150 0.135 0.149 0.205 0.240 1    
82:   0.248 0.168 0.237 0.124 0.119 0.104 1    
83:   0.176 0.191 0.178 0.168 0.143 0.144 1    
84:   0.123 0.196 0.194 0.164 0.172 0.152 1    
85:   0.192 0.173 0.166 0.187 0.151 0.130 1    
86:   0.117 0.096 0.089 0.168 0.218 0.313 1    
87:   0.124 0.245 0.218 0.105 0.177 0.130 1    
88:   0.158 0.126 0.132 0.190 0.183 0.212 1    
89:   0.164 0.221 0.195 0.120 0.162 0.137 1    
90:   0.112 0.199 0.206 0.186 0.170 0.127 1    
91:   0.144 0.202 0.174 0.172 0.169 0.139 1    
92:   0.121 0.246 0.227 0.112 0.174 0.121 1    
93:   0.111 0.124 0.115 0.129 0.225 0.295 1    
94:   0.125 0.134 0.168 0.284 0.159 0.130 1    
95:   0.215 0.210 0.234 0.113 0.124 0.104 1    
96:   0.134 0.141 0.188 0.243 0.160 0.134 1    
97:   0.177 0.165 0.173 0.217 0.156 0.113 1    
98:   0.228 0.219 0.160 0.164 0.137 0.091 1    
99:   0.174 0.164 0.171 0.229 0.147 0.115 1    
100:  0.236 0.213 0.166 0.152 0.138 0.096 1    
101:  0.160 0.142 0.134 0.237 0.164 0.162 1    
102:  0.137 0.148 0.148 0.280 0.165 0.122 1    
103:  0.142 0.139 0.137 0.248 0.172 0.162 1    
104:  0.177 0.195 0.209 0.134 0.149 0.136 1    
105:  0.191 0.157 0.153 0.181 0.158 0.159 1    
106:  0.154 0.183 0.164 0.137 0.183 0.179 1    
107:  0.222 0.197 0.158 0.165 0.140 0.119 1    
108:  0.231 0.208 0.247 0.102 0.115 0.096 1    
109:  0.279 0.167 0.258 0.099 0.111 0.085 1    
110:  0.205 0.194 0.209 0.120 0.132 0.140 1    
111:  0.238 0.241 0.261 0.109 0.089 0.062 1    
112:  0.173 0.124 0.126 0.186 0.176 0.215 1    
113:  0.234 0.227 0.260 0.100 0.103 0.077 1    
114:  0.185 0.119 0.127 0.109 0.204 0.257 1    
115:  0.203 0.164 0.186 0.094 0.159 0.194 1    
116:  0.247 0.225 0.251 0.097 0.103 0.076 1    
117:  0.229 0.249 0.257 0.105 0.095 0.064 1    
118:  0.257 0.242 0.245 0.105 0.093 0.058 1    
119:  0.218 0.232 0.255 0.092 0.107 0.096 1    
120:  0.270 0.188 0.251 0.101 0.109 0.080 1    
121:  0.206 0.213 0.227 0.112 0.124 0.118 1    
122:  0.281 0.208 0.293 0.082 0.087 0.048 1    
123:  0.283 0.167 0.278 0.089 0.107 0.076 1    
124:  0.281 0.187 0.292 0.080 0.099 0.061 1    
125:  0.237 0.247 0.280 0.093 0.088 0.056 1    
126:  0.212 0.149 0.184 0.110 0.157 0.188 1    
127:  0.258 0.219 0.285 0.087 0.094 0.057 1    
128:  0.155 0.166 0.137 0.106 0.191 0.246 1    
129:  0.231 0.142 0.187 0.102 0.164 0.174 1    
130:  0.210 0.182 0.223 0.103 0.142 0.142 1    
131:  0.231 0.251 0.250 0.102 0.096 0.069 1    
132:  0.223 0.225 0.238 0.097 0.112 0.104 1    
133:  0.226 0.229 0.252 0.107 0.101 0.084 1    
134:  0.183 0.197 0.210 0.093 0.142 0.174 1    
135:  0.215 0.229 0.239 0.099 0.116 0.104 1    
136:  0.216 0.226 0.241 0.100 0.113 0.104 1    
137:  0.279 0.177 0.273 0.093 0.107 0.072 1    
138:  0.247 0.149 0.223 0.084 0.146 0.151 1    
139:  0.254 0.159 0.228 0.104 0.131 0.124 1    
140:  0.270 0.201 0.262 0.098 0.098 0.071 1    
141:  0.224 0.212 0.231 0.120 0.115 0.098 1    
142:  0.290 0.190 0.266 0.092 0.100 0.062 1    
143:  0.240 0.230 0.252 0.101 0.099 0.078 1    
144:  0.298 0.176 0.277 0.093 0.098 0.058 1    
145:  0.234 0.203 0.222 0.136 0.117 0.090 1    
146:  0.248 0.154 0.221 0.116 0.134 0.127 1    
147:  0.202 0.135 0.184 0.100 0.170 0.208 1    
148:  0.247 0.250 0.284 0.090 0.081 0.049 1    
149:  0.218 0.243 0.254 0.096 0.101 0.088 1    
                       
                       
1:    0.121 0.222 0.095 0.256 0.231 0.075 1    
2:    0.189 0.090 0.061 0.386 0.215 0.060 1    
3:    0.249 0.102 0.156 0.084 0.246 0.163 1    
4:    0.168 0.115 0.066 0.359 0.212 0.079 1    
5:    0.224 0.110 0.103 0.179 0.208 0.177 1    
6:    0.187 0.089 0.068 0.344 0.239 0.073 1    
7:    0.197 0.104 0.093 0.236 0.175 0.195 1    
8:    0.196 0.154 0.119 0.139 0.218 0.174 1    
9:    0.217 0.109 0.114 0.159 0.188 0.213 1    
10:   0.243 0.087 0.123 0.139 0.239 0.169 1    
11:   0.164 0.161 0.098 0.192 0.196 0.190 1    
12:   0.225 0.126 0.128 0.125 0.249 0.147 1    
13:   0.192 0.125 0.115 0.163 0.179 0.227 1    
14:   0.129 0.178 0.105 0.219 0.183 0.185 1    
15:   0.188 0.100 0.079 0.298 0.188 0.146 1    
16:   0.221 0.129 0.160 0.094 0.185 0.213 1    
17:   0.199 0.170 0.105 0.164 0.192 0.170 1    
18:   0.247 0.090 0.100 0.137 0.233 0.192 1    
19:   0.158 0.180 0.101 0.197 0.192 0.172 1    
20:   0.207 0.119 0.103 0.212 0.214 0.144 1    
21:   0.244 0.099 0.124 0.114 0.233 0.186 1    
22:   0.247 0.097 0.124 0.103 0.260 0.170 1    
23:   0.173 0.128 0.073 0.320 0.218 0.087 1    
24:   0.119 0.229 0.125 0.218 0.228 0.080 1    
25:   0.220 0.115 0.153 0.143 0.166 0.203 1    
26:   0.235 0.094 0.118 0.145 0.237 0.173 1    
27:   0.146 0.183 0.133 0.176 0.178 0.184 1    
28:   0.142 0.168 0.111 0.227 0.190 0.161 1    
29:   0.210 0.132 0.108 0.166 0.157 0.226 1    
30:   0.164 0.163 0.201 0.135 0.140 0.197 1    
31:   0.172 0.148 0.195 0.144 0.144 0.196 1    
32:   0.160 0.158 0.135 0.269 0.178 0.100 1    
33:   0.156 0.176 0.105 0.229 0.206 0.127 1    
34:   0.201 0.079 0.068 0.344 0.231 0.078 1    
35:   0.134 0.216 0.122 0.162 0.213 0.153 1    
36:   0.173 0.140 0.120 0.202 0.168 0.198 1    
37:   0.180 0.184 0.217 0.106 0.124 0.189 1    
38:   0.132 0.195 0.116 0.227 0.196 0.133 1    
39:   0.195 0.105 0.122 0.289 0.162 0.127 1    
40:   0.218 0.085 0.083 0.269 0.229 0.115 1    
41:   0.244 0.101 0.125 0.108 0.221 0.201 1    
42:   0.147 0.186 0.090 0.288 0.217 0.073 1    
43:   0.181 0.107 0.076 0.326 0.176 0.135 1    
44:   0.207 0.110 0.087 0.192 0.179 0.225 1    
45:   0.125 0.208 0.120 0.249 0.214 0.084 1    
46:   0.205 0.104 0.068 0.257 0.187 0.180 1    
47:   0.222 0.094 0.107 0.174 0.253 0.150 1    
48:   0.175 0.141 0.162 0.159 0.183 0.180 1    
49:   0.150 0.157 0.108 0.277 0.205 0.103 1    
50:   0.177 0.122 0.076 0.310 0.237 0.078 1    
51:   0.238 0.109 0.158 0.142 0.192 0.160 1    
52:   0.181 0.127 0.138 0.200 0.194 0.159 1    
53:   0.240 0.122 0.190 0.118 0.165 0.166 1    
54:   0.227 0.102 0.162 0.149 0.214 0.145 1    
55:   0.148 0.222 0.130 0.137 0.257 0.106 1    
56:   0.200 0.116 0.153 0.215 0.178 0.137 1    
57:   0.242 0.115 0.178 0.126 0.152 0.185 1    
58:   0.168 0.145 0.162 0.162 0.158 0.205 1    
59:   0.185 0.184 0.128 0.157 0.203 0.143 1    
60:   0.198 0.120 0.112 0.181 0.195 0.194 1    
61:   0.199 0.139 0.146 0.153 0.215 0.149 1    
62:   0.163 0.167 0.217 0.139 0.135 0.179 1    
63:   0.196 0.114 0.163 0.242 0.162 0.123 1    
64:   0.165 0.146 0.094 0.259 0.212 0.124 1    
65:   0.166 0.125 0.054 0.389 0.217 0.049 1    
66:   0.183 0.114 0.104 0.309 0.168 0.123 1    
67:   0.145 0.169 0.109 0.271 0.222 0.084 1    
68:   0.177 0.119 0.103 0.312 0.193 0.097 1    
69:   0.104 0.271 0.153 0.161 0.223 0.087 1    
70:   0.242 0.119 0.121 0.172 0.189 0.157 1    
71:   0.209 0.089 0.085 0.291 0.224 0.102 1    
72:   0.231 0.086 0.100 0.203 0.234 0.146 1    
73:   0.184 0.088 0.052 0.399 0.221 0.056 1    
74:   0.139 0.217 0.144 0.188 0.221 0.091 1    
75:   0.181 0.113 0.076 0.344 0.198 0.089 1    
76:   0.172 0.123 0.089 0.358 0.192 0.065 1    
77:   0.097 0.286 0.132 0.155 0.245 0.085 1    
78:   0.168 0.191 0.102 0.163 0.239 0.137 1    
79:   0.193 0.109 0.092 0.283 0.211 0.112 1    
80:   0.072 0.336 0.150 0.141 0.234 0.067 1    
81:   0.144 0.204 0.100 0.236 0.214 0.102 1    
82:   0.119 0.200 0.223 0.085 0.082 0.292 1    
83:   0.158 0.163 0.204 0.137 0.137 0.201 1    
84:   0.185 0.109 0.087 0.286 0.238 0.095 1    
85:   0.207 0.131 0.203 0.141 0.134 0.184 1    
86:   0.114 0.250 0.128 0.165 0.210 0.133 1    
87:   0.182 0.091 0.049 0.433 0.198 0.046 1    
88:   0.150 0.179 0.144 0.170 0.182 0.175 1    
89:   0.187 0.125 0.159 0.276 0.151 0.102 1    
90:   0.198 0.078 0.075 0.311 0.242 0.096 1    
91:   0.188 0.103 0.084 0.332 0.175 0.117 1    
92:   0.190 0.074 0.036 0.438 0.217 0.046 1    
93:   0.110 0.253 0.143 0.173 0.222 0.098 1    
94:   0.237 0.105 0.149 0.095 0.226 0.188 1    
95:   0.148 0.175 0.232 0.124 0.091 0.230 1    
96:   0.222 0.120 0.168 0.093 0.218 0.180 1    
97:   0.222 0.118 0.170 0.142 0.166 0.183 1    
98:   0.250 0.129 0.244 0.104 0.111 0.162 1    
99:   0.214 0.137 0.193 0.093 0.151 0.212 1    
100:  0.241 0.133 0.250 0.109 0.106 0.162 1    
101:  0.178 0.148 0.132 0.164 0.174 0.206 1    
102:  0.238 0.105 0.118 0.131 0.233 0.175 1    
103:  0.227 0.129 0.125 0.136 0.215 0.168 1    
104:  0.153 0.162 0.182 0.183 0.142 0.178 1    
105:  0.153 0.161 0.160 0.183 0.146 0.198 1    
106:  0.150 0.154 0.112 0.290 0.170 0.125 1    
107:  0.212 0.137 0.232 0.140 0.105 0.175 1    
108:  0.123 0.205 0.270 0.065 0.065 0.272 1    
109:  0.102 0.212 0.239 0.072 0.061 0.315 1    
110:  0.121 0.218 0.239 0.076 0.097 0.249 1    
111:  0.158 0.168 0.302 0.054 0.045 0.272 1    
112:  0.128 0.211 0.163 0.137 0.162 0.199 1    
113:  0.137 0.186 0.284 0.067 0.052 0.274 1    
114:  0.112 0.265 0.222 0.083 0.170 0.148 1    
115:  0.116 0.247 0.235 0.081 0.121 0.200 1    
116:  0.168 0.184 0.311 0.050 0.046 0.242 1    
117:  0.157 0.166 0.303 0.062 0.046 0.265 1    
118:  0.193 0.162 0.327 0.047 0.036 0.235 1    
119:  0.122 0.207 0.293 0.050 0.059 0.269 1    
120:  0.156 0.188 0.275 0.062 0.057 0.262 1    
121:  0.123 0.200 0.251 0.090 0.085 0.252 1    
122:  0.101 0.210 0.277 0.037 0.029 0.347 1    
123:  0.086 0.225 0.235 0.053 0.061 0.340 1    
124:  0.085 0.219 0.252 0.054 0.042 0.348 1    
125:  0.125 0.183 0.301 0.050 0.038 0.304 1    
126:  0.100 0.252 0.212 0.079 0.125 0.232 1    
127:  0.109 0.203 0.277 0.042 0.040 0.329 1    
128:  0.119 0.258 0.244 0.081 0.156 0.141 1    
129:  0.123 0.242 0.235 0.072 0.124 0.205 1    
130:  0.109 0.216 0.204 0.122 0.107 0.242 1    
131:  0.186 0.159 0.318 0.064 0.046 0.227 1    
132:  0.153 0.198 0.289 0.059 0.064 0.237 1    
133:  0.130 0.191 0.284 0.062 0.057 0.276 1    
134:  0.112 0.236 0.253 0.070 0.112 0.217 1    
135:  0.146 0.191 0.279 0.086 0.070 0.228 1    
136:  0.137 0.195 0.273 0.077 0.066 0.253 1    
137:  0.092 0.220 0.240 0.055 0.049 0.345 1    
138:  0.080 0.256 0.228 0.070 0.098 0.268 1    
139:  0.108 0.219 0.229 0.080 0.087 0.278 1    
140:  0.139 0.199 0.280 0.048 0.043 0.291 1    
141:  0.143 0.181 0.262 0.078 0.076 0.259 1    
142:  0.151 0.197 0.283 0.046 0.036 0.287 1    
143:  0.169 0.182 0.299 0.050 0.046 0.253 1    
144:  0.109 0.212 0.255 0.044 0.040 0.339 1    
145:  0.168 0.170 0.251 0.078 0.089 0.243 1    
146:  0.129 0.212 0.228 0.080 0.098 0.253 1    
147:  0.091 0.269 0.206 0.073 0.145 0.216 1    
148:  0.135 0.182 0.317 0.044 0.028 0.295 1    
149:  0.140 0.187 0.297 0.056 0.054 0.267 1    
