  1:   0.2700  0.1100  0.1010  0.0720  0.3650  0.0820  1
  2:   0.4945  0.1259  0.1289  0.0669  0.0749  0.1089  1
  3:   0.1842  0.1421  0.3784  0.1091  0.0671  0.1191  1
  4:   0.4244  0.1331  0.1281  0.0791  0.1301  0.1051  1
  5:   0.2070  0.1720  0.3010  0.1360  0.0760  0.1080  1
  6:   0.4710  0.1330  0.1610  0.0650  0.0640  0.1060  1
  7:   0.1852  0.2262  0.2392  0.1642  0.0641  0.1211  1
  8:   0.1540  0.1600  0.2780  0.1240  0.1790  0.1050  1
  9:   0.1638  0.1948  0.3087  0.1658  0.0519  0.1149  1
 10:   0.2290  0.1450  0.3720  0.1090  0.0440  0.1010  1
 11:   0.1380  0.1870  0.2490  0.1390  0.1920  0.0950  1
 12:   0.2012  0.1301  0.3393  0.0981  0.1351  0.0961  1
 13:   0.1220  0.2170  0.2760  0.1790  0.0830  0.1230  1
 14:   0.1259  0.1968  0.1928  0.1528  0.2298  0.1019  1
 15:   0.3130  0.1880  0.1910  0.1270  0.0660  0.1150  1
 16:   0.1319  0.1758  0.3067  0.1658  0.0699  0.1499  1
 17:   0.1129  0.1948  0.2288  0.1489  0.1898  0.1249  1
 18:   0.1690  0.1860  0.3620  0.1320  0.0390  0.1120  1
 19:   0.1390  0.1910  0.2050  0.1390  0.2100  0.1160  1
 20:   0.2332  0.1802  0.2392  0.1211  0.1061  0.1201  1
 21:   0.1852  0.1552  0.3744  0.1241  0.0591  0.1021  1
 22:   0.1820  0.1550  0.3880  0.1040  0.0690  0.1020  1
 23:   0.3890  0.1310  0.1530  0.0780  0.1480  0.1010  1
 24:   0.2448  0.1109  0.0999  0.0839  0.3616  0.0989  1
 25:   0.1390  0.2060  0.2640  0.1810  0.0550  0.1550  1
 26:   0.1930  0.1750  0.3330  0.1280  0.0560  0.1150  1
 27:   0.1181  0.1882  0.1882  0.1672  0.2212  0.1171  1
 28:   0.1898  0.1738  0.1898  0.1379  0.2058  0.1029  1
 29:   0.0910  0.2380  0.2470  0.2070  0.0720  0.1450  1
 30:   0.1020  0.1880  0.1640  0.2050  0.1470  0.1940  1
 31:   0.1389  0.1898  0.1638  0.2118  0.1159  0.1798  1
 32:   0.2960  0.1480  0.0980  0.1270  0.1850  0.1460  1
 33:   0.2348  0.1518  0.1748  0.1079  0.2328  0.0979  1
 34:   0.4695  0.1289  0.1898  0.0659  0.0410  0.1049  1
 35:   0.1101  0.1612  0.1882  0.1261  0.3233  0.0911  1
 36:   0.1450  0.2040  0.2280  0.1710  0.1300  0.1220  1
 37:   0.0910  0.1780  0.1630  0.1880  0.1450  0.2350  1
 38:   0.1872  0.1552  0.1351  0.1251  0.2903  0.1071  1
 39:   0.3190  0.1750  0.1360  0.1460  0.0560  0.1680  1
 40:   0.3530  0.1550  0.2350  0.0940  0.0540  0.1090  1
 41:   0.1650  0.1720  0.3660  0.1430  0.0490  0.1050  1
 42:   0.3137  0.1179  0.1139  0.0759  0.2847  0.0939  1
 43:   0.3100  0.1870  0.1700  0.1270  0.0900  0.1160  1
 44:   0.1590  0.2130  0.2920  0.1690  0.0550  0.1120  1
 45:   0.2647  0.1159  0.0959  0.0869  0.3297  0.1069  1
 46:   0.2130  0.2160  0.2450  0.1470  0.0700  0.1090  1
 47:   0.2697  0.1469  0.3317  0.0919  0.0619  0.0979  1
 48:   0.1988  0.1708  0.1988  0.1668  0.1069  0.1578  1
 49:   0.3110  0.1430  0.1320  0.0990  0.2000  0.1150  1
 50:   0.4000  0.1310  0.1610  0.0680  0.1390  0.1010  1
 51:   0.1980  0.1650  0.2820  0.1410  0.0630  0.1510  1
 52:   0.2412  0.1712  0.2062  0.1421  0.0911  0.1481  1
 53:   0.1770  0.1680  0.2560  0.1600  0.0510  0.1880  1
 54:   0.2190  0.1610  0.2730  0.1410  0.0580  0.1480  1
 55:   0.1800  0.1010  0.2210  0.0730  0.3470  0.0780  1
 56:   0.2913  0.1542  0.1862  0.1461  0.0591  0.1632  1
 57:   0.1270  0.2000  0.2340  0.2020  0.0520  0.1850  1
 58:   0.1792  0.1802  0.1912  0.1772  0.0901  0.1822  1
 59:   0.1530  0.1580  0.2080  0.1260  0.2290  0.1260  1
 60:   0.1570  0.1990  0.2680  0.1570  0.1080  0.1110  1
 61:   0.2090  0.1440  0.2670  0.1250  0.1350  0.1200  1
 62:   0.1100  0.1760  0.1380  0.2200  0.1610  0.1950  1
 63:   0.2933  0.1602  0.1371  0.1552  0.0781  0.1762  1
 64:   0.2850  0.1580  0.1700  0.1100  0.1690  0.1080  1
 65:   0.4790  0.1140  0.0990  0.0570  0.1520  0.0990  1
 66:   0.3083  0.1822  0.1381  0.1291  0.0941  0.1481  1
 67:   0.3360  0.1150  0.1210  0.0810  0.2370  0.1100  1
 68:   0.3710  0.1500  0.1330  0.1080  0.1060  0.1320  1
 69:   0.1548  0.1049  0.0919  0.0889  0.4535  0.1059  1
 70:   0.1640  0.1980  0.2490  0.1470  0.0950  0.1470  1
 71:   0.3930  0.1360  0.2150  0.0860  0.0580  0.1120  1
 72:   0.2890  0.1480  0.3140  0.0980  0.0490  0.1020  1
 73:   0.5170  0.1290  0.1210  0.0610  0.0640  0.1080  1
 74:   0.2160  0.1160  0.1220  0.0960  0.3380  0.1120  1
 75:   0.4090  0.1410  0.1380  0.0910  0.1040  0.1170  1
 76:   0.4350  0.1280  0.0870  0.0960  0.1290  0.1250  1
 77:   0.1351  0.0951  0.1101  0.0761  0.5065  0.0771  1
 78:   0.1469  0.1528  0.2258  0.1029  0.2847  0.0869  1
 79:   0.3497  0.1499  0.1918  0.0979  0.0999  0.1109  1
 80:   0.0970  0.0790  0.0550  0.0780  0.6130  0.0780  1
 81:   0.2220  0.1470  0.1340  0.0950  0.3010  0.1010  1
 82:   0.0619  0.2028  0.1129  0.2617  0.1029  0.2577  1
 83:   0.1150  0.1770  0.1490  0.2200  0.1450  0.1940  1
 84:   0.3850  0.1290  0.2000  0.0810  0.1020  0.1030  1
 85:   0.1201  0.2022  0.1822  0.2072  0.0871  0.2012  1
 86:   0.1030  0.1460  0.1450  0.1140  0.3980  0.0940  1
 87:   0.5370  0.1240  0.0880  0.0680  0.0690  0.1140  1
 88:   0.1240  0.1810  0.1820  0.1520  0.2200  0.1410  1
 89:   0.3223  0.1502  0.0991  0.1502  0.0981  0.1802  1
 90:   0.4344  0.1311  0.2222  0.0661  0.0470  0.0991  1
 91:   0.3340  0.1820  0.1560  0.1220  0.0780  0.1280  1
 92:   0.5651  0.1232  0.1122  0.0551  0.0391  0.1052  1
 93:   0.1670  0.1150  0.1120  0.0980  0.4090  0.0990  1
 94:   0.1630  0.1630  0.3610  0.1370  0.0570  0.1190  1
 95:   0.1260  0.1860  0.0990  0.2450  0.0980  0.2460  1
 96:   0.1742  0.1532  0.3233  0.1381  0.0721  0.1391  1
 97:   0.1620  0.1870  0.2430  0.1770  0.0540  0.1770  1
 98:   0.0930  0.1940  0.1670  0.2450  0.0520  0.2490  1
 99:   0.1049  0.1868  0.2488  0.2068  0.0679  0.1848  1
100:   0.0980  0.1900  0.1530  0.2380  0.0620  0.2590  1
101:   0.1210  0.1900  0.2270  0.1810  0.1420  0.1390  1
102:   0.1892  0.1642  0.3493  0.1191  0.0661  0.1121  1
103:   0.1500  0.1800  0.2880  0.1370  0.1230  0.1220  1
104:   0.2088  0.1668  0.1239  0.1898  0.1239  0.1868  1
105:   0.1379  0.1908  0.1588  0.1868  0.1429  0.1828  1
106:   0.2787  0.1628  0.1099  0.1319  0.1758  0.1409  1
107:   0.0980  0.2030  0.1420  0.2350  0.0830  0.2390  1
108:   0.0450  0.1908  0.0729  0.2937  0.1189  0.2787  1
109:   0.0470  0.2032  0.0861  0.2763  0.0921  0.2953  1
110:   0.0410  0.1780  0.0860  0.2700  0.1930  0.2320  1
111:   0.0500  0.1988  0.0809  0.3277  0.0460  0.2967  1
112:   0.0709  0.1788  0.1618  0.1768  0.2517  0.1598  1
113:   0.0560  0.1960  0.0700  0.3170  0.0780  0.2830  1
114:   0.0490  0.1360  0.0960  0.1510  0.3780  0.1900  1
115:   0.0560  0.1530  0.0720  0.2110  0.2800  0.2280  1
116:   0.0420  0.1802  0.0731  0.3023  0.0801  0.3223  1
117:   0.0500  0.1950  0.0740  0.3410  0.0540  0.2860  1
118:   0.0430  0.1910  0.0820  0.3150  0.0350  0.3340  1
119:   0.0340  0.1878  0.0569  0.3267  0.1289  0.2657  1
120:   0.0561  0.1912  0.0961  0.2603  0.0771  0.3193  1
121:   0.0680  0.1880  0.0770  0.2840  0.1420  0.2410  1
122:   0.0230  0.2200  0.0590  0.3360  0.0530  0.3090  1
123:   0.0430  0.1990  0.0880  0.2770  0.0980  0.2950  1
124:   0.0370  0.2130  0.0620  0.3110  0.0760  0.3010  1
125:   0.0420  0.2090  0.0560  0.3510  0.0530  0.2890  1
126:   0.0350  0.1602  0.0901  0.2172  0.2833  0.2142  1
127:   0.0300  0.2130  0.0590  0.3390  0.0650  0.2940  1
128:   0.0440  0.1300  0.0760  0.1960  0.3680  0.1860  1
129:   0.0510  0.1550  0.0960  0.1940  0.2560  0.2480  1
130:   0.0999  0.1768  0.0819  0.2338  0.1868  0.2208  1
131:   0.0670  0.1830  0.0770  0.3070  0.0500  0.3160  1
132:   0.0460  0.1700  0.0700  0.2900  0.1360  0.2880  1
133:   0.0450  0.1982  0.0721  0.3203  0.0921  0.2723  1
134:   0.0470  0.1568  0.0699  0.2507  0.2537  0.2218  1
135:   0.0770  0.1760  0.0690  0.2900  0.1190  0.2690  1
136:   0.0600  0.1840  0.0680  0.2950  0.1260  0.2670  1
137:   0.0310  0.2110  0.0770  0.2980  0.0880  0.2950  1
138:   0.0410  0.1690  0.0730  0.2260  0.2330  0.2580  1
139:   0.0500  0.1920  0.0920  0.2450  0.1560  0.2650  1
140:   0.0350  0.2042  0.0781  0.3003  0.0711  0.3113  1
141:   0.0569  0.1888  0.0949  0.2907  0.1049  0.2637  1
142:   0.0370  0.1970  0.0830  0.2850  0.0570  0.3410  1
143:   0.0420  0.1850  0.0720  0.3020  0.0820  0.3170  1
144:   0.0270  0.2128  0.0849  0.2917  0.0619  0.3217  1
145:   0.0690  0.1910  0.1310  0.2640  0.0850  0.2600  1
146:   0.0620  0.1780  0.1150  0.2230  0.1550  0.2670  1
147:   0.0450  0.1481  0.0901  0.1862  0.3273  0.2032  1
148:   0.0370  0.2088  0.0549  0.3596  0.0400  0.2997  1
149:   0.0420  0.1890  0.0620  0.3240  0.0990  0.2840  1

  1:   0.2220  0.1480  0.1300  0.1060  0.2710  0.1230  1
  2:   0.1782  0.2302  0.1241  0.1221  0.1351  0.2102  1
  3:   0.1668  0.1319  0.2757  0.1139  0.1339  0.1778  1
  4:   0.1850  0.2080  0.1400  0.1240  0.1600  0.1830  1
  5:   0.1618  0.1558  0.2697  0.1279  0.1369  0.1479  1
  6:   0.1742  0.2132  0.1361  0.1271  0.1381  0.2112  1
  7:   0.1640  0.1540  0.2540  0.1490  0.1410  0.1380  1
  8:   0.1790  0.1370  0.2410  0.1360  0.1790  0.1280  1
  9:   0.1540  0.1410  0.3000  0.1270  0.1300  0.1480  1
 10:   0.1610  0.1470  0.2810  0.1050  0.1290  0.1770  1
 11:   0.1808  0.1279  0.2617  0.1329  0.1968  0.0999  1
 12:   0.1760  0.1340  0.2540  0.1000  0.1760  0.1600  1
 13:   0.1622  0.1301  0.2793  0.1471  0.1461  0.1351  1
 14:   0.1840  0.1240  0.2330  0.1360  0.2260  0.0970  1
 15:   0.1678  0.1848  0.2018  0.1359  0.1389  0.1708  1
 16:   0.1552  0.1401  0.2573  0.1522  0.1261  0.1692  1
 17:   0.1760  0.1510  0.2240  0.1660  0.1730  0.1100  1
 18:   0.1600  0.1490  0.2970  0.1550  0.1050  0.1340  1
 19:   0.1828  0.1359  0.2198  0.1449  0.1998  0.1169  1
 20:   0.1738  0.1598  0.2138  0.1439  0.1538  0.1548  1
 21:   0.1598  0.1389  0.2967  0.1099  0.1329  0.1618  1
 22:   0.1688  0.1339  0.2877  0.1299  0.1279  0.1518  1
 23:   0.1862  0.1922  0.1552  0.1151  0.1712  0.1802  1
 24:   0.2192  0.1441  0.1121  0.1141  0.2763  0.1341  1
 25:   0.1568  0.1409  0.2517  0.1598  0.1309  0.1598  1
 26:   0.1618  0.1429  0.2657  0.1419  0.1299  0.1578  1
 27:   0.1810  0.1280  0.2120  0.1390  0.2190  0.1210  1
 28:   0.1790  0.1410  0.2170  0.1300  0.2120  0.1210  1
 29:   0.1481  0.1682  0.2633  0.1872  0.1141  0.1191  1
 30:   0.1568  0.1658  0.1818  0.1808  0.1608  0.1538  1
 31:   0.1479  0.1798  0.1808  0.1678  0.1439  0.1798  1
 32:   0.1780  0.1870  0.1220  0.1500  0.1920  0.1710  1
 33:   0.1900  0.1420  0.1950  0.1160  0.2280  0.1290  1
 34:   0.1700  0.2160  0.1570  0.1170  0.1240  0.2160  1
 35:   0.2072  0.1051  0.2062  0.1161  0.2673  0.0981  1
 36:   0.1670  0.1400  0.2500  0.1430  0.1720  0.1280  1
 37:   0.1618  0.1439  0.1528  0.2138  0.1499  0.1778  1
 38:   0.1970  0.1370  0.1750  0.1300  0.2500  0.1110  1
 39:   0.1590  0.2150  0.1480  0.1670  0.1140  0.1970  1
 40:   0.1690  0.1830  0.1940  0.1250  0.1390  0.1900  1
 41:   0.1550  0.1340  0.3050  0.1140  0.1310  0.1610  1
 42:   0.2118  0.1718  0.1309  0.1099  0.2318  0.1439  1
 43:   0.1692  0.1862  0.1992  0.1361  0.1481  0.1612  1
 44:   0.1520  0.1470  0.3000  0.1370  0.1320  0.1320  1
 45:   0.2160  0.1550  0.1160  0.1220  0.2510  0.1400  1
 46:   0.1648  0.1628  0.2547  0.1429  0.1379  0.1369  1
 47:   0.1630  0.1510  0.2530  0.1150  0.1380  0.1800  1
 48:   0.1532  0.1732  0.1762  0.1642  0.1381  0.1952  1
 49:   0.1972  0.1742  0.1431  0.1301  0.1962  0.1592  1
 50:   0.1872  0.1922  0.1391  0.1261  0.1702  0.1852  1
 51:   0.1620  0.1550  0.2370  0.1380  0.1330  0.1750  1
 52:   0.1630  0.1700  0.1870  0.1600  0.1430  0.1770  1
 53:   0.1582  0.1622  0.2112  0.1632  0.1171  0.1882  1
 54:   0.1572  0.1782  0.2112  0.1552  0.1191  0.1792  1
 55:   0.2240  0.1150  0.1840  0.0880  0.2670  0.1220  1
 56:   0.1558  0.2038  0.1588  0.1568  0.1199  0.2048  1
 57:   0.1500  0.1840  0.2120  0.1920  0.1030  0.1590  1
 58:   0.1540  0.1650  0.1740  0.1840  0.1250  0.1980  1
 59:   0.1858  0.1518  0.1938  0.1548  0.1988  0.1149  1
 60:   0.1688  0.1349  0.2617  0.1329  0.1668  0.1349  1
 61:   0.1772  0.1502  0.2192  0.1241  0.1662  0.1632  1
 62:   0.1512  0.1872  0.1592  0.1812  0.1602  0.1612  1
 63:   0.1590  0.2150  0.1380  0.1620  0.1290  0.1970  1
 64:   0.1888  0.1698  0.1738  0.1329  0.1798  0.1548  1
 65:   0.1922  0.2192  0.1071  0.1141  0.1712  0.1962  1
 66:   0.1702  0.1952  0.1572  0.1572  0.1451  0.1752  1
 67:   0.2050  0.1740  0.1230  0.1220  0.2090  0.1670  1
 68:   0.1768  0.2078  0.1389  0.1389  0.1459  0.1918  1
 69:   0.2298  0.1229  0.1099  0.1079  0.3167  0.1129  1
 70:   0.1710  0.1690  0.2210  0.1770  0.1270  0.1350  1
 71:   0.1678  0.2028  0.1808  0.1189  0.1309  0.1988  1
 72:   0.1610  0.1680  0.2470  0.1130  0.1330  0.1780  1
 73:   0.1770  0.2310  0.1130  0.1250  0.1370  0.2170  1
 74:   0.2112  0.1421  0.1371  0.1141  0.2623  0.1331  1
 75:   0.1770  0.2080  0.1460  0.1330  0.1520  0.1840  1
 76:   0.1826  0.2285  0.1068  0.1307  0.1537  0.1976  1
 77:   0.2448  0.1029  0.1349  0.0869  0.3457  0.0849  1
 78:   0.2040  0.1270  0.2120  0.1220  0.2260  0.1090  1
 79:   0.1750  0.1820  0.1870  0.1250  0.1560  0.1750  1
 80:   0.2633  0.0951  0.0941  0.0851  0.3934  0.0691  1
 81:   0.2050  0.1500  0.1490  0.1210  0.2400  0.1350  1
 82:   0.1190  0.1680  0.1240  0.2480  0.1040  0.2370  1
 83:   0.1430  0.1910  0.1680  0.1760  0.1440  0.1780  1
 84:   0.1718  0.1958  0.1638  0.1229  0.1518  0.1938  1
 85:   0.1512  0.1732  0.1872  0.1922  0.1301  0.1662  1
 86:   0.2178  0.0959  0.1678  0.1169  0.3127  0.0889  1
 87:   0.1772  0.2452  0.1051  0.1241  0.1301  0.2182  1
 88:   0.1828  0.1259  0.1898  0.1578  0.2118  0.1319  1
 89:   0.1622  0.2212  0.1201  0.1642  0.1371  0.1952  1
 90:   0.1700  0.1990  0.1860  0.1120  0.1270  0.2060  1
 91:   0.1690  0.2020  0.1720  0.1440  0.1390  0.1740  1
 92:   0.1738  0.2458  0.1119  0.1209  0.1209  0.2268  1
 93:   0.2252  0.1241  0.1291  0.1111  0.2953  0.1151  1
 94:   0.1590  0.1340  0.2840  0.1250  0.1300  0.1680  1
 95:   0.1240  0.2100  0.1130  0.2150  0.1040  0.2340  1
 96:   0.1600  0.1410  0.2430  0.1340  0.1340  0.1880  1
 97:   0.1558  0.1648  0.2168  0.1768  0.1129  0.1728  1
 98:   0.1371  0.2192  0.1642  0.2282  0.0911  0.1602  1
 99:   0.1470  0.1640  0.2290  0.1740  0.1150  0.1710  1
100:   0.1379  0.2128  0.1518  0.2358  0.0959  0.1658  1
101:   0.1642  0.1421  0.2372  0.1602  0.1622  0.1341  1
102:   0.1650  0.1480  0.2800  0.1370  0.1220  0.1480  1
103:   0.1720  0.1390  0.2480  0.1420  0.1620  0.1370  1
104:   0.1490  0.1950  0.1340  0.1770  0.1360  0.2090  1
105:   0.1582  0.1572  0.1812  0.1912  0.1592  0.1532  1
106:   0.1830  0.1830  0.1370  0.1540  0.1790  0.1640  1
107:   0.1399  0.1968  0.1648  0.2218  0.1189  0.1578  1
108:   0.1151  0.2082  0.1021  0.2312  0.0961  0.2472  1
109:   0.1111  0.1672  0.0991  0.2793  0.0851  0.2583  1
110:   0.1320  0.1940  0.1200  0.2050  0.1400  0.2090  1
111:   0.0890  0.2410  0.1090  0.2380  0.0620  0.2610  1
112:   0.1760  0.1240  0.1860  0.1730  0.2150  0.1260  1
113:   0.1029  0.2268  0.0999  0.2338  0.0769  0.2597  1
114:   0.2038  0.1189  0.1089  0.1848  0.2567  0.1269  1
115:   0.1590  0.1640  0.0940  0.2030  0.1940  0.1860  1
116:   0.1031  0.2252  0.0971  0.2472  0.0761  0.2513  1
117:   0.0951  0.2492  0.1051  0.2292  0.0641  0.2573  1
118:   0.0930  0.2420  0.1050  0.2570  0.0580  0.2450  1
119:   0.1070  0.2320  0.0920  0.2180  0.0960  0.2550  1
120:   0.1091  0.1882  0.1011  0.2703  0.0801  0.2513  1
121:   0.1240  0.2130  0.1120  0.2060  0.1180  0.2270  1
122:   0.0871  0.2082  0.0821  0.2813  0.0480  0.2933  1
123:   0.1070  0.1670  0.0890  0.2830  0.0760  0.2780  1
124:   0.0990  0.1870  0.0800  0.2810  0.0610  0.2920  1
125:   0.0879  0.2468  0.0929  0.2368  0.0559  0.2797  1
126:   0.1570  0.1490  0.1100  0.2120  0.1880  0.1840  1
127:   0.0940  0.2190  0.0870  0.2580  0.0570  0.2850  1
128:   0.1908  0.1658  0.1059  0.1548  0.2458  0.1369  1
129:   0.1640  0.1420  0.1020  0.2310  0.1740  0.1870  1
130:   0.1417  0.1816  0.1028  0.2096  0.1417  0.2226  1
131:   0.0961  0.2513  0.1021  0.2312  0.0691  0.2503  1
132:   0.1121  0.2252  0.0971  0.2232  0.1041  0.2382  1
133:   0.1011  0.2292  0.1071  0.2262  0.0841  0.2523  1
134:   0.1421  0.1972  0.0931  0.1832  0.1742  0.2102  1
135:   0.1158  0.2285  0.0988  0.2146  0.1038  0.2385  1
136:   0.1130  0.2260  0.1000  0.2160  0.1040  0.2410  1
137:   0.1069  0.1768  0.0929  0.2787  0.0719  0.2727  1
138:   0.1460  0.1490  0.0840  0.2470  0.1510  0.2230  1
139:   0.1310  0.1590  0.1040  0.2540  0.1240  0.2280  1
140:   0.0980  0.2010  0.0980  0.2700  0.0710  0.2620  1
141:   0.1150  0.2120  0.1200  0.2240  0.0980  0.2310  1
142:   0.1000  0.1900  0.0920  0.2900  0.0620  0.2660  1
143:   0.0990  0.2300  0.1010  0.2400  0.0780  0.2520  1
144:   0.0980  0.1760  0.0930  0.2980  0.0580  0.2770  1
145:   0.1168  0.2026  0.1357  0.2335  0.0898  0.2216  1
146:   0.1340  0.1540  0.1160  0.2480  0.1270  0.2210  1
147:   0.1702  0.1351  0.1001  0.2022  0.2082  0.1842  1
148:   0.0809  0.2498  0.0899  0.2468  0.0490  0.2837  1
149:   0.1010  0.2430  0.0960  0.2180  0.0880  0.2540  1

  1:   0.2560  0.1210  0.2310  0.0750  0.2220  0.0950  1
  2:   0.3856  0.1888  0.2148  0.0599  0.0899  0.0609  1
  3:   0.0840  0.2490  0.2460  0.1630  0.1020  0.1560  1
  4:   0.3594  0.1682  0.2122  0.0791  0.1151  0.0661  1
  5:   0.1788  0.2238  0.2078  0.1768  0.1099  0.1029  1
  6:   0.3440  0.1870  0.2390  0.0730  0.0890  0.0680  1
  7:   0.2360  0.1970  0.1750  0.1950  0.1040  0.0930  1
  8:   0.1390  0.1960  0.2180  0.1740  0.1540  0.1190  1
  9:   0.1590  0.2170  0.1880  0.2130  0.1090  0.1140  1
 10:   0.1390  0.2430  0.2390  0.1690  0.0870  0.1230  1
 11:   0.1918  0.1638  0.1958  0.1898  0.1608  0.0979  1
 12:   0.1250  0.2250  0.2490  0.1470  0.1260  0.1280  1
 13:   0.1628  0.1918  0.1788  0.2268  0.1249  0.1149  1
 14:   0.2192  0.1291  0.1832  0.1852  0.1782  0.1051  1
 15:   0.2983  0.1882  0.1882  0.1461  0.1001  0.0791  1
 16:   0.0938  0.2206  0.1846  0.2126  0.1287  0.1597  1
 17:   0.1640  0.1990  0.1920  0.1700  0.1700  0.1050  1
 18:   0.1371  0.2472  0.2332  0.1922  0.0901  0.1001  1
 19:   0.1970  0.1580  0.1920  0.1720  0.1800  0.1010  1
 20:   0.2122  0.2072  0.2142  0.1441  0.1191  0.1031  1
 21:   0.1140  0.2440  0.2330  0.1860  0.0990  0.1240  1
 22:   0.1029  0.2468  0.2597  0.1698  0.0969  0.1239  1
 23:   0.3203  0.1732  0.2182  0.0871  0.1281  0.0731  1
 24:   0.2182  0.1191  0.2282  0.0801  0.2292  0.1251  1
 25:   0.1430  0.2200  0.1660  0.2030  0.1150  0.1530  1
 26:   0.1447  0.2345  0.2365  0.1727  0.0938  0.1178  1
 27:   0.1760  0.1460  0.1780  0.1840  0.1830  0.1330  1
 28:   0.2272  0.1421  0.1902  0.1612  0.1682  0.1111  1
 29:   0.1662  0.2102  0.1572  0.2262  0.1321  0.1081  1
 30:   0.1350  0.1640  0.1400  0.1970  0.1630  0.2010  1
 31:   0.1441  0.1722  0.1441  0.1962  0.1481  0.1952  1
 32:   0.2690  0.1600  0.1780  0.1000  0.1580  0.1350  1
 33:   0.2292  0.1562  0.2062  0.1271  0.1762  0.1051  1
 34:   0.3437  0.2008  0.2308  0.0779  0.0789  0.0679  1
 35:   0.1620  0.1340  0.2130  0.1530  0.2160  0.1220  1
 36:   0.2018  0.1728  0.1678  0.1978  0.1399  0.1199  1
 37:   0.1060  0.1800  0.1240  0.1890  0.1840  0.2170  1
 38:   0.2272  0.1321  0.1962  0.1331  0.1952  0.1161  1
 39:   0.2890  0.1950  0.1620  0.1270  0.1050  0.1220  1
 40:   0.2693  0.2182  0.2292  0.1151  0.0851  0.0831  1
 41:   0.1080  0.2440  0.2210  0.2010  0.1010  0.1250  1
 42:   0.2877  0.1469  0.2168  0.0729  0.1858  0.0899  1
 43:   0.3257  0.1808  0.1758  0.1349  0.1069  0.0759  1
 44:   0.1920  0.2070  0.1790  0.2250  0.1100  0.0870  1
 45:   0.2490  0.1250  0.2140  0.0840  0.2080  0.1200  1
 46:   0.2567  0.2048  0.1868  0.1798  0.1039  0.0679  1
 47:   0.1740  0.2220  0.2530  0.1500  0.0940  0.1070  1
 48:   0.1590  0.1750  0.1830  0.1800  0.1410  0.1620  1
 49:   0.2770  0.1500  0.2050  0.1030  0.1570  0.1080  1
 50:   0.3100  0.1770  0.2370  0.0780  0.1220  0.0760  1
 51:   0.1421  0.2382  0.1922  0.1602  0.1091  0.1582  1
 52:   0.2002  0.1812  0.1942  0.1592  0.1271  0.1381  1
 53:   0.1179  0.2398  0.1648  0.1658  0.1219  0.1898  1
 54:   0.1491  0.2272  0.2142  0.1451  0.1021  0.1622  1
 55:   0.1370  0.1480  0.2570  0.1060  0.2220  0.1300  1
 56:   0.2152  0.2002  0.1782  0.1371  0.1161  0.1532  1
 57:   0.1263  0.2425  0.1523  0.1854  0.1152  0.1784  1
 58:   0.1620  0.1680  0.1580  0.2050  0.1450  0.1620  1
 59:   0.1570  0.1850  0.2030  0.1430  0.1840  0.1280  1
 60:   0.1810  0.1980  0.1950  0.1940  0.1200  0.1120  1
 61:   0.1528  0.1988  0.2148  0.1489  0.1389  0.1459  1
 62:   0.1390  0.1630  0.1350  0.1790  0.1670  0.2170  1
 63:   0.2420  0.1960  0.1620  0.1230  0.1140  0.1630  1
 64:   0.2590  0.1650  0.2120  0.1240  0.1460  0.0940  1
 65:   0.3890  0.1660  0.2170  0.0490  0.1250  0.0540  1
 66:   0.3087  0.1828  0.1678  0.1229  0.1139  0.1039  1
 67:   0.2710  0.1450  0.2220  0.0840  0.1690  0.1090  1
 68:   0.3117  0.1768  0.1928  0.0969  0.1189  0.1029  1
 69:   0.1612  0.1041  0.2232  0.0871  0.2713  0.1532  1
 70:   0.1720  0.2420  0.1890  0.1570  0.1190  0.1210  1
 71:   0.2910  0.2090  0.2240  0.1020  0.0890  0.0850  1
 72:   0.2030  0.2310  0.2340  0.1460  0.0860  0.1000  1
 73:   0.3990  0.1840  0.2210  0.0560  0.0880  0.0520  1
 74:   0.1880  0.1390  0.2210  0.0910  0.2170  0.1440  1
 75:   0.3437  0.1808  0.1978  0.0889  0.1129  0.0759  1
 76:   0.3584  0.1722  0.1922  0.0651  0.1231  0.0891  1
 77:   0.1550  0.0970  0.2450  0.0850  0.2860  0.1320  1
 78:   0.1630  0.1680  0.2390  0.1370  0.1910  0.1020  1
 79:   0.2830  0.1930  0.2110  0.1120  0.1090  0.0920  1
 80:   0.1410  0.0720  0.2340  0.0670  0.3360  0.1500  1
 81:   0.2360  0.1440  0.2140  0.1020  0.2040  0.1000  1
 82:   0.0849  0.1189  0.0819  0.2917  0.1998  0.2228  1
 83:   0.1370  0.1580  0.1370  0.2010  0.1630  0.2040  1
 84:   0.2860  0.1850  0.2380  0.0950  0.1090  0.0870  1
 85:   0.1410  0.2070  0.1340  0.1840  0.1310  0.2030  1
 86:   0.1650  0.1140  0.2100  0.1330  0.2500  0.1280  1
 87:   0.4334  0.1822  0.1982  0.0460  0.0911  0.0490  1
 88:   0.1700  0.1500  0.1820  0.1750  0.1790  0.1440  1
 89:   0.2760  0.1870  0.1510  0.1020  0.1250  0.1590  1
 90:   0.3110  0.1980  0.2420  0.0960  0.0780  0.0750  1
 91:   0.3323  0.1882  0.1752  0.1171  0.1031  0.0841  1
 92:   0.4376  0.1898  0.2168  0.0460  0.0739  0.0360  1
 93:   0.1732  0.1101  0.2222  0.0981  0.2533  0.1431  1
 94:   0.0950  0.2370  0.2260  0.1880  0.1050  0.1490  1
 95:   0.1240  0.1480  0.0910  0.2300  0.1750  0.2320  1
 96:   0.0929  0.2218  0.2178  0.1798  0.1199  0.1678  1
 97:   0.1419  0.2218  0.1658  0.1828  0.1179  0.1698  1
 98:   0.1040  0.2500  0.1110  0.1620  0.1290  0.2440  1
 99:   0.0930  0.2140  0.1510  0.2120  0.1370  0.1930  1
100:   0.1089  0.2408  0.1059  0.1618  0.1329  0.2498  1
101:   0.1637  0.1776  0.1737  0.2056  0.1477  0.1317  1
102:   0.1310  0.2380  0.2330  0.1750  0.1050  0.1180  1
103:   0.1360  0.2270  0.2150  0.1680  0.1290  0.1250  1
104:   0.1830  0.1530  0.1420  0.1780  0.1620  0.1820  1
105:   0.1828  0.1528  0.1459  0.1978  0.1608  0.1598  1
106:   0.2897  0.1499  0.1698  0.1249  0.1538  0.1119  1
107:   0.1399  0.2118  0.1049  0.1748  0.1369  0.2318  1
108:   0.0650  0.1230  0.0650  0.2720  0.2050  0.2700  1
109:   0.0719  0.1019  0.0609  0.3147  0.2118  0.2388  1
110:   0.0760  0.1210  0.0970  0.2490  0.2180  0.2390  1
111:   0.0541  0.1582  0.0450  0.2723  0.1682  0.3023  1
112:   0.1370  0.1280  0.1620  0.1990  0.2110  0.1630  1
113:   0.0670  0.1370  0.0520  0.2740  0.1860  0.2840  1
114:   0.0830  0.1120  0.1700  0.1480  0.2650  0.2220  1
115:   0.0810  0.1160  0.1210  0.2000  0.2470  0.2350  1
116:   0.0500  0.1678  0.0460  0.2418  0.1838  0.3107  1
117:   0.0621  0.1572  0.0460  0.2653  0.1662  0.3033  1
118:   0.0470  0.1930  0.0360  0.2350  0.1620  0.3270  1
119:   0.0500  0.1220  0.0590  0.2690  0.2070  0.2930  1
120:   0.0620  0.1560  0.0570  0.2620  0.1880  0.2750  1
121:   0.0899  0.1229  0.0849  0.2517  0.1998  0.2507  1
122:   0.0370  0.1009  0.0290  0.3467  0.2098  0.2767  1
123:   0.0530  0.0860  0.0610  0.3400  0.2250  0.2350  1
124:   0.0540  0.0850  0.0420  0.3480  0.2190  0.2520  1
125:   0.0500  0.1249  0.0380  0.3037  0.1828  0.3007  1
126:   0.0790  0.1000  0.1250  0.2320  0.2520  0.2120  1
127:   0.0420  0.1090  0.0400  0.3290  0.2030  0.2770  1
128:   0.0811  0.1191  0.1562  0.1411  0.2583  0.2442  1
129:   0.0719  0.1229  0.1239  0.2048  0.2418  0.2348  1
130:   0.1220  0.1090  0.1070  0.2420  0.2160  0.2040  1
131:   0.0640  0.1860  0.0460  0.2270  0.1590  0.3180  1
132:   0.0590  0.1530  0.0640  0.2370  0.1980  0.2890  1
133:   0.0620  0.1300  0.0570  0.2760  0.1910  0.2840  1
134:   0.0700  0.1120  0.1120  0.2170  0.2360  0.2530  1
135:   0.0860  0.1460  0.0700  0.2280  0.1910  0.2790  1
136:   0.0769  0.1369  0.0659  0.2527  0.1948  0.2727  1
137:   0.0549  0.0919  0.0490  0.3447  0.2198  0.2398  1
138:   0.0700  0.0800  0.0980  0.2680  0.2560  0.2280  1
139:   0.0799  0.1079  0.0869  0.2777  0.2188  0.2288  1
140:   0.0480  0.1390  0.0430  0.2910  0.1990  0.2800  1
141:   0.0781  0.1431  0.0761  0.2593  0.1812  0.2623  1
142:   0.0460  0.1510  0.0360  0.2870  0.1970  0.2830  1
143:   0.0501  0.1692  0.0460  0.2533  0.1822  0.2993  1
144:   0.0440  0.1091  0.0400  0.3393  0.2122  0.2553  1
145:   0.0781  0.1682  0.0891  0.2432  0.1702  0.2513  1
146:   0.0800  0.1290  0.0980  0.2530  0.2120  0.2280  1
147:   0.0730  0.0910  0.1450  0.2160  0.2690  0.2060  1
148:   0.0440  0.1349  0.0280  0.2947  0.1818  0.3167  1
149:   0.0559  0.1399  0.0539  0.2667  0.1868  0.2967  1

