

----------------------------------------------------
STRUCTURE by Pritchard, Stephens and Donnelly (2000)
     and Falush, Stephens and Pritchard (2003)
       Code by Pritchard, Falush and Hubisz
             Version 2.3.2.1 (Oct 2009)
----------------------------------------------------



Command line arguments:
Input File:

Run parameters:
   149 individuals
   25 loci
   5 populations assumed
   100000 Burn-in period
   1000000 Reps


--------------------------------------------
Overall proportion of membership of the
sample in each of the 5 clusters

Inferred Clusters
  1      2      3      4      5    
0.209  0.212  0.217  0.164  0.199  

--------------------------------------------

Allele-freq. divergence among pops (Net nucleotide distance),
computed using point estimates of P.

      1       2       3       4       5      
 1      -    0.0017  0.0035  0.0076  0.0061  
 2   0.0017     -    0.0019  0.0081  0.0105  
 3   0.0035  0.0019     -    0.0039  0.0066  
 4   0.0076  0.0081  0.0039     -    0.0058  
 5   0.0061  0.0105  0.0066  0.0058     -    

Average distances (expected heterozygosity) between individuals in same cluster:
cluster  1  : 0.4789 
cluster  2  : 0.4750 
cluster  3  : 0.5047 
cluster  4  : 0.5760 
cluster  5  : 0.5099 

--------------------------------------------
Estimated Ln Prob of Data   = -7828.5
Mean value of ln likelihood = -7205.4
Variance of ln likelihood   = 1246.2
Mean value of alpha         = 0.2182

Mean value of Fst_1         = 0.1461
Mean value of Fst_2         = 0.1448
Mean value of Fst_3         = 0.1215
Mean value of Fst_4         = 0.0160
Mean value of Fst_5         = 0.1368


Inferred ancestry of individuals:
        Label (%Miss) :  Inferred clusters
  1   I13825    (0)   :  0.085 0.096 0.201 0.405 0.212 
  2   I13826    (0)   :  0.101 0.104 0.270 0.145 0.379 
  3   I13827   (20)   :  0.374 0.170 0.080 0.064 0.312 
  4   I13828    (0)   :  0.100 0.113 0.257 0.194 0.336 
  5   I13829    (8)   :  0.300 0.211 0.130 0.083 0.276 
  6   I13830    (0)   :  0.112 0.115 0.259 0.136 0.378 
  7   I13831    (0)   :  0.243 0.234 0.169 0.096 0.258 
  8   I13832   (16)   :  0.262 0.211 0.125 0.178 0.224 
  9   I13833    (0)   :  0.325 0.197 0.131 0.055 0.292 
 10   I13834    (0)   :  0.360 0.168 0.094 0.046 0.331 
 11   I13835    (0)   :  0.213 0.202 0.152 0.240 0.193 
 12   I13836    (0)   :  0.329 0.162 0.090 0.129 0.290 
 13   I13377    (0)   :  0.303 0.207 0.141 0.089 0.260 
 14   I13378    (0)   :  0.162 0.168 0.179 0.317 0.174 
 15   I13379    (0)   :  0.190 0.162 0.211 0.117 0.321 
 16   I13380    (0)   :  0.342 0.204 0.123 0.061 0.269 
 17   I13381    (0)   :  0.224 0.287 0.142 0.183 0.164 
 18   I13382    (0)   :  0.334 0.286 0.095 0.038 0.247 
 19   I13383    (0)   :  0.186 0.229 0.160 0.252 0.173 
 20   I13384    (0)   :  0.235 0.223 0.155 0.127 0.261 
 21   I13385    (0)   :  0.368 0.178 0.089 0.052 0.313 
 22   I13386    (0)   :  0.352 0.242 0.072 0.064 0.270 
 23   I13387    (0)   :  0.133 0.115 0.224 0.208 0.322 
 24   I13388    (0)   :  0.087 0.101 0.201 0.411 0.201 
 25   I13389    (0)   :  0.317 0.198 0.144 0.063 0.278 
 26   I13390    (0)   :  0.325 0.233 0.108 0.061 0.274 
 27   I13391    (0)   :  0.212 0.170 0.171 0.251 0.196 
 28   I13392    (0)   :  0.164 0.145 0.185 0.298 0.208 
 29   I13393    (0)   :  0.265 0.338 0.158 0.077 0.163 
 30   I13394    (4)   :  0.221 0.232 0.218 0.175 0.154 
 31   I13395    (0)   :  0.230 0.230 0.219 0.141 0.180 
 32   I13396    (0)   :  0.113 0.134 0.241 0.246 0.266 
 33   I13397    (0)   :  0.170 0.123 0.182 0.274 0.250 
 34   I13398    (0)   :  0.151 0.111 0.241 0.109 0.388 
 35   I13399    (4)   :  0.195 0.140 0.150 0.330 0.186 
 36   I13400    (0)   :  0.243 0.190 0.169 0.162 0.236 
 37   I13401    (0)   :  0.241 0.197 0.174 0.187 0.201 
 38   I13402    (0)   :  0.126 0.135 0.206 0.334 0.200 
 39   I13403    (0)   :  0.154 0.181 0.252 0.106 0.306 
 40   I13404    (0)   :  0.220 0.158 0.187 0.098 0.336 
 41   I13405    (0)   :  0.377 0.185 0.090 0.039 0.309 
 42   I13406   (16)   :  0.098 0.105 0.210 0.334 0.253 
 43   I13407    (0)   :  0.165 0.159 0.221 0.151 0.305 
 44   I13408    (0)   :  0.292 0.228 0.150 0.068 0.263 
 45   I13409    (0)   :  0.091 0.099 0.205 0.382 0.223 
 46   I13410    (0)   :  0.239 0.252 0.157 0.096 0.257 
 47   I13411    (0)   :  0.301 0.165 0.129 0.078 0.328 
 48   I13412    (0)   :  0.228 0.210 0.203 0.142 0.218 
 49   I13413    (0)   :  0.115 0.127 0.219 0.276 0.263 
 50   I13414    (0)   :  0.116 0.127 0.233 0.198 0.327 
 51   I13415    (4)   :  0.318 0.170 0.132 0.082 0.298 
 52   I13416    (4)   :  0.206 0.182 0.207 0.134 0.272 
 53   I13417    (4)   :  0.315 0.194 0.143 0.067 0.281 
 54   I13418    (0)   :  0.269 0.240 0.149 0.090 0.252 
 55   I13419    (0)   :  0.187 0.120 0.118 0.385 0.191 
 56   I13420    (0)   :  0.204 0.185 0.223 0.104 0.283 
 57   I13421    (0)   :  0.293 0.300 0.154 0.055 0.197 
 58   I13422    (0)   :  0.240 0.207 0.199 0.117 0.238 
 59   I13423    (0)   :  0.195 0.227 0.153 0.251 0.174 
 60   I13424    (0)   :  0.286 0.197 0.138 0.122 0.258 
 61   I13425    (4)   :  0.275 0.168 0.139 0.151 0.267 
 62   I13426    (4)   :  0.197 0.241 0.226 0.209 0.128 
 63   I13870    (0)   :  0.168 0.188 0.237 0.135 0.272 
 64   I13871   (16)   :  0.142 0.158 0.216 0.210 0.273 
 65   I13872    (0)   :  0.077 0.088 0.267 0.207 0.360 
 66   I13873    (4)   :  0.139 0.182 0.234 0.161 0.284 
 67   I13874    (0)   :  0.096 0.104 0.212 0.320 0.268 
 68   I13875    (8)   :  0.126 0.134 0.251 0.159 0.330 
 69   I13876    (0)   :  0.090 0.100 0.162 0.519 0.128 
 70   I13877   (20)   :  0.266 0.299 0.129 0.093 0.213 
 71   I13878   (28)   :  0.193 0.131 0.212 0.113 0.351 
 72   I13879    (4)   :  0.288 0.165 0.138 0.075 0.334 
 73   I13880    (4)   :  0.086 0.101 0.280 0.139 0.394 
 74   I13881    (0)   :  0.126 0.112 0.179 0.371 0.212 
 75   I13882    (0)   :  0.120 0.128 0.248 0.166 0.338 
 76   I13883    (4)   :  0.088 0.112 0.270 0.193 0.337 
 77   I13884   (16)   :  0.096 0.081 0.149 0.547 0.127 
 78   I13885   (20)   :  0.203 0.195 0.117 0.301 0.184 
 79   I13886    (8)   :  0.187 0.131 0.205 0.147 0.330 
 80   I13887    (0)   :  0.056 0.069 0.154 0.640 0.081 
 81   I13888    (0)   :  0.120 0.159 0.183 0.341 0.197 
 82   I13889    (0)   :  0.228 0.267 0.281 0.099 0.124 
 83   I13890   (32)   :  0.212 0.239 0.236 0.174 0.138 
 84   I13891    (0)   :  0.151 0.127 0.223 0.161 0.338 
 85   I13892    (0)   :  0.255 0.261 0.190 0.104 0.190 
 86   I13893    (8)   :  0.137 0.118 0.150 0.454 0.141 
 87   I13894    (0)   :  0.076 0.093 0.288 0.146 0.397 
 88   I13895    (4)   :  0.196 0.180 0.168 0.270 0.186 
 89   I13896    (0)   :  0.132 0.168 0.260 0.160 0.280 
 90   I13897    (0)   :  0.175 0.114 0.225 0.110 0.376 
 91   I13898    (4)   :  0.150 0.171 0.227 0.138 0.315 
 92   I13899    (0)   :  0.080 0.091 0.288 0.123 0.417 
 93   I13900   (32)   :  0.107 0.104 0.174 0.452 0.163 
 94   I13837    (0)   :  0.368 0.191 0.093 0.048 0.300 
 95   I13838    (0)   :  0.204 0.270 0.294 0.108 0.124 
 96   I13839    (0)   :  0.343 0.182 0.112 0.077 0.286 
 97   I13840    (0)   :  0.278 0.242 0.169 0.068 0.243 
 98   I13841    (0)   :  0.272 0.339 0.187 0.061 0.140 
 99   I13842    (0)   :  0.324 0.245 0.159 0.061 0.210 
100   I13843    (4)   :  0.247 0.340 0.205 0.075 0.133 
101   I13844   (16)   :  0.252 0.222 0.167 0.152 0.206 
102   I13845    (0)   :  0.325 0.244 0.102 0.067 0.262 
103   I13846    (0)   :  0.306 0.233 0.109 0.112 0.240 
104   I13847    (0)   :  0.181 0.201 0.255 0.162 0.202 
105   I13848    (0)   :  0.189 0.222 0.213 0.186 0.191 
106   I13849    (0)   :  0.118 0.151 0.240 0.226 0.265 
107   I13850    (0)   :  0.224 0.303 0.223 0.110 0.140 
108   I12577    (4)   :  0.224 0.307 0.317 0.103 0.049 
109   I12578    (4)   :  0.211 0.277 0.310 0.102 0.100 
110   I12579    (8)   :  0.205 0.274 0.291 0.174 0.056 
111   I12580    (8)   :  0.247 0.339 0.330 0.037 0.046 
112   I12581    (4)   :  0.178 0.182 0.188 0.312 0.140 
113   I12582    (4)   :  0.228 0.319 0.328 0.069 0.056 
114   I12583    (8)   :  0.121 0.154 0.169 0.466 0.091 
115   I12584    (4)   :  0.161 0.240 0.256 0.272 0.072 
116   I12585    (4)   :  0.229 0.336 0.326 0.064 0.045 
117   I12586    (4)   :  0.237 0.346 0.329 0.046 0.042 
118   I12587    (8)   :  0.241 0.362 0.327 0.029 0.041 
119   I12588    (4)   :  0.226 0.314 0.326 0.104 0.031 
120   I12589    (0)   :  0.218 0.310 0.314 0.073 0.084 
121   I12590    (0)   :  0.207 0.277 0.296 0.152 0.068 
122   I12591   (12)   :  0.231 0.336 0.347 0.039 0.047 
123   I12592    (4)   :  0.215 0.280 0.315 0.097 0.093 
124   I12593    (4)   :  0.218 0.306 0.337 0.072 0.068 
125   I12594    (8)   :  0.241 0.338 0.344 0.043 0.034 
126   I12595    (0)   :  0.169 0.235 0.256 0.264 0.076 
127   I12596    (0)   :  0.232 0.329 0.341 0.054 0.044 
128   I12597    (4)   :  0.145 0.193 0.203 0.407 0.051 
129   I12598    (0)   :  0.163 0.225 0.237 0.287 0.088 
130   I12599    (0)   :  0.181 0.241 0.288 0.184 0.106 
131   I12600    (4)   :  0.235 0.339 0.323 0.050 0.054 
132   I12601    (8)   :  0.225 0.312 0.319 0.101 0.042 
133   I12602   (12)   :  0.230 0.318 0.326 0.078 0.048 
134   I12603    (0)   :  0.192 0.252 0.281 0.224 0.050 
135   I12604    (4)   :  0.212 0.297 0.313 0.112 0.066 
136   I12605    (4)   :  0.215 0.307 0.319 0.108 0.052 
137   I12606    (8)   :  0.214 0.303 0.331 0.080 0.072 
138   I12607    (4)   :  0.165 0.222 0.270 0.260 0.084 
139   I12608    (8)   :  0.193 0.254 0.284 0.178 0.091 
140   I12609    (8)   :  0.232 0.326 0.330 0.058 0.054 
141   I12610   (52)   :  0.227 0.301 0.306 0.098 0.067 
142   I12611    (0)   :  0.224 0.331 0.333 0.046 0.065 
143   I12612    (0)   :  0.233 0.337 0.330 0.059 0.040 
144   I12613    (0)   :  0.223 0.323 0.334 0.047 0.073 
145   I12614    (4)   :  0.240 0.324 0.283 0.067 0.086 
146   I12615    (0)   :  0.203 0.250 0.276 0.159 0.111 
147   I12616    (4)   :  0.163 0.200 0.236 0.316 0.084 
148   I12617    (8)   :  0.245 0.351 0.349 0.029 0.027 
149   I12618   (48)   :  0.228 0.327 0.325 0.086 0.035 


Estimated Allele Frequencies in each cluster
First column gives estimated ancestral frequencies


Locus 1 : A8 
7 alleles
4.0% missing data
 177   (0.508) 0.496 0.539 0.551 0.508 0.478 
 179   (0.093) 0.105 0.077 0.071 0.090 0.102 
 175   (0.107) 0.169 0.123 0.121 0.126 0.236 
 173   (0.045) 0.046 0.035 0.030 0.044 0.046 
 181   (0.176) 0.160 0.197 0.195 0.168 0.115 
 165   (0.040) 0.015 0.018 0.022 0.036 0.013 
 183   (0.029) 0.008 0.011 0.011 0.027 0.010 

Locus 2 : A14 
5 alleles
0.0% missing data
 112   (0.202) 0.157 0.166 0.203 0.227 0.286 
 110   (0.701) 0.785 0.757 0.713 0.686 0.689 
 114   (0.031) 0.007 0.007 0.012 0.030 0.012 
 118   (0.036) 0.038 0.054 0.054 0.031 0.008 
 116   (0.030) 0.013 0.017 0.019 0.026 0.005 

Locus 3 : A24 
5 alleles
2.7% missing data
 104   (0.402) 0.330 0.360 0.400 0.413 0.383 
 106   (0.525) 0.638 0.600 0.553 0.521 0.595 
 101   (0.018) 0.004 0.004 0.005 0.016 0.004 
 108   (0.028) 0.007 0.008 0.014 0.027 0.014 
  96   (0.027) 0.021 0.029 0.029 0.024 0.004 

Locus 4 : A29 
29 alleles
6.7% missing data
 143   (0.033) 0.030 0.026 0.046 0.042 0.068 
 149   (0.051) 0.033 0.036 0.041 0.049 0.028 
 147   (0.029) 0.016 0.021 0.029 0.029 0.020 
 153   (0.056) 0.108 0.074 0.059 0.052 0.082 
 169   (0.036) 0.023 0.028 0.055 0.044 0.061 
 151   (0.037) 0.060 0.068 0.041 0.034 0.041 
 145   (0.028) 0.015 0.019 0.024 0.027 0.016 
 157   (0.068) 0.081 0.111 0.109 0.075 0.081 
 155   (0.095) 0.113 0.140 0.135 0.098 0.096 
 159   (0.052) 0.048 0.057 0.081 0.065 0.101 
 161   (0.033) 0.066 0.052 0.023 0.031 0.051 
 141   (0.029) 0.037 0.021 0.015 0.026 0.032 
 139   (0.016) 0.012 0.008 0.005 0.014 0.010 
 144   (0.025) 0.043 0.028 0.018 0.024 0.039 
 171   (0.050) 0.052 0.044 0.039 0.048 0.046 
 163   (0.073) 0.085 0.081 0.079 0.075 0.081 
 167   (0.046) 0.040 0.048 0.049 0.044 0.033 
 173   (0.024) 0.024 0.019 0.013 0.022 0.022 
 142   (0.014) 0.003 0.003 0.005 0.012 0.005 
 177   (0.023) 0.019 0.024 0.024 0.021 0.007 
 175   (0.022) 0.010 0.011 0.012 0.020 0.007 
 165   (0.043) 0.030 0.030 0.039 0.044 0.035 
 146   (0.021) 0.017 0.012 0.012 0.020 0.020 
 137   (0.019) 0.006 0.007 0.008 0.017 0.004 
 183   (0.016) 0.007 0.009 0.010 0.014 0.003 
 179   (0.018) 0.007 0.008 0.009 0.016 0.004 
 191   (0.014) 0.003 0.004 0.004 0.012 0.003 
 185   (0.013) 0.003 0.003 0.004 0.012 0.003 
 180   (0.015) 0.008 0.011 0.012 0.013 0.002 

Locus 5 : A43 
7 alleles
1.3% missing data
 123   (0.201) 0.119 0.146 0.142 0.191 0.095 
 141   (0.017) 0.002 0.003 0.004 0.016 0.004 
 137   (0.669) 0.793 0.738 0.766 0.694 0.862 
 139   (0.047) 0.056 0.074 0.044 0.041 0.028 
 124   (0.031) 0.022 0.032 0.032 0.028 0.006 
 143   (0.017) 0.003 0.003 0.005 0.015 0.003 
 128   (0.017) 0.004 0.005 0.006 0.015 0.002 

Locus 6 : A79 
13 alleles
3.4% missing data
 103   (0.235) 0.259 0.263 0.258 0.245 0.293 
  97   (0.131) 0.073 0.076 0.121 0.145 0.140 
 101   (0.093) 0.172 0.095 0.074 0.090 0.155 
 107   (0.098) 0.142 0.137 0.085 0.093 0.117 
 109   (0.099) 0.077 0.078 0.086 0.096 0.073 
 105   (0.162) 0.190 0.247 0.267 0.165 0.160 
 111   (0.047) 0.020 0.024 0.029 0.044 0.022 
 113   (0.016) 0.002 0.003 0.004 0.015 0.004 
  91   (0.025) 0.027 0.041 0.038 0.022 0.004 
  99   (0.032) 0.022 0.021 0.019 0.029 0.016 
 115   (0.028) 0.010 0.011 0.011 0.026 0.009 
 117   (0.016) 0.002 0.003 0.005 0.015 0.004 
 121   (0.016) 0.002 0.002 0.004 0.014 0.003 

Locus 7 : A88 
9 alleles
6.0% missing data
 133   (0.018) 0.003 0.003 0.005 0.016 0.004 
 149   (0.522) 0.570 0.638 0.647 0.524 0.518 
 137   (0.104) 0.074 0.061 0.075 0.109 0.114 
 147   (0.197) 0.293 0.226 0.173 0.201 0.292 
 141   (0.082) 0.045 0.056 0.076 0.081 0.057 
 152   (0.018) 0.004 0.003 0.005 0.016 0.004 
 143   (0.018) 0.003 0.003 0.005 0.016 0.003 
 151   (0.018) 0.004 0.004 0.006 0.015 0.003 
 144   (0.024) 0.006 0.007 0.009 0.022 0.004 

Locus 8 : A113 
12 alleles
7.4% missing data
 214   (0.577) 0.773 0.771 0.706 0.591 0.720 
 226   (0.062) 0.035 0.040 0.068 0.070 0.084 
 218   (0.017) 0.006 0.004 0.004 0.015 0.006 
 220   (0.062) 0.063 0.076 0.078 0.056 0.034 
 216   (0.059) 0.026 0.024 0.031 0.055 0.025 
 230   (0.043) 0.043 0.031 0.023 0.040 0.041 
 234   (0.032) 0.010 0.009 0.017 0.032 0.020 
 232   (0.031) 0.011 0.010 0.019 0.031 0.023 
 228   (0.050) 0.017 0.018 0.030 0.050 0.029 
 224   (0.017) 0.003 0.003 0.005 0.016 0.004 
 222   (0.032) 0.007 0.008 0.014 0.030 0.011 
 208   (0.017) 0.005 0.005 0.004 0.015 0.005 

Locus 9 : Ac11 
9 alleles
4.7% missing data
 111   (0.131) 0.114 0.104 0.147 0.153 0.220 
 117   (0.294) 0.337 0.316 0.289 0.294 0.338 
 115   (0.263) 0.308 0.276 0.247 0.265 0.301 
 113   (0.155) 0.137 0.168 0.176 0.149 0.099 
 119   (0.048) 0.065 0.086 0.083 0.042 0.020 
 121   (0.027) 0.021 0.029 0.030 0.023 0.006 
 123   (0.033) 0.007 0.008 0.011 0.030 0.006 
 127   (0.031) 0.009 0.010 0.012 0.028 0.007 
 125   (0.018) 0.003 0.003 0.004 0.016 0.003 

Locus 10 : Ac88 
8 alleles
0.7% missing data
 214   (0.752) 0.905 0.898 0.831 0.749 0.810 
 216   (0.029) 0.008 0.010 0.013 0.028 0.014 
 220   (0.116) 0.063 0.064 0.118 0.132 0.157 
 230   (0.025) 0.004 0.005 0.007 0.023 0.005 
 221   (0.017) 0.004 0.004 0.006 0.015 0.002 
 212   (0.020) 0.007 0.009 0.011 0.018 0.004 
 217   (0.017) 0.003 0.004 0.005 0.015 0.003 
 224   (0.023) 0.006 0.006 0.009 0.020 0.005 

Locus 11 : Ac139 
8 alleles
13.4% missing data
 327   (0.506) 0.627 0.679 0.620 0.495 0.502 
 329   (0.292) 0.276 0.212 0.258 0.312 0.385 
 331   (0.073) 0.036 0.033 0.058 0.078 0.075 
 328   (0.040) 0.030 0.038 0.020 0.036 0.023 
 341   (0.019) 0.005 0.005 0.007 0.017 0.003 
 337   (0.031) 0.019 0.025 0.026 0.027 0.005 
 323   (0.019) 0.003 0.004 0.005 0.017 0.004 
 339   (0.019) 0.004 0.004 0.006 0.017 0.003 

Locus 12 : Ac306 
6 alleles
4.7% missing data
 165   (0.729) 0.801 0.796 0.776 0.728 0.755 
 177   (0.082) 0.063 0.088 0.075 0.079 0.053 
 173   (0.100) 0.053 0.059 0.101 0.114 0.128 
 169   (0.043) 0.063 0.032 0.019 0.040 0.054 
 171   (0.018) 0.002 0.002 0.004 0.016 0.003 
 179   (0.028) 0.017 0.023 0.025 0.024 0.007 

Locus 13 : Ap15 
7 alleles
6.0% missing data
 202   (0.814) 0.925 0.908 0.886 0.831 0.940 
 212   (0.028) 0.005 0.006 0.015 0.028 0.017 
 204   (0.043) 0.015 0.017 0.020 0.039 0.011 
 208   (0.040) 0.022 0.028 0.030 0.036 0.013 
 220   (0.039) 0.025 0.032 0.037 0.035 0.013 
 219   (0.018) 0.004 0.005 0.006 0.016 0.003 
 210   (0.018) 0.004 0.004 0.006 0.016 0.004 

Locus 14 : Ap68 
9 alleles
4.7% missing data
 158   (0.390) 0.315 0.328 0.415 0.421 0.459 
 160   (0.082) 0.086 0.090 0.062 0.077 0.073 
 156   (0.240) 0.369 0.334 0.286 0.234 0.309 
 162   (0.043) 0.010 0.012 0.020 0.042 0.021 
 154   (0.084) 0.096 0.066 0.058 0.081 0.089 
 152   (0.076) 0.100 0.143 0.122 0.068 0.028 
 164   (0.043) 0.014 0.016 0.021 0.040 0.013 
 170   (0.018) 0.004 0.004 0.005 0.016 0.004 
 166   (0.023) 0.007 0.008 0.010 0.020 0.005 

Locus 15 : Ap85 
10 alleles
3.4% missing data
 202   (0.320) 0.364 0.407 0.415 0.326 0.340 
 186   (0.249) 0.355 0.294 0.265 0.267 0.401 
 204   (0.061) 0.033 0.035 0.040 0.056 0.031 
 188   (0.105) 0.096 0.086 0.076 0.104 0.102 
 194   (0.079) 0.046 0.039 0.054 0.079 0.068 
 196   (0.053) 0.044 0.062 0.060 0.048 0.019 
 200   (0.064) 0.033 0.041 0.048 0.059 0.021 
 192   (0.025) 0.005 0.006 0.008 0.022 0.006 
 190   (0.018) 0.003 0.003 0.006 0.016 0.006 
 198   (0.026) 0.020 0.028 0.029 0.023 0.006 

Locus 16 : Ap90 
13 alleles
0.7% missing data
 131   (0.368) 0.552 0.503 0.493 0.386 0.553 
 135   (0.066) 0.051 0.063 0.073 0.067 0.054 
 133   (0.282) 0.226 0.250 0.275 0.290 0.261 
 129   (0.097) 0.114 0.127 0.085 0.090 0.083 
 137   (0.035) 0.021 0.016 0.016 0.031 0.018 
 141   (0.017) 0.002 0.002 0.004 0.015 0.004 
 143   (0.023) 0.005 0.005 0.007 0.022 0.007 
 151   (0.024) 0.004 0.005 0.008 0.022 0.007 
 155   (0.016) 0.002 0.002 0.004 0.015 0.003 
 145   (0.016) 0.004 0.005 0.006 0.014 0.002 
 130   (0.020) 0.007 0.009 0.011 0.017 0.003 
 139   (0.016) 0.004 0.005 0.007 0.014 0.003 
 153   (0.020) 0.007 0.008 0.010 0.018 0.003 

Locus 17 : Ap223 
7 alleles
2.0% missing data
 183   (0.684) 0.741 0.800 0.753 0.676 0.643 
 187   (0.135) 0.186 0.128 0.151 0.155 0.268 
 189   (0.027) 0.016 0.010 0.008 0.024 0.014 
 173   (0.065) 0.030 0.031 0.051 0.065 0.050 
 182   (0.031) 0.009 0.007 0.010 0.029 0.011 
 180   (0.025) 0.006 0.007 0.008 0.023 0.006 
 179   (0.032) 0.013 0.017 0.020 0.029 0.009 

Locus 18 : Ap224 
7 alleles
4.0% missing data
 283   (0.111) 0.136 0.092 0.113 0.122 0.187 
 287   (0.468) 0.448 0.471 0.482 0.472 0.452 
 281   (0.137) 0.137 0.118 0.111 0.139 0.164 
 289   (0.205) 0.245 0.283 0.239 0.191 0.149 
 291   (0.037) 0.014 0.012 0.027 0.039 0.036 
 285   (0.018) 0.003 0.003 0.004 0.016 0.003 
 279   (0.024) 0.016 0.022 0.025 0.021 0.007 

Locus 19 : Ap226 
5 alleles
17.4% missing data
 237   (0.378) 0.354 0.347 0.342 0.374 0.346 
 239   (0.462) 0.518 0.553 0.533 0.459 0.467 
 247   (0.120) 0.117 0.089 0.112 0.133 0.178 
 235   (0.020) 0.006 0.005 0.005 0.017 0.006 
 241   (0.019) 0.005 0.006 0.008 0.017 0.003 

Locus 20 : Ap249 
9 alleles
1.3% missing data
 209   (0.610) 0.713 0.695 0.655 0.608 0.649 
 211   (0.055) 0.038 0.030 0.024 0.051 0.034 
 217   (0.082) 0.063 0.049 0.077 0.089 0.115 
 219   (0.105) 0.080 0.082 0.108 0.120 0.156 
 215   (0.079) 0.094 0.130 0.117 0.071 0.032 
 208   (0.017) 0.003 0.003 0.005 0.016 0.004 
 225   (0.018) 0.003 0.003 0.004 0.016 0.004 
 223   (0.017) 0.004 0.004 0.004 0.015 0.003 
 213   (0.017) 0.003 0.003 0.005 0.015 0.003 

Locus 21 : Ap273 
4 alleles
1.3% missing data
 106   (0.878) 0.952 0.948 0.942 0.888 0.952 
 108   (0.050) 0.022 0.028 0.029 0.047 0.024 
 104   (0.043) 0.017 0.013 0.014 0.040 0.018 
 102   (0.029) 0.009 0.011 0.015 0.026 0.006 

Locus 22 : Ap274 
2 alleles
2.0% missing data
 120   (0.944) 0.966 0.953 0.955 0.949 0.979 
 122   (0.056) 0.034 0.047 0.045 0.051 0.021 

Locus 23 : Ap288 
5 alleles
0.0% missing data
 123   (0.768) 0.809 0.856 0.802 0.750 0.690 
 131   (0.167) 0.178 0.130 0.174 0.190 0.286 
 139   (0.030) 0.006 0.007 0.013 0.029 0.014 
 121   (0.017) 0.003 0.003 0.006 0.016 0.005 
 124   (0.018) 0.003 0.004 0.005 0.016 0.005 

Locus 24 : At163 
7 alleles
0.0% missing data
 128   (0.710) 0.826 0.847 0.760 0.691 0.675 
 134   (0.194) 0.158 0.135 0.215 0.223 0.305 
 130   (0.025) 0.005 0.006 0.009 0.024 0.008 
 136   (0.018) 0.003 0.004 0.004 0.015 0.003 
 140   (0.018) 0.002 0.003 0.004 0.015 0.003 
 146   (0.017) 0.002 0.003 0.004 0.015 0.003 
 142   (0.018) 0.003 0.003 0.005 0.016 0.003 

Locus 25 : At188 
13 alleles
1.3% missing data
 189   (0.633) 0.797 0.838 0.807 0.651 0.760 
 205   (0.031) 0.009 0.010 0.027 0.035 0.035 
 207   (0.029) 0.056 0.024 0.013 0.026 0.048 
 219   (0.024) 0.006 0.006 0.007 0.022 0.007 
 209   (0.034) 0.036 0.021 0.017 0.031 0.033 
 217   (0.039) 0.015 0.014 0.016 0.037 0.016 
 215   (0.021) 0.009 0.010 0.008 0.019 0.009 
 199   (0.066) 0.032 0.041 0.054 0.065 0.044 
 212   (0.027) 0.011 0.009 0.011 0.025 0.012 
 213   (0.036) 0.013 0.010 0.018 0.036 0.023 
 211   (0.017) 0.002 0.002 0.004 0.015 0.003 
 191   (0.017) 0.006 0.005 0.004 0.015 0.005 
 187   (0.026) 0.009 0.011 0.014 0.023 0.005 

Values of parameters used in structure:
DATAFILE=,	OUTFILE=,	NUMINDS=149,	NUMLOCI=25,	MISSING=-9,	LABEL=1,	POPDATA=0,	POPFLAG=1,	PHENOTYPE=0,	EXTRACOLS=1,	MAXPOPS=5,	BURNIN=100000,	NUMREPS=1000000,	USEPOPINFO=0,	INFERALPHA=1,	INFERLAMBDA=0,	POPSPECIFICLAMBDA=0,	POPALPHAS=0,	COMPUTEPROB=1,	NOADMIX=0,	ADMBURNIN=2500,	UPDATEFREQ=1,	PRINTLIKES=0,	INTERMEDSAVE=0,	PRINTKLD=0,	PRINTNET=0,	PRINTLAMBDA=0,	ANCESTDIST=0,	NUMBOXES=1000,	ANCESTPINT=0.90000,	GENSBACK=2,	MIGRPRIOR=0.05000,	PRINTQHAT=0,	PRINTQSUM=0,	ALPHA=1.0000,	FREQSCORR=1,	FPRIORMEAN=0.0100,	FPRIORSD=0.0500,	ONEFST=0,	LAMBDA=1.0000,	UNIFPRIORALPHA=1,	ALPHAMAX=10.0000,	ALPHAPRIORA=1.0000,	ALPHAPRIORB=2.0000,	ALPHAPROPSD=0.0250,	STARTATPOPINFO=0,	RANDOMIZE=1,	LINKAGE=0,	METROFREQ=10,	REPORTHITRATE=0,	MARKOVPHASE=-1,	PHASED=0,	PLOIDY=2,	PHASEINFO=0	LOCPRIOR=0, 	LOCPRIORINIT=1.000000, 	LOCDATA=0, 	LOCISPOP=0, 	LOCPRIORSTEP=0.100000, 	MAXLOCPRIOR=20.000000, 	SEED=1342791227,	
[STRAT parameters]:    NUMSIMSTATS=1000,	PHENOTYPECOL=-9,	POOLFREQ=10,	LOCUSxONLY=0,	EMERROR=0.00100,	MISSINGPHENO=-9,	