

----------------------------------------------------
STRUCTURE by Pritchard, Stephens and Donnelly (2000)
     and Falush, Stephens and Pritchard (2003)
       Code by Pritchard, Falush and Hubisz
             Version 2.3.2.1 (Oct 2009)
----------------------------------------------------



Command line arguments: 
Input File:

Run parameters:
   149 individuals
   25 loci
   3 populations assumed
   100000 Burn-in period
   1000000 Reps


--------------------------------------------
Overall proportion of membership of the
sample in each of the 3 clusters

Inferred Clusters
  1      2      3    
0.345  0.343  0.312  

--------------------------------------------

Allele-freq. divergence among pops (Net nucleotide distance),
computed using point estimates of P.

      1       2       3      
 1      -    0.0286  0.0318  
 2   0.0286     -    0.0138  
 3   0.0318  0.0138     -    

Average distances (expected heterozygosity) between individuals in same cluster:
cluster  1  : 0.4572 
cluster  2  : 0.4833 
cluster  3  : 0.5387 

--------------------------------------------
Estimated Ln Prob of Data   = -7475.7
Mean value of ln likelihood = -7268.9
Variance of ln likelihood   = 413.6
Mean value of alpha         = 0.1218

Mean value of Fst_1         = 0.0718
Mean value of Fst_2         = 0.0883
Mean value of Fst_3         = 0.0530


Inferred ancestry of individuals:
        Label (%Miss) :  Inferred clusters
  1   I13825    (0)   :  0.024 0.070 0.906 
  2   I13826    (0)   :  0.020 0.090 0.891 
  3   I13827   (20)   :  0.025 0.930 0.045 
  4   I13828    (0)   :  0.024 0.058 0.918 
  5   I13829    (8)   :  0.022 0.879 0.099 
  6   I13830    (0)   :  0.016 0.124 0.859 
  7   I13831    (0)   :  0.027 0.732 0.241 
  8   I13832   (16)   :  0.040 0.788 0.172 
  9   I13833    (0)   :  0.029 0.895 0.076 
 10   I13834    (0)   :  0.014 0.935 0.052 
 11   I13835    (0)   :  0.018 0.627 0.354 
 12   I13836    (0)   :  0.018 0.911 0.070 
 13   I13377    (0)   :  0.059 0.867 0.074 
 14   I13378    (0)   :  0.036 0.241 0.723 
 15   I13379    (0)   :  0.030 0.531 0.439 
 16   I13380    (0)   :  0.121 0.833 0.046 
 17   I13381    (0)   :  0.075 0.745 0.180 
 18   I13382    (0)   :  0.013 0.958 0.028 
 19   I13383    (0)   :  0.057 0.564 0.379 
 20   I13384    (0)   :  0.036 0.822 0.142 
 21   I13385    (0)   :  0.014 0.941 0.046 
 22   I13386    (0)   :  0.015 0.961 0.024 
 23   I13387    (0)   :  0.027 0.206 0.767 
 24   I13388    (0)   :  0.075 0.053 0.872 
 25   I13389    (0)   :  0.091 0.814 0.095 
 26   I13390    (0)   :  0.029 0.933 0.038 
 27   I13391    (0)   :  0.123 0.510 0.368 
 28   I13392    (0)   :  0.046 0.277 0.677 
 29   I13393    (0)   :  0.186 0.779 0.034 
 30   I13394    (4)   :  0.413 0.392 0.196 
 31   I13395    (0)   :  0.355 0.327 0.318 
 32   I13396    (0)   :  0.089 0.040 0.871 
 33   I13397    (0)   :  0.021 0.303 0.677 
 34   I13398    (0)   :  0.014 0.205 0.781 
 35   I13399    (4)   :  0.051 0.746 0.203 
 36   I13400    (0)   :  0.098 0.626 0.275 
 37   I13401    (0)   :  0.398 0.476 0.126 
 38   I13402    (0)   :  0.052 0.073 0.875 
 39   I13403    (0)   :  0.103 0.189 0.709 
 40   I13404    (0)   :  0.019 0.683 0.297 
 41   I13405    (0)   :  0.018 0.961 0.021 
 42   I13406   (16)   :  0.027 0.258 0.715 
 43   I13407    (0)   :  0.023 0.278 0.699 
 44   I13408    (0)   :  0.022 0.890 0.088 
 45   I13409    (0)   :  0.074 0.095 0.830 
 46   I13410    (0)   :  0.016 0.856 0.129 
 47   I13411    (0)   :  0.012 0.873 0.115 
 48   I13412    (0)   :  0.298 0.497 0.205 
 49   I13413    (0)   :  0.049 0.120 0.831 
 50   I13414    (0)   :  0.024 0.172 0.804 
 51   I13415    (4)   :  0.062 0.735 0.203 
 52   I13416    (4)   :  0.092 0.377 0.531 
 53   I13417    (4)   :  0.101 0.772 0.127 
 54   I13418    (0)   :  0.089 0.737 0.174 
 55   I13419    (0)   :  0.023 0.647 0.330 
 56   I13420    (0)   :  0.153 0.457 0.391 
 57   I13421    (0)   :  0.151 0.778 0.071 
 58   I13422    (0)   :  0.243 0.525 0.232 
 59   I13423    (0)   :  0.144 0.352 0.505 
 60   I13424    (0)   :  0.036 0.858 0.105 
 61   I13425    (4)   :  0.057 0.674 0.268 
 62   I13426    (4)   :  0.573 0.189 0.238 
 63   I13870    (0)   :  0.176 0.283 0.541 
 64   I13871   (16)   :  0.034 0.295 0.671 
 65   I13872    (0)   :  0.020 0.043 0.937 
 66   I13873    (4)   :  0.092 0.112 0.797 
 67   I13874    (0)   :  0.068 0.093 0.839 
 68   I13875    (8)   :  0.047 0.106 0.847 
 69   I13876    (0)   :  0.243 0.162 0.595 
 70   I13877   (20)   :  0.060 0.808 0.132 
 71   I13878   (28)   :  0.024 0.441 0.535 
 72   I13879    (4)   :  0.014 0.801 0.185 
 73   I13880    (4)   :  0.015 0.036 0.950 
 74   I13881    (0)   :  0.063 0.347 0.590 
 75   I13882    (0)   :  0.027 0.113 0.860 
 76   I13883    (4)   :  0.042 0.028 0.930 
 77   I13884   (16)   :  0.059 0.219 0.722 
 78   I13885   (20)   :  0.020 0.821 0.159 
 79   I13886    (8)   :  0.019 0.309 0.673 
 80   I13887    (0)   :  0.088 0.039 0.873 
 81   I13888    (0)   :  0.061 0.242 0.697 
 82   I13889    (0)   :  0.826 0.124 0.050 
 83   I13890   (32)   :  0.611 0.202 0.187 
 84   I13891    (0)   :  0.033 0.283 0.684 
 85   I13892    (0)   :  0.384 0.490 0.126 
 86   I13893    (8)   :  0.101 0.413 0.486 
 87   I13894    (0)   :  0.018 0.017 0.966 
 88   I13895    (4)   :  0.277 0.421 0.302 
 89   I13896    (0)   :  0.141 0.077 0.781 
 90   I13897    (0)   :  0.012 0.224 0.764 
 91   I13898    (4)   :  0.034 0.205 0.760 
 92   I13899    (0)   :  0.011 0.040 0.949 
 93   I13900   (32)   :  0.080 0.111 0.809 
 94   I13837    (0)   :  0.030 0.946 0.023 
 95   I13838    (0)   :  0.759 0.093 0.148 
 96   I13839    (0)   :  0.075 0.849 0.075 
 97   I13840    (0)   :  0.112 0.679 0.209 
 98   I13841    (0)   :  0.466 0.479 0.055 
 99   I13842    (0)   :  0.200 0.772 0.027 
100   I13843    (4)   :  0.637 0.258 0.105 
101   I13844   (16)   :  0.125 0.743 0.133 
102   I13845    (0)   :  0.018 0.908 0.073 
103   I13846    (0)   :  0.035 0.921 0.045 
104   I13847    (0)   :  0.414 0.204 0.382 
105   I13848    (0)   :  0.383 0.237 0.381 
106   I13849    (0)   :  0.067 0.046 0.888 
107   I13850    (0)   :  0.514 0.227 0.259 
108   I12577    (4)   :  0.938 0.031 0.031 
109   I12578    (4)   :  0.915 0.033 0.052 
110   I12579    (8)   :  0.941 0.041 0.018 
111   I12580    (8)   :  0.943 0.034 0.023 
112   I12581    (4)   :  0.598 0.258 0.145 
113   I12582    (4)   :  0.935 0.029 0.036 
114   I12583    (8)   :  0.778 0.117 0.105 
115   I12584    (4)   :  0.861 0.031 0.108 
116   I12585    (4)   :  0.962 0.017 0.020 
117   I12586    (4)   :  0.949 0.024 0.027 
118   I12587    (8)   :  0.958 0.024 0.018 
119   I12588    (4)   :  0.964 0.019 0.017 
120   I12589    (0)   :  0.926 0.034 0.041 
121   I12590    (0)   :  0.905 0.045 0.050 
122   I12591   (12)   :  0.977 0.011 0.011 
123   I12592    (4)   :  0.945 0.030 0.025 
124   I12593    (4)   :  0.963 0.013 0.023 
125   I12594    (8)   :  0.963 0.017 0.019 
126   I12595    (0)   :  0.937 0.037 0.025 
127   I12596    (0)   :  0.966 0.018 0.016 
128   I12597    (4)   :  0.854 0.055 0.092 
129   I12598    (0)   :  0.845 0.090 0.065 
130   I12599    (0)   :  0.854 0.035 0.110 
131   I12600    (4)   :  0.937 0.027 0.035 
132   I12601    (8)   :  0.950 0.024 0.026 
133   I12602   (12)   :  0.950 0.025 0.026 
134   I12603    (0)   :  0.936 0.033 0.031 
135   I12604    (4)   :  0.914 0.031 0.055 
136   I12605    (4)   :  0.915 0.021 0.064 
137   I12606    (8)   :  0.961 0.019 0.020 
138   I12607    (4)   :  0.924 0.021 0.056 
139   I12608    (8)   :  0.923 0.031 0.046 
140   I12609    (8)   :  0.948 0.022 0.030 
141   I12610   (52)   :  0.927 0.044 0.029 
142   I12611    (0)   :  0.965 0.015 0.020 
143   I12612    (0)   :  0.959 0.019 0.022 
144   I12613    (0)   :  0.965 0.022 0.013 
145   I12614    (4)   :  0.891 0.081 0.028 
146   I12615    (0)   :  0.885 0.060 0.056 
147   I12616    (4)   :  0.889 0.078 0.033 
148   I12617    (8)   :  0.969 0.011 0.019 
149   I12618   (48)   :  0.957 0.023 0.021 


Estimated Allele Frequencies in each cluster
First column gives estimated ancestral frequencies


Locus 1 : A8 
7 alleles
4.0% missing data
 177   (0.483) 0.595 0.436 0.519 
 179   (0.107) 0.057 0.132 0.076 
 175   (0.113) 0.015 0.239 0.195 
 173   (0.051) 0.008 0.068 0.036 
 181   (0.173) 0.289 0.103 0.129 
 165   (0.044) 0.031 0.009 0.021 
 183   (0.030) 0.004 0.012 0.024 

Locus 2 : A14 
5 alleles
0.0% missing data
 112   (0.187) 0.041 0.212 0.351 
 110   (0.705) 0.817 0.771 0.601 
 114   (0.031) 0.004 0.006 0.027 
 118   (0.047) 0.102 0.006 0.014 
 116   (0.030) 0.036 0.004 0.006 

Locus 3 : A24 
5 alleles
2.7% missing data
 104   (0.386) 0.372 0.300 0.468 
 106   (0.532) 0.565 0.685 0.487 
 101   (0.022) 0.003 0.007 0.007 
 108   (0.028) 0.004 0.003 0.031 
  96   (0.031) 0.056 0.004 0.006 

Locus 4 : A29 
29 alleles
6.7% missing data
 143   (0.037) 0.007 0.039 0.079 
 149   (0.043) 0.061 0.018 0.043 
 147   (0.032) 0.029 0.007 0.034 
 153   (0.055) 0.086 0.109 0.034 
 169   (0.040) 0.036 0.009 0.083 
 151   (0.035) 0.038 0.087 0.010 
 145   (0.030) 0.024 0.006 0.029 
 157   (0.069) 0.120 0.053 0.108 
 155   (0.083) 0.150 0.086 0.126 
 159   (0.057) 0.045 0.040 0.123 
 161   (0.033) 0.008 0.091 0.025 
 141   (0.030) 0.013 0.051 0.014 
 139   (0.017) 0.002 0.019 0.003 
 144   (0.025) 0.004 0.067 0.013 
 171   (0.041) 0.042 0.073 0.022 
 163   (0.065) 0.067 0.088 0.084 
 167   (0.046) 0.056 0.029 0.046 
 173   (0.025) 0.010 0.039 0.008 
 142   (0.015) 0.002 0.003 0.010 
 177   (0.029) 0.039 0.010 0.011 
 175   (0.024) 0.018 0.012 0.008 
 165   (0.041) 0.042 0.019 0.049 
 146   (0.022) 0.003 0.031 0.012 
 137   (0.022) 0.013 0.004 0.010 
 183   (0.017) 0.021 0.002 0.004 
 179   (0.018) 0.020 0.003 0.004 
 191   (0.016) 0.011 0.002 0.003 
 185   (0.015) 0.010 0.002 0.003 
 180   (0.017) 0.022 0.002 0.003 

Locus 5 : A43 
7 alleles
1.3% missing data
 123   (0.157) 0.163 0.091 0.159 
 141   (0.021) 0.003 0.003 0.012 
 137   (0.687) 0.686 0.841 0.798 
 139   (0.061) 0.066 0.056 0.017 
 124   (0.031) 0.063 0.004 0.006 
 143   (0.021) 0.010 0.002 0.005 
 128   (0.021) 0.011 0.002 0.004 

Locus 6 : A79 
13 alleles
3.4% missing data
 103   (0.216) 0.199 0.284 0.290 
  97   (0.113) 0.063 0.074 0.196 
 101   (0.096) 0.046 0.223 0.076 
 107   (0.100) 0.079 0.185 0.065 
 109   (0.096) 0.087 0.068 0.091 
 105   (0.176) 0.366 0.106 0.187 
 111   (0.047) 0.036 0.012 0.034 
 113   (0.019) 0.003 0.002 0.011 
  91   (0.030) 0.074 0.004 0.007 
  99   (0.038) 0.026 0.025 0.010 
 115   (0.029) 0.013 0.013 0.013 
 117   (0.020) 0.003 0.003 0.011 
 121   (0.020) 0.004 0.003 0.009 

Locus 7 : A88 
9 alleles
6.0% missing data
 133   (0.021) 0.003 0.003 0.013 
 149   (0.518) 0.770 0.474 0.530 
 137   (0.091) 0.021 0.111 0.120 
 147   (0.195) 0.085 0.376 0.221 
 141   (0.084) 0.084 0.020 0.089 
 152   (0.022) 0.003 0.009 0.006 
 143   (0.021) 0.003 0.003 0.012 
 151   (0.022) 0.011 0.003 0.004 
 144   (0.025) 0.020 0.003 0.006 

Locus 8 : A113 
12 alleles
7.4% missing data
 214   (0.551) 0.718 0.770 0.661 
 226   (0.078) 0.043 0.034 0.104 
 218   (0.020) 0.003 0.010 0.004 
 220   (0.064) 0.131 0.038 0.022 
 216   (0.057) 0.043 0.023 0.033 
 230   (0.040) 0.008 0.070 0.020 
 234   (0.032) 0.005 0.008 0.036 
 232   (0.037) 0.008 0.015 0.029 
 228   (0.048) 0.021 0.013 0.051 
 224   (0.020) 0.003 0.005 0.009 
 222   (0.032) 0.013 0.003 0.025 
 208   (0.020) 0.003 0.010 0.004 

Locus 9 : Ac11 
9 alleles
4.7% missing data
 111   (0.138) 0.044 0.144 0.247 
 117   (0.274) 0.218 0.403 0.297 
 115   (0.256) 0.232 0.329 0.266 
 113   (0.151) 0.254 0.078 0.128 
 119   (0.063) 0.150 0.026 0.020 
 121   (0.032) 0.054 0.006 0.007 
 123   (0.034) 0.016 0.005 0.021 
 127   (0.030) 0.024 0.006 0.009 
 125   (0.021) 0.009 0.003 0.005 

Locus 10 : Ac88 
8 alleles
0.7% missing data
 214   (0.731) 0.884 0.892 0.748 
 216   (0.032) 0.004 0.012 0.023 
 220   (0.118) 0.039 0.083 0.199 
 230   (0.029) 0.011 0.003 0.014 
 221   (0.021) 0.011 0.002 0.004 
 212   (0.024) 0.020 0.002 0.004 
 217   (0.021) 0.011 0.002 0.004 
 224   (0.024) 0.020 0.003 0.004 

Locus 11 : Ac139 
8 alleles
13.4% missing data
 327   (0.517) 0.743 0.559 0.475 
 329   (0.268) 0.141 0.341 0.378 
 331   (0.078) 0.027 0.036 0.104 
 328   (0.040) 0.006 0.052 0.021 
 341   (0.023) 0.011 0.003 0.005 
 337   (0.030) 0.049 0.004 0.006 
 323   (0.022) 0.010 0.003 0.005 
 339   (0.022) 0.011 0.003 0.005 

Locus 12 : Ac306 
6 alleles
4.7% missing data
 165   (0.696) 0.809 0.793 0.718 
 177   (0.098) 0.091 0.050 0.072 
 173   (0.110) 0.041 0.062 0.169 
 169   (0.046) 0.007 0.090 0.023 
 171   (0.022) 0.003 0.002 0.012 
 179   (0.029) 0.049 0.003 0.006 

Locus 13 : Ap15 
7 alleles
6.0% missing data
 202   (0.811) 0.808 0.970 0.921 
 212   (0.028) 0.003 0.003 0.033 
 204   (0.041) 0.037 0.010 0.015 
 208   (0.035) 0.062 0.007 0.008 
 220   (0.041) 0.069 0.005 0.015 
 219   (0.022) 0.011 0.003 0.004 
 210   (0.022) 0.010 0.003 0.005 

Locus 14 : Ap68 
9 alleles
4.7% missing data
 158   (0.362) 0.303 0.287 0.571 
 160   (0.081) 0.031 0.136 0.052 
 156   (0.266) 0.341 0.380 0.202 
 162   (0.041) 0.014 0.007 0.041 
 154   (0.080) 0.023 0.134 0.069 
 152   (0.080) 0.234 0.042 0.025 
 164   (0.044) 0.025 0.008 0.030 
 170   (0.021) 0.008 0.004 0.005 
 166   (0.024) 0.020 0.003 0.005 

Locus 15 : Ap85 
10 alleles
3.4% missing data
 202   (0.334) 0.490 0.280 0.381 
 186   (0.245) 0.129 0.470 0.320 
 204   (0.060) 0.054 0.026 0.033 
 188   (0.095) 0.033 0.133 0.100 
 194   (0.079) 0.034 0.055 0.079 
 196   (0.054) 0.110 0.014 0.021 
 200   (0.056) 0.082 0.010 0.037 
 192   (0.028) 0.011 0.005 0.013 
 190   (0.021) 0.003 0.004 0.010 
 198   (0.028) 0.055 0.003 0.005 

Locus 16 : Ap90 
13 alleles
0.7% missing data
 131   (0.388) 0.518 0.533 0.469 
 135   (0.081) 0.079 0.034 0.077 
 133   (0.226) 0.222 0.238 0.316 
 129   (0.095) 0.084 0.140 0.060 
 137   (0.037) 0.017 0.031 0.011 
 141   (0.020) 0.003 0.003 0.011 
 143   (0.025) 0.003 0.008 0.016 
 151   (0.027) 0.010 0.003 0.015 
 155   (0.019) 0.003 0.003 0.011 
 145   (0.019) 0.011 0.002 0.004 
 130   (0.022) 0.020 0.002 0.004 
 139   (0.020) 0.011 0.002 0.003 
 153   (0.022) 0.020 0.002 0.004 

Locus 17 : Ap223 
7 alleles
2.0% missing data
 183   (0.654) 0.867 0.676 0.645 
 187   (0.146) 0.031 0.249 0.241 
 189   (0.027) 0.003 0.026 0.007 
 173   (0.073) 0.050 0.023 0.062 
 182   (0.033) 0.006 0.016 0.017 
 180   (0.029) 0.013 0.005 0.011 
 179   (0.038) 0.029 0.004 0.017 

Locus 18 : Ap224 
7 alleles
4.0% missing data
 283   (0.120) 0.027 0.177 0.177 
 287   (0.440) 0.464 0.444 0.487 
 281   (0.139) 0.062 0.183 0.141 
 289   (0.207) 0.391 0.171 0.129 
 291   (0.043) 0.006 0.016 0.052 
 285   (0.022) 0.003 0.007 0.008 
 279   (0.029) 0.047 0.003 0.005 

Locus 19 : Ap226 
5 alleles
17.4% missing data
 237   (0.346) 0.358 0.356 0.346 
 239   (0.479) 0.578 0.479 0.472 
 247   (0.128) 0.042 0.152 0.173 
 235   (0.023) 0.005 0.010 0.005 
 241   (0.023) 0.018 0.003 0.004 

Locus 20 : Ap249 
9 alleles
1.3% missing data
 209   (0.582) 0.688 0.690 0.615 
 211   (0.052) 0.010 0.053 0.038 
 217   (0.097) 0.033 0.085 0.117 
 219   (0.109) 0.028 0.113 0.179 
 215   (0.075) 0.223 0.041 0.020 
 208   (0.021) 0.003 0.003 0.012 
 225   (0.021) 0.003 0.005 0.009 
 223   (0.021) 0.003 0.009 0.005 
 213   (0.021) 0.010 0.002 0.004 

Locus 21 : Ap273 
4 alleles
1.3% missing data
 106   (0.869) 0.946 0.944 0.926 
 108   (0.058) 0.025 0.022 0.037 
 104   (0.039) 0.005 0.030 0.023 
 102   (0.034) 0.023 0.004 0.013 

Locus 22 : Ap274 
2 alleles
2.0% missing data
 120   (0.944) 0.914 0.990 0.976 
 122   (0.056) 0.086 0.010 0.024 

Locus 23 : Ap288 
5 alleles
0.0% missing data
 123   (0.736) 0.927 0.750 0.679 
 131   (0.190) 0.064 0.236 0.271 
 139   (0.030) 0.004 0.006 0.028 
 121   (0.022) 0.003 0.003 0.011 
 124   (0.022) 0.003 0.004 0.010 

Locus 24 : At163 
7 alleles
0.0% missing data
 128   (0.683) 0.892 0.790 0.604 
 134   (0.204) 0.073 0.189 0.357 
 130   (0.026) 0.004 0.004 0.020 
 136   (0.022) 0.003 0.009 0.005 
 140   (0.022) 0.009 0.003 0.005 
 146   (0.022) 0.009 0.003 0.005 
 142   (0.022) 0.010 0.003 0.004 

Locus 25 : At188 
13 alleles
1.3% missing data
 189   (0.614) 0.877 0.752 0.710 
 205   (0.031) 0.004 0.005 0.058 
 207   (0.036) 0.005 0.076 0.016 
 219   (0.027) 0.004 0.010 0.015 
 209   (0.035) 0.005 0.057 0.015 
 217   (0.037) 0.005 0.023 0.031 
 215   (0.023) 0.003 0.018 0.006 
 199   (0.068) 0.055 0.018 0.068 
 212   (0.028) 0.005 0.013 0.019 
 213   (0.035) 0.005 0.012 0.042 
 211   (0.020) 0.003 0.004 0.010 
 191   (0.020) 0.002 0.010 0.004 
 187   (0.024) 0.028 0.003 0.004 

Values of parameters used in structure:
DATAFILE=,	OUTFILE=,	NUMINDS=149,	NUMLOCI=25,	MISSING=-9,	LABEL=1,	POPDATA=0,	POPFLAG=1,	PHENOTYPE=0,	EXTRACOLS=1,	MAXPOPS=3,	BURNIN=100000,	NUMREPS=1000000,	USEPOPINFO=0,	INFERALPHA=1,	INFERLAMBDA=0,	POPSPECIFICLAMBDA=0,	POPALPHAS=0,	COMPUTEPROB=1,	NOADMIX=0,	ADMBURNIN=2500,	UPDATEFREQ=1,	PRINTLIKES=0,	INTERMEDSAVE=0,	PRINTKLD=0,	PRINTNET=0,	PRINTLAMBDA=0,	ANCESTDIST=0,	NUMBOXES=1000,	ANCESTPINT=0.90000,	GENSBACK=2,	MIGRPRIOR=0.05000,	PRINTQHAT=0,	PRINTQSUM=0,	ALPHA=1.0000,	FREQSCORR=1,	FPRIORMEAN=0.0100,	FPRIORSD=0.0500,	ONEFST=0,	LAMBDA=1.0000,	UNIFPRIORALPHA=1,	ALPHAMAX=10.0000,	ALPHAPRIORA=1.0000,	ALPHAPRIORB=2.0000,	ALPHAPROPSD=0.0250,	STARTATPOPINFO=0,	RANDOMIZE=1,	LINKAGE=0,	METROFREQ=10,	REPORTHITRATE=0,	MARKOVPHASE=-1,	PHASED=0,	PLOIDY=2,	PHASEINFO=0	LOCPRIOR=0, 	LOCPRIORINIT=1.000000, 	LOCDATA=0, 	LOCISPOP=0, 	LOCPRIORSTEP=0.100000, 	MAXLOCPRIOR=20.000000, 	SEED=1335110290,	
[STRAT parameters]:    NUMSIMSTATS=1000,	PHENOTYPECOL=-9,	POOLFREQ=10,	LOCUSxONLY=0,	EMERROR=0.00100,	MISSINGPHENO=-9,	