

----------------------------------------------------
STRUCTURE by Pritchard, Stephens and Donnelly (2000)
     and Falush, Stephens and Pritchard (2003)
       Code by Pritchard, Falush and Hubisz
             Version 2.3.2.1 (Oct 2009)
----------------------------------------------------



Command line arguments: 
Input File:

Run parameters:
   149 individuals
   25 loci
   4 populations assumed
   100000 Burn-in period
   1000000 Reps


--------------------------------------------
Overall proportion of membership of the
sample in each of the 4 clusters

Inferred Clusters
  1      2      3      4    
0.296  0.244  0.271  0.188  

--------------------------------------------

Allele-freq. divergence among pops (Net nucleotide distance),
computed using point estimates of P.

      1       2       3       4      
 1      -    0.0525  0.0402  0.0252  
 2   0.0525     -    0.0246  0.0154  
 3   0.0402  0.0246     -    0.0168  
 4   0.0252  0.0154  0.0168     -    

Average distances (expected heterozygosity) between individuals in same cluster:
cluster  1  : 0.4245 
cluster  2  : 0.5175 
cluster  3  : 0.4592 
cluster  4  : 0.5785 

--------------------------------------------
Estimated Ln Prob of Data   = -7599.0
Mean value of ln likelihood = -7264.7
Variance of ln likelihood   = 668.7
Mean value of alpha         = 0.2225

Mean value of Fst_1         = 0.1200
Mean value of Fst_2         = 0.1119
Mean value of Fst_3         = 0.1311
Mean value of Fst_4         = 0.0004


Inferred ancestry of individuals:
        Label (%Miss) :  Inferred clusters
  1   I13825    (0)   :  0.035 0.387 0.091 0.487 
  2   I13826    (0)   :  0.036 0.824 0.071 0.069 
  3   I13827   (20)   :  0.039 0.079 0.811 0.071 
  4   I13828    (0)   :  0.036 0.716 0.084 0.165 
  5   I13829    (8)   :  0.034 0.155 0.739 0.071 
  6   I13830    (0)   :  0.031 0.830 0.081 0.058 
  7   I13831    (0)   :  0.050 0.290 0.577 0.082 
  8   I13832   (16)   :  0.052 0.113 0.581 0.253 
  9   I13833    (0)   :  0.050 0.107 0.794 0.049 
 10   I13834    (0)   :  0.024 0.133 0.807 0.036 
 11   I13835    (0)   :  0.024 0.117 0.459 0.400 
 12   I13836    (0)   :  0.029 0.121 0.706 0.144 
 13   I13377    (0)   :  0.065 0.053 0.771 0.112 
 14   I13378    (0)   :  0.040 0.202 0.216 0.541 
 15   I13379    (0)   :  0.052 0.541 0.327 0.079 
 16   I13380    (0)   :  0.145 0.044 0.740 0.071 
 17   I13381    (0)   :  0.087 0.096 0.428 0.388 
 18   I13382    (0)   :  0.028 0.065 0.872 0.035 
 19   I13383    (0)   :  0.053 0.168 0.345 0.434 
 20   I13384    (0)   :  0.055 0.315 0.521 0.109 
 21   I13385    (0)   :  0.023 0.071 0.861 0.046 
 22   I13386    (0)   :  0.030 0.059 0.843 0.068 
 23   I13387    (0)   :  0.038 0.571 0.208 0.184 
 24   I13388    (0)   :  0.071 0.435 0.057 0.437 
 25   I13389    (0)   :  0.130 0.102 0.704 0.064 
 26   I13390    (0)   :  0.052 0.114 0.783 0.050 
 27   I13391    (0)   :  0.126 0.136 0.314 0.424 
 28   I13392    (0)   :  0.058 0.261 0.245 0.436 
 29   I13393    (0)   :  0.179 0.040 0.643 0.138 
 30   I13394    (4)   :  0.381 0.122 0.239 0.258 
 31   I13395    (0)   :  0.357 0.184 0.272 0.186 
 32   I13396    (0)   :  0.143 0.578 0.048 0.231 
 33   I13397    (0)   :  0.035 0.335 0.239 0.391 
 34   I13398    (0)   :  0.023 0.738 0.198 0.041 
 35   I13399    (4)   :  0.045 0.092 0.349 0.515 
 36   I13400    (0)   :  0.101 0.166 0.495 0.237 
 37   I13401    (0)   :  0.297 0.092 0.386 0.225 
 38   I13402    (0)   :  0.068 0.383 0.113 0.436 
 39   I13403    (0)   :  0.153 0.653 0.139 0.055 
 40   I13404    (0)   :  0.030 0.493 0.423 0.054 
 41   I13405    (0)   :  0.033 0.039 0.891 0.036 
 42   I13406   (16)   :  0.038 0.475 0.113 0.375 
 43   I13407    (0)   :  0.040 0.577 0.257 0.127 
 44   I13408    (0)   :  0.032 0.132 0.775 0.061 
 45   I13409    (0)   :  0.069 0.422 0.075 0.434 
 46   I13410    (0)   :  0.024 0.257 0.641 0.077 
 47   I13411    (0)   :  0.019 0.234 0.695 0.052 
 48   I13412    (0)   :  0.271 0.286 0.298 0.144 
 49   I13413    (0)   :  0.073 0.581 0.080 0.266 
 50   I13414    (0)   :  0.036 0.680 0.123 0.160 
 51   I13415    (4)   :  0.085 0.219 0.622 0.074 
 52   I13416    (4)   :  0.143 0.490 0.252 0.116 
 53   I13417    (4)   :  0.153 0.183 0.608 0.056 
 54   I13418    (0)   :  0.150 0.323 0.446 0.080 
 55   I13419    (0)   :  0.030 0.164 0.359 0.447 
 56   I13420    (0)   :  0.221 0.523 0.194 0.062 
 57   I13421    (0)   :  0.266 0.108 0.572 0.054 
 58   I13422    (0)   :  0.255 0.276 0.361 0.108 
 59   I13423    (0)   :  0.099 0.184 0.296 0.421 
 60   I13424    (0)   :  0.060 0.110 0.703 0.126 
 61   I13425    (4)   :  0.091 0.213 0.560 0.136 
 62   I13426    (4)   :  0.414 0.160 0.154 0.271 
 63   I13870    (0)   :  0.220 0.543 0.148 0.088 
 64   I13871   (16)   :  0.051 0.547 0.188 0.214 
 65   I13872    (0)   :  0.025 0.767 0.046 0.162 
 66   I13873    (4)   :  0.124 0.657 0.093 0.125 
 67   I13874    (0)   :  0.068 0.541 0.078 0.313 
 68   I13875    (8)   :  0.081 0.719 0.100 0.100 
 69   I13876    (0)   :  0.117 0.216 0.079 0.587 
 70   I13877   (20)   :  0.100 0.182 0.591 0.127 
 71   I13878   (28)   :  0.037 0.593 0.308 0.061 
 72   I13879    (4)   :  0.021 0.330 0.601 0.048 
 73   I13880    (4)   :  0.027 0.879 0.040 0.054 
 74   I13881    (0)   :  0.085 0.344 0.151 0.419 
 75   I13882    (0)   :  0.050 0.712 0.130 0.108 
 76   I13883    (4)   :  0.077 0.737 0.038 0.148 
 77   I13884   (16)   :  0.043 0.150 0.127 0.680 
 78   I13885   (20)   :  0.026 0.109 0.470 0.395 
 79   I13886    (8)   :  0.033 0.546 0.303 0.118 
 80   I13887    (0)   :  0.069 0.133 0.032 0.766 
 81   I13888    (0)   :  0.057 0.365 0.126 0.452 
 82   I13889    (0)   :  0.650 0.058 0.148 0.144 
 83   I13890   (32)   :  0.419 0.152 0.198 0.231 
 84   I13891    (0)   :  0.046 0.656 0.181 0.117 
 85   I13892    (0)   :  0.364 0.154 0.367 0.116 
 86   I13893    (8)   :  0.046 0.093 0.191 0.670 
 87   I13894    (0)   :  0.037 0.868 0.027 0.068 
 88   I13895    (4)   :  0.131 0.170 0.316 0.382 
 89   I13896    (0)   :  0.218 0.593 0.062 0.127 
 90   I13897    (0)   :  0.019 0.685 0.248 0.048 
 91   I13898    (4)   :  0.066 0.691 0.160 0.083 
 92   I13899    (0)   :  0.018 0.908 0.041 0.034 
 93   I13900   (32)   :  0.087 0.272 0.097 0.544 
 94   I13837    (0)   :  0.058 0.049 0.846 0.047 
 95   I13838    (0)   :  0.608 0.201 0.082 0.109 
 96   I13839    (0)   :  0.129 0.111 0.681 0.079 
 97   I13840    (0)   :  0.199 0.234 0.514 0.054 
 98   I13841    (0)   :  0.478 0.079 0.371 0.072 
 99   I13842    (0)   :  0.283 0.032 0.632 0.053 
100   I13843    (4)   :  0.585 0.144 0.181 0.089 
101   I13844   (16)   :  0.135 0.097 0.566 0.203 
102   I13845    (0)   :  0.031 0.111 0.791 0.067 
103   I13846    (0)   :  0.055 0.078 0.744 0.123 
104   I13847    (0)   :  0.358 0.350 0.133 0.159 
105   I13848    (0)   :  0.264 0.270 0.170 0.296 
106   I13849    (0)   :  0.106 0.603 0.057 0.234 
107   I13850    (0)   :  0.517 0.145 0.190 0.147 
108   I12577    (4)   :  0.807 0.037 0.045 0.112 
109   I12578    (4)   :  0.753 0.069 0.048 0.130 
110   I12579    (8)   :  0.675 0.025 0.071 0.229 
111   I12580    (8)   :  0.865 0.038 0.058 0.039 
112   I12581    (4)   :  0.226 0.053 0.220 0.501 
113   I12582    (4)   :  0.830 0.058 0.039 0.074 
114   I12583    (8)   :  0.278 0.049 0.090 0.583 
115   I12584    (4)   :  0.577 0.062 0.035 0.326 
116   I12585    (4)   :  0.874 0.035 0.026 0.065 
117   I12586    (4)   :  0.865 0.045 0.035 0.055 
118   I12587    (8)   :  0.906 0.028 0.037 0.029 
119   I12588    (4)   :  0.826 0.022 0.032 0.119 
120   I12589    (0)   :  0.805 0.069 0.046 0.080 
121   I12590    (0)   :  0.674 0.071 0.071 0.184 
122   I12591   (12)   :  0.919 0.017 0.019 0.044 
123   I12592    (4)   :  0.778 0.047 0.054 0.122 
124   I12593    (4)   :  0.852 0.042 0.022 0.084 
125   I12594    (8)   :  0.892 0.033 0.030 0.045 
126   I12595    (0)   :  0.560 0.025 0.048 0.367 
127   I12596    (0)   :  0.890 0.020 0.031 0.059 
128   I12597    (4)   :  0.406 0.035 0.052 0.508 
129   I12598    (0)   :  0.517 0.051 0.062 0.371 
130   I12599    (0)   :  0.577 0.151 0.044 0.228 
131   I12600    (4)   :  0.843 0.070 0.039 0.048 
132   I12601    (8)   :  0.825 0.038 0.032 0.105 
133   I12602   (12)   :  0.819 0.041 0.044 0.097 
134   I12603    (0)   :  0.642 0.043 0.047 0.268 
135   I12604    (4)   :  0.749 0.089 0.039 0.123 
136   I12605    (4)   :  0.781 0.062 0.034 0.123 
137   I12606    (8)   :  0.847 0.025 0.031 0.097 
138   I12607    (4)   :  0.594 0.045 0.030 0.330 
139   I12608    (8)   :  0.672 0.054 0.051 0.223 
140   I12609    (8)   :  0.871 0.031 0.035 0.062 
141   I12610   (52)   :  0.762 0.044 0.079 0.114 
142   I12611    (0)   :  0.889 0.037 0.025 0.048 
143   I12612    (0)   :  0.866 0.034 0.032 0.068 
144   I12613    (0)   :  0.884 0.020 0.042 0.054 
145   I12614    (4)   :  0.756 0.056 0.112 0.076 
146   I12615    (0)   :  0.641 0.070 0.089 0.200 
147   I12616    (4)   :  0.499 0.034 0.087 0.380 
148   I12617    (8)   :  0.920 0.031 0.018 0.031 
149   I12618   (48)   :  0.833 0.031 0.035 0.100 


Estimated Allele Frequencies in each cluster
First column gives estimated ancestral frequencies


Locus 1 : A8 
7 alleles
4.0% missing data
 177   (0.519) 0.595 0.488 0.445 0.520 
 179   (0.092) 0.054 0.076 0.141 0.092 
 175   (0.098) 0.010 0.257 0.246 0.098 
 173   (0.045) 0.005 0.024 0.083 0.045 
 181   (0.174) 0.306 0.128 0.073 0.174 
 165   (0.041) 0.026 0.014 0.006 0.041 
 183   (0.031) 0.003 0.013 0.007 0.031 

Locus 2 : A14 
5 alleles
0.0% missing data
 112   (0.206) 0.029 0.392 0.200 0.207 
 110   (0.699) 0.822 0.580 0.788 0.699 
 114   (0.032) 0.004 0.015 0.005 0.032 
 118   (0.035) 0.113 0.008 0.004 0.034 
 116   (0.028) 0.033 0.004 0.003 0.028 

Locus 3 : A24 
5 alleles
2.7% missing data
 104   (0.419) 0.368 0.467 0.272 0.420 
 106   (0.509) 0.567 0.502 0.718 0.509 
 101   (0.017) 0.002 0.003 0.004 0.017 
 108   (0.028) 0.003 0.025 0.003 0.028 
  96   (0.027) 0.060 0.003 0.003 0.026 

Locus 4 : A29 
29 alleles
6.7% missing data
 143   (0.033) 0.005 0.102 0.035 0.033 
 149   (0.053) 0.055 0.023 0.019 0.054 
 147   (0.028) 0.032 0.034 0.004 0.028 
 153   (0.057) 0.088 0.026 0.129 0.057 
 169   (0.035) 0.031 0.104 0.006 0.035 
 151   (0.036) 0.025 0.007 0.109 0.036 
 145   (0.028) 0.027 0.026 0.005 0.028 
 157   (0.065) 0.148 0.128 0.033 0.065 
 155   (0.098) 0.185 0.117 0.070 0.098 
 159   (0.050) 0.045 0.161 0.025 0.050 
 161   (0.033) 0.006 0.013 0.110 0.033 
 141   (0.028) 0.007 0.010 0.058 0.028 
 139   (0.015) 0.002 0.003 0.019 0.015 
 144   (0.022) 0.003 0.011 0.081 0.021 
 171   (0.052) 0.032 0.023 0.070 0.053 
 163   (0.080) 0.059 0.071 0.099 0.081 
 167   (0.046) 0.067 0.038 0.019 0.046 
 173   (0.024) 0.005 0.012 0.038 0.024 
 142   (0.013) 0.002 0.007 0.002 0.013 
 177   (0.023) 0.047 0.004 0.006 0.023 
 175   (0.023) 0.017 0.004 0.006 0.023 
 165   (0.043) 0.041 0.048 0.014 0.043 
 146   (0.020) 0.002 0.014 0.030 0.020 
 137   (0.019) 0.011 0.003 0.002 0.019 
 183   (0.017) 0.016 0.003 0.002 0.016 
 179   (0.018) 0.013 0.003 0.003 0.017 
 191   (0.013) 0.005 0.002 0.001 0.013 
 185   (0.013) 0.004 0.002 0.001 0.013 
 180   (0.015) 0.022 0.002 0.001 0.015 

Locus 5 : A43 
7 alleles
1.3% missing data
 123   (0.222) 0.154 0.088 0.083 0.224 
 141   (0.017) 0.001 0.004 0.002 0.017 
 137   (0.648) 0.688 0.886 0.863 0.647 
 139   (0.050) 0.081 0.014 0.046 0.049 
 124   (0.030) 0.064 0.004 0.003 0.030 
 143   (0.017) 0.004 0.002 0.002 0.017 
 128   (0.017) 0.008 0.002 0.002 0.017 

Locus 6 : A79 
13 alleles
3.4% missing data
 103   (0.238) 0.175 0.312 0.305 0.239 
  97   (0.129) 0.054 0.211 0.059 0.130 
 101   (0.091) 0.033 0.063 0.269 0.091 
 107   (0.098) 0.074 0.075 0.193 0.098 
 109   (0.101) 0.087 0.076 0.068 0.101 
 105   (0.158) 0.426 0.206 0.061 0.158 
 111   (0.051) 0.028 0.025 0.009 0.051 
 113   (0.016) 0.002 0.005 0.001 0.016 
  91   (0.025) 0.083 0.003 0.003 0.024 
  99   (0.032) 0.026 0.010 0.022 0.032 
 115   (0.028) 0.009 0.007 0.008 0.028 
 117   (0.016) 0.002 0.006 0.002 0.016 
 121   (0.016) 0.002 0.003 0.002 0.016 

Locus 7 : A88 
9 alleles
6.0% missing data
 133   (0.018) 0.002 0.004 0.002 0.018 
 149   (0.521) 0.817 0.537 0.453 0.521 
 137   (0.101) 0.014 0.139 0.093 0.101 
 147   (0.205) 0.061 0.227 0.427 0.205 
 141   (0.079) 0.088 0.080 0.016 0.079 
 152   (0.017) 0.002 0.002 0.003 0.017 
 143   (0.017) 0.002 0.004 0.002 0.017 
 151   (0.017) 0.006 0.002 0.002 0.017 
 144   (0.025) 0.009 0.004 0.002 0.025 

Locus 8 : A113 
12 alleles
7.4% missing data
 214   (0.588) 0.748 0.677 0.809 0.589 
 226   (0.057) 0.028 0.144 0.017 0.057 
 218   (0.017) 0.002 0.003 0.009 0.017 
 220   (0.061) 0.143 0.016 0.030 0.060 
 216   (0.058) 0.035 0.019 0.021 0.058 
 230   (0.041) 0.005 0.015 0.076 0.040 
 234   (0.031) 0.004 0.031 0.007 0.031 
 232   (0.030) 0.005 0.032 0.010 0.030 
 228   (0.052) 0.015 0.041 0.008 0.052 
 224   (0.017) 0.002 0.004 0.002 0.017 
 222   (0.031) 0.010 0.015 0.003 0.031 
 208   (0.016) 0.002 0.003 0.007 0.016 

Locus 9 : Ac11 
9 alleles
4.7% missing data
 111   (0.127) 0.030 0.309 0.127 0.127 
 117   (0.308) 0.193 0.282 0.445 0.308 
 115   (0.250) 0.236 0.277 0.338 0.250 
 113   (0.162) 0.274 0.102 0.065 0.163 
 119   (0.047) 0.179 0.012 0.013 0.046 
 121   (0.025) 0.061 0.004 0.003 0.025 
 123   (0.032) 0.012 0.006 0.003 0.032 
 127   (0.031) 0.012 0.006 0.005 0.031 
 125   (0.017) 0.002 0.002 0.002 0.017 

Locus 10 : Ac88 
8 alleles
0.7% missing data
 214   (0.755) 0.926 0.724 0.927 0.755 
 216   (0.029) 0.003 0.020 0.006 0.029 
 220   (0.115) 0.026 0.242 0.057 0.115 
 230   (0.025) 0.004 0.006 0.002 0.025 
 221   (0.017) 0.007 0.002 0.002 0.017 
 212   (0.020) 0.019 0.002 0.002 0.020 
 217   (0.017) 0.004 0.002 0.002 0.017 
 224   (0.023) 0.011 0.003 0.002 0.022 

Locus 11 : Ac139 
8 alleles
13.4% missing data
 327   (0.498) 0.808 0.425 0.588 0.498 
 329   (0.297) 0.100 0.441 0.326 0.298 
 331   (0.073) 0.018 0.110 0.031 0.073 
 328   (0.047) 0.005 0.012 0.045 0.047 
 341   (0.019) 0.008 0.003 0.002 0.019 
 337   (0.028) 0.051 0.004 0.003 0.027 
 323   (0.019) 0.004 0.003 0.002 0.019 
 339   (0.019) 0.006 0.003 0.002 0.019 

Locus 12 : Ac306 
6 alleles
4.7% missing data
 165   (0.740) 0.808 0.703 0.821 0.741 
 177   (0.078) 0.105 0.065 0.036 0.078 
 173   (0.095) 0.031 0.211 0.036 0.095 
 169   (0.043) 0.005 0.014 0.103 0.043 
 171   (0.018) 0.002 0.003 0.002 0.018 
 179   (0.026) 0.050 0.003 0.003 0.026 

Locus 13 : Ap15 
7 alleles
6.0% missing data
 202   (0.813) 0.833 0.946 0.974 0.814 
 212   (0.028) 0.003 0.027 0.003 0.028 
 204   (0.043) 0.027 0.008 0.008 0.043 
 208   (0.041) 0.055 0.006 0.006 0.041 
 220   (0.039) 0.069 0.008 0.004 0.038 
 219   (0.018) 0.008 0.003 0.002 0.018 
 210   (0.018) 0.006 0.003 0.002 0.018 

Locus 14 : Ap68 
9 alleles
4.7% missing data
 158   (0.399) 0.289 0.630 0.253 0.399 
 160   (0.088) 0.022 0.033 0.151 0.088 
 156   (0.221) 0.361 0.237 0.390 0.220 
 162   (0.044) 0.008 0.029 0.006 0.044 
 154   (0.094) 0.017 0.035 0.158 0.095 
 152   (0.070) 0.264 0.016 0.033 0.070 
 164   (0.044) 0.022 0.015 0.005 0.044 
 170   (0.018) 0.003 0.002 0.003 0.018 
 166   (0.022) 0.015 0.003 0.002 0.022 

Locus 15 : Ap85 
10 alleles
3.4% missing data
 202   (0.310) 0.551 0.389 0.254 0.310 
 186   (0.254) 0.102 0.382 0.497 0.254 
 204   (0.067) 0.037 0.024 0.026 0.067 
 188   (0.110) 0.023 0.075 0.149 0.110 
 194   (0.077) 0.026 0.083 0.047 0.077 
 196   (0.052) 0.115 0.012 0.011 0.052 
 200   (0.065) 0.078 0.017 0.008 0.065 
 192   (0.025) 0.005 0.006 0.003 0.025 
 190   (0.017) 0.002 0.008 0.003 0.017 
 198   (0.024) 0.061 0.003 0.002 0.024 

Locus 16 : Ap90 
13 alleles
0.7% missing data
 131   (0.355) 0.545 0.528 0.563 0.355 
 135   (0.062) 0.090 0.081 0.024 0.062 
 133   (0.305) 0.204 0.308 0.218 0.306 
 129   (0.096) 0.090 0.040 0.150 0.096 
 137   (0.035) 0.011 0.007 0.029 0.035 
 141   (0.016) 0.002 0.004 0.002 0.016 
 143   (0.022) 0.002 0.009 0.004 0.022 
 151   (0.023) 0.004 0.009 0.002 0.023 
 155   (0.016) 0.002 0.003 0.002 0.016 
 145   (0.015) 0.008 0.002 0.001 0.015 
 130   (0.019) 0.017 0.003 0.002 0.019 
 139   (0.015) 0.009 0.002 0.001 0.015 
 153   (0.019) 0.016 0.002 0.002 0.019 

Locus 17 : Ap223 
7 alleles
2.0% missing data
 183   (0.694) 0.900 0.609 0.676 0.695 
 187   (0.131) 0.020 0.291 0.266 0.131 
 189   (0.025) 0.002 0.005 0.026 0.025 
 173   (0.064) 0.040 0.070 0.015 0.064 
 182   (0.031) 0.004 0.010 0.009 0.031 
 180   (0.025) 0.006 0.005 0.004 0.025 
 179   (0.031) 0.028 0.011 0.003 0.030 

Locus 18 : Ap224 
7 alleles
4.0% missing data
 283   (0.108) 0.018 0.200 0.190 0.108 
 287   (0.470) 0.457 0.483 0.438 0.471 
 281   (0.134) 0.047 0.157 0.188 0.134 
 289   (0.206) 0.422 0.100 0.166 0.207 
 291   (0.038) 0.004 0.054 0.013 0.038 
 285   (0.018) 0.002 0.003 0.003 0.018 
 279   (0.025) 0.050 0.003 0.002 0.024 

Locus 19 : Ap226 
5 alleles
17.4% missing data
 237   (0.386) 0.346 0.321 0.359 0.387 
 239   (0.463) 0.611 0.450 0.494 0.463 
 247   (0.113) 0.029 0.223 0.138 0.113 
 235   (0.019) 0.003 0.003 0.007 0.018 
 241   (0.019) 0.011 0.003 0.002 0.019 

Locus 20 : Ap249 
9 alleles
1.3% missing data
 209   (0.620) 0.703 0.582 0.734 0.621 
 211   (0.053) 0.008 0.014 0.061 0.053 
 217   (0.082) 0.018 0.146 0.078 0.082 
 219   (0.101) 0.017 0.232 0.087 0.101 
 215   (0.075) 0.244 0.012 0.031 0.075 
 208   (0.017) 0.002 0.005 0.002 0.017 
 225   (0.017) 0.002 0.004 0.002 0.017 
 223   (0.017) 0.002 0.003 0.004 0.017 
 213   (0.017) 0.004 0.002 0.002 0.017 

Locus 21 : Ap273 
4 alleles
1.3% missing data
 106   (0.875) 0.954 0.951 0.962 0.875 
 108   (0.052) 0.021 0.032 0.015 0.052 
 104   (0.045) 0.004 0.011 0.021 0.045 
 102   (0.028) 0.021 0.006 0.003 0.028 

Locus 22 : Ap274 
2 alleles
2.0% missing data
 120   (0.945) 0.917 0.985 0.993 0.945 
 122   (0.055) 0.083 0.015 0.007 0.055 

Locus 23 : Ap288 
5 alleles
0.0% missing data
 123   (0.777) 0.954 0.618 0.766 0.778 
 131   (0.159) 0.040 0.347 0.225 0.159 
 139   (0.029) 0.003 0.020 0.004 0.029 
 121   (0.017) 0.002 0.008 0.002 0.017 
 124   (0.017) 0.002 0.006 0.003 0.017 

Locus 24 : At163 
7 alleles
0.0% missing data
 128   (0.713) 0.936 0.555 0.815 0.713 
 134   (0.193) 0.052 0.426 0.173 0.193 
 130   (0.025) 0.003 0.010 0.003 0.025 
 136   (0.017) 0.001 0.002 0.004 0.017 
 140   (0.017) 0.002 0.002 0.002 0.017 
 146   (0.018) 0.002 0.002 0.002 0.018 
 142   (0.017) 0.004 0.002 0.002 0.017 

Locus 25 : At188 
13 alleles
1.3% missing data
 189   (0.634) 0.900 0.772 0.755 0.635 
 205   (0.031) 0.003 0.060 0.005 0.031 
 207   (0.029) 0.003 0.011 0.092 0.029 
 219   (0.024) 0.002 0.007 0.006 0.024 
 209   (0.032) 0.004 0.012 0.064 0.032 
 217   (0.042) 0.004 0.015 0.016 0.043 
 215   (0.020) 0.002 0.008 0.014 0.020 
 199   (0.064) 0.051 0.067 0.013 0.064 
 212   (0.029) 0.005 0.010 0.010 0.029 
 213   (0.037) 0.004 0.031 0.013 0.037 
 211   (0.016) 0.001 0.002 0.002 0.016 
 191   (0.016) 0.002 0.003 0.008 0.016 
 187   (0.025) 0.021 0.003 0.003 0.025 

Values of parameters used in structure:
DATAFILE=,	OUTFILE=,	NUMINDS=149,	NUMLOCI=25,	MISSING=-9,	LABEL=1,	POPDATA=0,	POPFLAG=1,	PHENOTYPE=0,	EXTRACOLS=1,	MAXPOPS=4,	BURNIN=100000,	NUMREPS=1000000,	USEPOPINFO=0,	INFERALPHA=1,	INFERLAMBDA=0,	POPSPECIFICLAMBDA=0,	POPALPHAS=0,	COMPUTEPROB=1,	NOADMIX=0,	ADMBURNIN=2500,	UPDATEFREQ=1,	PRINTLIKES=0,	INTERMEDSAVE=0,	PRINTKLD=0,	PRINTNET=0,	PRINTLAMBDA=0,	ANCESTDIST=0,	NUMBOXES=1000,	ANCESTPINT=0.90000,	GENSBACK=2,	MIGRPRIOR=0.05000,	PRINTQHAT=0,	PRINTQSUM=0,	ALPHA=1.0000,	FREQSCORR=1,	FPRIORMEAN=0.0100,	FPRIORSD=0.0500,	ONEFST=0,	LAMBDA=1.0000,	UNIFPRIORALPHA=1,	ALPHAMAX=10.0000,	ALPHAPRIORA=1.0000,	ALPHAPRIORB=2.0000,	ALPHAPROPSD=0.0250,	STARTATPOPINFO=0,	RANDOMIZE=1,	LINKAGE=0,	METROFREQ=10,	REPORTHITRATE=0,	MARKOVPHASE=-1,	PHASED=0,	PLOIDY=2,	PHASEINFO=0	LOCPRIOR=0, 	LOCPRIORINIT=1.000000, 	LOCDATA=0, 	LOCISPOP=0, 	LOCPRIORSTEP=0.100000, 	MAXLOCPRIOR=20.000000, 	SEED=1342788936,	
[STRAT parameters]:    NUMSIMSTATS=1000,	PHENOTYPECOL=-9,	POOLFREQ=10,	LOCUSxONLY=0,	EMERROR=0.00100,	MISSINGPHENO=-9,	