

----------------------------------------------------
STRUCTURE by Pritchard, Stephens and Donnelly (2000)
     and Falush, Stephens and Pritchard (2003)
       Code by Pritchard, Falush and Hubisz
             Version 2.3.2.1 (Oct 2009)
----------------------------------------------------



Command line arguments:
Input File:

Run parameters:
   149 individuals
   25 loci
   6 populations assumed
   100000 Burn-in period
   1000000 Reps


--------------------------------------------
Overall proportion of membership of the
sample in each of the 6 clusters

Inferred Clusters
  1      2      3      4      5      6    
0.169  0.160  0.165  0.167  0.161  0.178  

--------------------------------------------

Allele-freq. divergence among pops (Net nucleotide distance),
computed using point estimates of P.

      1       2       3       4       5       6      
 1      -    0.0037  0.0056  0.0074  0.0039  0.0035  
 2   0.0037     -    0.0038  0.0104  0.0072  0.0025  
 3   0.0056  0.0038     -    0.0212  0.0161  0.0024  
 4   0.0074  0.0104  0.0212     -    0.0035  0.0160  
 5   0.0039  0.0072  0.0161  0.0035     -    0.0103  
 6   0.0035  0.0025  0.0024  0.0160  0.0103     -    

Average distances (expected heterozygosity) between individuals in same cluster:
cluster  1  : 0.4845 
cluster  2  : 0.5360 
cluster  3  : 0.4700 
cluster  4  : 0.5268 
cluster  5  : 0.5331 
cluster  6  : 0.4723 

--------------------------------------------
Estimated Ln Prob of Data   = -7963.6
Mean value of ln likelihood = -7164.9
Variance of ln likelihood   = 1597.3
Mean value of alpha         = 0.2581

Mean value of Fst_1         = 0.2087
Mean value of Fst_2         = 0.0877
Mean value of Fst_3         = 0.1833
Mean value of Fst_4         = 0.1486
Mean value of Fst_5         = 0.1272
Mean value of Fst_6         = 0.1823


Inferred ancestry of individuals:
        Label (%Miss) :  Inferred clusters
  1   I13825    (0)   :  0.121 0.222 0.095 0.256 0.231 0.075 
  2   I13826    (0)   :  0.189 0.090 0.061 0.386 0.215 0.060 
  3   I13827   (20)   :  0.249 0.102 0.156 0.084 0.246 0.163 
  4   I13828    (0)   :  0.168 0.115 0.066 0.359 0.212 0.079 
  5   I13829    (8)   :  0.224 0.110 0.103 0.179 0.208 0.177 
  6   I13830    (0)   :  0.187 0.089 0.068 0.344 0.239 0.073 
  7   I13831    (0)   :  0.197 0.104 0.093 0.236 0.175 0.195 
  8   I13832   (16)   :  0.196 0.154 0.119 0.139 0.218 0.174 
  9   I13833    (0)   :  0.217 0.109 0.114 0.159 0.188 0.213 
 10   I13834    (0)   :  0.243 0.087 0.123 0.139 0.239 0.169 
 11   I13835    (0)   :  0.164 0.161 0.098 0.192 0.196 0.190 
 12   I13836    (0)   :  0.225 0.126 0.128 0.125 0.249 0.147 
 13   I13377    (0)   :  0.192 0.125 0.115 0.163 0.179 0.227 
 14   I13378    (0)   :  0.129 0.178 0.105 0.219 0.183 0.185 
 15   I13379    (0)   :  0.188 0.100 0.079 0.298 0.188 0.146 
 16   I13380    (0)   :  0.221 0.129 0.160 0.094 0.185 0.213 
 17   I13381    (0)   :  0.199 0.170 0.105 0.164 0.192 0.170 
 18   I13382    (0)   :  0.247 0.090 0.100 0.137 0.233 0.192 
 19   I13383    (0)   :  0.158 0.180 0.101 0.197 0.192 0.172 
 20   I13384    (0)   :  0.207 0.119 0.103 0.212 0.214 0.144 
 21   I13385    (0)   :  0.244 0.099 0.124 0.114 0.233 0.186 
 22   I13386    (0)   :  0.247 0.097 0.124 0.103 0.260 0.170 
 23   I13387    (0)   :  0.173 0.128 0.073 0.320 0.218 0.087 
 24   I13388    (0)   :  0.119 0.229 0.125 0.218 0.228 0.080 
 25   I13389    (0)   :  0.220 0.115 0.153 0.143 0.166 0.203 
 26   I13390    (0)   :  0.235 0.094 0.118 0.145 0.237 0.173 
 27   I13391    (0)   :  0.146 0.183 0.133 0.176 0.178 0.184 
 28   I13392    (0)   :  0.142 0.168 0.111 0.227 0.190 0.161 
 29   I13393    (0)   :  0.210 0.132 0.108 0.166 0.157 0.226 
 30   I13394    (4)   :  0.164 0.163 0.201 0.135 0.140 0.197 
 31   I13395    (0)   :  0.172 0.148 0.195 0.144 0.144 0.196 
 32   I13396    (0)   :  0.160 0.158 0.135 0.269 0.178 0.100 
 33   I13397    (0)   :  0.156 0.176 0.105 0.229 0.206 0.127 
 34   I13398    (0)   :  0.201 0.079 0.068 0.344 0.231 0.078 
 35   I13399    (4)   :  0.134 0.216 0.122 0.162 0.213 0.153 
 36   I13400    (0)   :  0.173 0.140 0.120 0.202 0.168 0.198 
 37   I13401    (0)   :  0.180 0.184 0.217 0.106 0.124 0.189 
 38   I13402    (0)   :  0.132 0.195 0.116 0.227 0.196 0.133 
 39   I13403    (0)   :  0.195 0.105 0.122 0.289 0.162 0.127 
 40   I13404    (0)   :  0.218 0.085 0.083 0.269 0.229 0.115 
 41   I13405    (0)   :  0.244 0.101 0.125 0.108 0.221 0.201 
 42   I13406   (16)   :  0.147 0.186 0.090 0.288 0.217 0.073 
 43   I13407    (0)   :  0.181 0.107 0.076 0.326 0.176 0.135 
 44   I13408    (0)   :  0.207 0.110 0.087 0.192 0.179 0.225 
 45   I13409    (0)   :  0.125 0.208 0.120 0.249 0.214 0.084 
 46   I13410    (0)   :  0.205 0.104 0.068 0.257 0.187 0.180 
 47   I13411    (0)   :  0.222 0.094 0.107 0.174 0.253 0.150 
 48   I13412    (0)   :  0.175 0.141 0.162 0.159 0.183 0.180 
 49   I13413    (0)   :  0.150 0.157 0.108 0.277 0.205 0.103 
 50   I13414    (0)   :  0.177 0.122 0.076 0.310 0.237 0.078 
 51   I13415    (4)   :  0.238 0.109 0.158 0.142 0.192 0.160 
 52   I13416    (4)   :  0.181 0.127 0.138 0.200 0.194 0.159 
 53   I13417    (4)   :  0.240 0.122 0.190 0.118 0.165 0.166 
 54   I13418    (0)   :  0.227 0.102 0.162 0.149 0.214 0.145 
 55   I13419    (0)   :  0.148 0.222 0.130 0.137 0.257 0.106 
 56   I13420    (0)   :  0.200 0.116 0.153 0.215 0.178 0.137 
 57   I13421    (0)   :  0.242 0.115 0.178 0.126 0.152 0.185 
 58   I13422    (0)   :  0.168 0.145 0.162 0.162 0.158 0.205 
 59   I13423    (0)   :  0.185 0.184 0.128 0.157 0.203 0.143 
 60   I13424    (0)   :  0.198 0.120 0.112 0.181 0.195 0.194 
 61   I13425    (4)   :  0.199 0.139 0.146 0.153 0.215 0.149 
 62   I13426    (4)   :  0.163 0.167 0.217 0.139 0.135 0.179 
 63   I13870    (0)   :  0.196 0.114 0.163 0.242 0.162 0.123 
 64   I13871   (16)   :  0.165 0.146 0.094 0.259 0.212 0.124 
 65   I13872    (0)   :  0.166 0.125 0.054 0.389 0.217 0.049 
 66   I13873    (4)   :  0.183 0.114 0.104 0.309 0.168 0.123 
 67   I13874    (0)   :  0.145 0.169 0.109 0.271 0.222 0.084 
 68   I13875    (8)   :  0.177 0.119 0.103 0.312 0.193 0.097 
 69   I13876    (0)   :  0.104 0.271 0.153 0.161 0.223 0.087 
 70   I13877   (20)   :  0.242 0.119 0.121 0.172 0.189 0.157 
 71   I13878   (28)   :  0.209 0.089 0.085 0.291 0.224 0.102 
 72   I13879    (4)   :  0.231 0.086 0.100 0.203 0.234 0.146 
 73   I13880    (4)   :  0.184 0.088 0.052 0.399 0.221 0.056 
 74   I13881    (0)   :  0.139 0.217 0.144 0.188 0.221 0.091 
 75   I13882    (0)   :  0.181 0.113 0.076 0.344 0.198 0.089 
 76   I13883    (4)   :  0.172 0.123 0.089 0.358 0.192 0.065 
 77   I13884   (16)   :  0.097 0.286 0.132 0.155 0.245 0.085 
 78   I13885   (20)   :  0.168 0.191 0.102 0.163 0.239 0.137 
 79   I13886    (8)   :  0.193 0.109 0.092 0.283 0.211 0.112 
 80   I13887    (0)   :  0.072 0.336 0.150 0.141 0.234 0.067 
 81   I13888    (0)   :  0.144 0.204 0.100 0.236 0.214 0.102 
 82   I13889    (0)   :  0.119 0.200 0.223 0.085 0.082 0.292 
 83   I13890   (32)   :  0.158 0.163 0.204 0.137 0.137 0.201 
 84   I13891    (0)   :  0.185 0.109 0.087 0.286 0.238 0.095 
 85   I13892    (0)   :  0.207 0.131 0.203 0.141 0.134 0.184 
 86   I13893    (8)   :  0.114 0.250 0.128 0.165 0.210 0.133 
 87   I13894    (0)   :  0.182 0.091 0.049 0.433 0.198 0.046 
 88   I13895    (4)   :  0.150 0.179 0.144 0.170 0.182 0.175 
 89   I13896    (0)   :  0.187 0.125 0.159 0.276 0.151 0.102 
 90   I13897    (0)   :  0.198 0.078 0.075 0.311 0.242 0.096 
 91   I13898    (4)   :  0.188 0.103 0.084 0.332 0.175 0.117 
 92   I13899    (0)   :  0.190 0.074 0.036 0.438 0.217 0.046 
 93   I13900   (32)   :  0.110 0.253 0.143 0.173 0.222 0.098 
 94   I13837    (0)   :  0.237 0.105 0.149 0.095 0.226 0.188 
 95   I13838    (0)   :  0.148 0.175 0.232 0.124 0.091 0.230 
 96   I13839    (0)   :  0.222 0.120 0.168 0.093 0.218 0.180 
 97   I13840    (0)   :  0.222 0.118 0.170 0.142 0.166 0.183 
 98   I13841    (0)   :  0.250 0.129 0.244 0.104 0.111 0.162 
 99   I13842    (0)   :  0.214 0.137 0.193 0.093 0.151 0.212 
100   I13843    (4)   :  0.241 0.133 0.250 0.109 0.106 0.162 
101   I13844   (16)   :  0.178 0.148 0.132 0.164 0.174 0.206 
102   I13845    (0)   :  0.238 0.105 0.118 0.131 0.233 0.175 
103   I13846    (0)   :  0.227 0.129 0.125 0.136 0.215 0.168 
104   I13847    (0)   :  0.153 0.162 0.182 0.183 0.142 0.178 
105   I13848    (0)   :  0.153 0.161 0.160 0.183 0.146 0.198 
106   I13849    (0)   :  0.150 0.154 0.112 0.290 0.170 0.125 
107   I13850    (0)   :  0.212 0.137 0.232 0.140 0.105 0.175 
108   I12577    (4)   :  0.123 0.205 0.270 0.065 0.065 0.272 
109   I12578    (4)   :  0.102 0.212 0.239 0.072 0.061 0.315 
110   I12579    (8)   :  0.121 0.218 0.239 0.076 0.097 0.249 
111   I12580    (8)   :  0.158 0.168 0.302 0.054 0.045 0.272 
112   I12581    (4)   :  0.128 0.211 0.163 0.137 0.162 0.199 
113   I12582    (4)   :  0.137 0.186 0.284 0.067 0.052 0.274 
114   I12583    (8)   :  0.112 0.265 0.222 0.083 0.170 0.148 
115   I12584    (4)   :  0.116 0.247 0.235 0.081 0.121 0.200 
116   I12585    (4)   :  0.168 0.184 0.311 0.050 0.046 0.242 
117   I12586    (4)   :  0.157 0.166 0.303 0.062 0.046 0.265 
118   I12587    (8)   :  0.193 0.162 0.327 0.047 0.036 0.235 
119   I12588    (4)   :  0.122 0.207 0.293 0.050 0.059 0.269 
120   I12589    (0)   :  0.156 0.188 0.275 0.062 0.057 0.262 
121   I12590    (0)   :  0.123 0.200 0.251 0.090 0.085 0.252 
122   I12591   (12)   :  0.101 0.210 0.277 0.037 0.029 0.347 
123   I12592    (4)   :  0.086 0.225 0.235 0.053 0.061 0.340 
124   I12593    (4)   :  0.085 0.219 0.252 0.054 0.042 0.348 
125   I12594    (8)   :  0.125 0.183 0.301 0.050 0.038 0.304 
126   I12595    (0)   :  0.100 0.252 0.212 0.079 0.125 0.232 
127   I12596    (0)   :  0.109 0.203 0.277 0.042 0.040 0.329 
128   I12597    (4)   :  0.119 0.258 0.244 0.081 0.156 0.141 
129   I12598    (0)   :  0.123 0.242 0.235 0.072 0.124 0.205 
130   I12599    (0)   :  0.109 0.216 0.204 0.122 0.107 0.242 
131   I12600    (4)   :  0.186 0.159 0.318 0.064 0.046 0.227 
132   I12601    (8)   :  0.153 0.198 0.289 0.059 0.064 0.237 
133   I12602   (12)   :  0.130 0.191 0.284 0.062 0.057 0.276 
134   I12603    (0)   :  0.112 0.236 0.253 0.070 0.112 0.217 
135   I12604    (4)   :  0.146 0.191 0.279 0.086 0.070 0.228 
136   I12605    (4)   :  0.137 0.195 0.273 0.077 0.066 0.253 
137   I12606    (8)   :  0.092 0.220 0.240 0.055 0.049 0.345 
138   I12607    (4)   :  0.080 0.256 0.228 0.070 0.098 0.268 
139   I12608    (8)   :  0.108 0.219 0.229 0.080 0.087 0.278 
140   I12609    (8)   :  0.139 0.199 0.280 0.048 0.043 0.291 
141   I12610   (52)   :  0.143 0.181 0.262 0.078 0.076 0.259 
142   I12611    (0)   :  0.151 0.197 0.283 0.046 0.036 0.287 
143   I12612    (0)   :  0.169 0.182 0.299 0.050 0.046 0.253 
144   I12613    (0)   :  0.109 0.212 0.255 0.044 0.040 0.339 
145   I12614    (4)   :  0.168 0.170 0.251 0.078 0.089 0.243 
146   I12615    (0)   :  0.129 0.212 0.228 0.080 0.098 0.253 
147   I12616    (4)   :  0.091 0.269 0.206 0.073 0.145 0.216 
148   I12617    (8)   :  0.135 0.182 0.317 0.044 0.028 0.295 
149   I12618   (48)   :  0.140 0.187 0.297 0.056 0.054 0.267 


Estimated Allele Frequencies in each cluster
First column gives estimated ancestral frequencies


Locus 1 : A8 
7 alleles
4.0% missing data
 177   (0.509) 0.518 0.532 0.545 0.521 0.448 0.543 
 179   (0.095) 0.096 0.081 0.073 0.086 0.114 0.077 
 175   (0.097) 0.180 0.092 0.088 0.199 0.238 0.103 
 173   (0.046) 0.036 0.040 0.023 0.046 0.046 0.046 
 181   (0.181) 0.150 0.203 0.241 0.117 0.117 0.199 
 165   (0.040) 0.011 0.033 0.022 0.016 0.019 0.023 
 183   (0.031) 0.010 0.020 0.008 0.016 0.017 0.008 

Locus 2 : A14 
5 alleles
0.0% missing data
 112   (0.200) 0.209 0.166 0.089 0.358 0.249 0.133 
 110   (0.697) 0.746 0.738 0.809 0.606 0.705 0.786 
 114   (0.033) 0.008 0.020 0.010 0.015 0.017 0.006 
 118   (0.039) 0.026 0.051 0.069 0.013 0.017 0.058 
 116   (0.031) 0.011 0.024 0.023 0.008 0.013 0.016 

Locus 3 : A24 
5 alleles
2.7% missing data
 104   (0.404) 0.367 0.380 0.366 0.445 0.365 0.337 
 106   (0.518) 0.605 0.559 0.583 0.522 0.597 0.622 
 101   (0.018) 0.004 0.011 0.005 0.006 0.009 0.004 
 108   (0.030) 0.009 0.019 0.009 0.019 0.017 0.007 
  96   (0.030) 0.015 0.031 0.037 0.008 0.012 0.029 

Locus 4 : A29 
29 alleles
6.7% missing data
 143   (0.034) 0.045 0.029 0.018 0.080 0.055 0.021 
 149   (0.049) 0.025 0.050 0.043 0.029 0.030 0.048 
 147   (0.030) 0.018 0.027 0.025 0.026 0.021 0.020 
 153   (0.051) 0.102 0.073 0.108 0.034 0.074 0.086 
 169   (0.037) 0.036 0.036 0.025 0.081 0.041 0.026 
 151   (0.037) 0.054 0.043 0.030 0.045 0.049 0.068 
 145   (0.029) 0.016 0.025 0.023 0.021 0.018 0.019 
 157   (0.066) 0.107 0.083 0.130 0.091 0.070 0.081 
 155   (0.095) 0.116 0.118 0.147 0.107 0.088 0.132 
 159   (0.052) 0.082 0.052 0.054 0.125 0.070 0.036 
 161   (0.033) 0.057 0.031 0.034 0.030 0.066 0.047 
 141   (0.029) 0.028 0.024 0.023 0.018 0.037 0.025 
 139   (0.017) 0.010 0.011 0.008 0.006 0.015 0.007 
 144   (0.026) 0.035 0.023 0.018 0.028 0.041 0.033 
 171   (0.049) 0.040 0.047 0.038 0.041 0.050 0.054 
 163   (0.071) 0.080 0.072 0.062 0.085 0.084 0.092 
 167   (0.046) 0.032 0.054 0.050 0.032 0.033 0.057 
 173   (0.025) 0.021 0.019 0.014 0.017 0.028 0.016 
 142   (0.014) 0.003 0.008 0.004 0.006 0.007 0.002 
 177   (0.025) 0.012 0.027 0.029 0.010 0.012 0.028 
 175   (0.023) 0.009 0.017 0.014 0.009 0.012 0.011 
 165   (0.044) 0.028 0.042 0.038 0.034 0.035 0.036 
 146   (0.021) 0.016 0.016 0.010 0.017 0.022 0.013 
 137   (0.020) 0.004 0.014 0.009 0.005 0.009 0.008 
 183   (0.018) 0.005 0.014 0.012 0.005 0.008 0.009 
 179   (0.019) 0.005 0.014 0.010 0.006 0.009 0.009 
 191   (0.014) 0.002 0.009 0.005 0.003 0.006 0.004 
 185   (0.014) 0.002 0.009 0.005 0.003 0.006 0.004 
 180   (0.016) 0.007 0.014 0.015 0.004 0.007 0.010 

Locus 5 : A43 
7 alleles
1.3% missing data
 123   (0.203) 0.117 0.172 0.142 0.122 0.131 0.147 
 141   (0.018) 0.003 0.011 0.004 0.005 0.008 0.002 
 137   (0.659) 0.794 0.709 0.730 0.828 0.792 0.764 
 139   (0.049) 0.062 0.051 0.070 0.027 0.040 0.046 
 124   (0.034) 0.018 0.035 0.041 0.010 0.014 0.032 
 143   (0.018) 0.002 0.011 0.005 0.004 0.007 0.003 
 128   (0.018) 0.003 0.012 0.007 0.004 0.007 0.005 

Locus 6 : A79 
13 alleles
3.4% missing data
 103   (0.230) 0.280 0.231 0.211 0.314 0.274 0.250 
  97   (0.130) 0.099 0.104 0.068 0.191 0.116 0.068 
 101   (0.092) 0.129 0.093 0.092 0.090 0.161 0.128 
 107   (0.097) 0.134 0.094 0.096 0.091 0.148 0.110 
 109   (0.099) 0.067 0.093 0.079 0.080 0.080 0.091 
 105   (0.164) 0.214 0.235 0.321 0.160 0.124 0.248 
 111   (0.047) 0.019 0.039 0.028 0.026 0.026 0.028 
 113   (0.017) 0.002 0.010 0.004 0.005 0.007 0.002 
  91   (0.028) 0.023 0.035 0.052 0.009 0.011 0.039 
  99   (0.034) 0.018 0.028 0.026 0.013 0.022 0.021 
 115   (0.029) 0.010 0.019 0.013 0.012 0.014 0.010 
 117   (0.017) 0.003 0.010 0.004 0.006 0.008 0.003 
 121   (0.017) 0.002 0.010 0.004 0.004 0.007 0.002 

Locus 7 : A88 
9 alleles
6.0% missing data
 133   (0.019) 0.003 0.011 0.005 0.006 0.008 0.003 
 149   (0.519) 0.586 0.603 0.692 0.547 0.469 0.636 
 137   (0.104) 0.086 0.077 0.048 0.130 0.109 0.052 
 147   (0.189) 0.265 0.177 0.165 0.229 0.322 0.231 
 141   (0.086) 0.046 0.081 0.065 0.068 0.058 0.061 
 152   (0.019) 0.003 0.011 0.005 0.005 0.008 0.003 
 143   (0.019) 0.003 0.011 0.005 0.005 0.008 0.003 
 151   (0.019) 0.003 0.012 0.006 0.004 0.007 0.004 
 144   (0.026) 0.005 0.017 0.010 0.007 0.011 0.007 

Locus 8 : A113 
12 alleles
7.4% missing data
 214   (0.562) 0.786 0.642 0.749 0.688 0.692 0.740 
 226   (0.064) 0.055 0.052 0.035 0.103 0.071 0.032 
 218   (0.018) 0.005 0.011 0.006 0.004 0.010 0.004 
 220   (0.065) 0.038 0.086 0.086 0.032 0.036 0.102 
 216   (0.059) 0.019 0.048 0.034 0.024 0.032 0.034 
 230   (0.047) 0.034 0.037 0.024 0.034 0.048 0.035 
 234   (0.034) 0.013 0.022 0.011 0.025 0.023 0.009 
 232   (0.032) 0.015 0.022 0.012 0.026 0.024 0.009 
 228   (0.051) 0.020 0.037 0.021 0.039 0.031 0.020 
 224   (0.018) 0.003 0.011 0.005 0.005 0.008 0.003 
 222   (0.033) 0.008 0.021 0.012 0.015 0.016 0.008 
 208   (0.018) 0.005 0.011 0.005 0.005 0.009 0.004 

Locus 9 : Ac11 
9 alleles
4.7% missing data
 111   (0.129) 0.152 0.109 0.074 0.256 0.181 0.083 
 117   (0.296) 0.316 0.289 0.235 0.335 0.345 0.340 
 115   (0.246) 0.335 0.250 0.307 0.251 0.299 0.239 
 113   (0.161) 0.125 0.181 0.208 0.107 0.101 0.183 
 119   (0.054) 0.040 0.084 0.107 0.020 0.027 0.101 
 121   (0.029) 0.015 0.032 0.037 0.008 0.012 0.032 
 123   (0.035) 0.006 0.023 0.013 0.009 0.014 0.009 
 127   (0.032) 0.008 0.021 0.014 0.010 0.015 0.010 
 125   (0.018) 0.002 0.011 0.005 0.004 0.007 0.003 

Locus 10 : Ac88 
8 alleles
0.7% missing data
 214   (0.742) 0.872 0.813 0.900 0.755 0.812 0.906 
 216   (0.031) 0.010 0.019 0.009 0.017 0.019 0.007 
 220   (0.119) 0.099 0.094 0.049 0.202 0.124 0.053 
 230   (0.026) 0.004 0.016 0.008 0.007 0.011 0.004 
 221   (0.018) 0.003 0.011 0.007 0.004 0.007 0.005 
 212   (0.022) 0.005 0.018 0.012 0.005 0.009 0.012 
 217   (0.018) 0.002 0.011 0.005 0.004 0.007 0.004 
 224   (0.025) 0.004 0.017 0.010 0.005 0.010 0.009 

Locus 11 : Ac139 
8 alleles
13.4% missing data
 327   (0.503) 0.608 0.601 0.704 0.487 0.475 0.688 
 329   (0.289) 0.288 0.244 0.195 0.372 0.382 0.216 
 331   (0.072) 0.051 0.053 0.033 0.091 0.069 0.028 
 328   (0.042) 0.030 0.033 0.015 0.028 0.036 0.029 
 341   (0.020) 0.004 0.013 0.007 0.005 0.008 0.005 
 337   (0.032) 0.013 0.031 0.033 0.008 0.013 0.026 
 323   (0.020) 0.003 0.012 0.006 0.005 0.008 0.004 
 339   (0.020) 0.003 0.012 0.007 0.005 0.008 0.004 

Locus 12 : Ac306 
6 alleles
4.7% missing data
 165   (0.727) 0.764 0.768 0.783 0.737 0.754 0.832 
 177   (0.077) 0.090 0.074 0.106 0.059 0.053 0.053 
 173   (0.099) 0.085 0.078 0.046 0.166 0.107 0.044 
 169   (0.046) 0.049 0.036 0.033 0.026 0.066 0.039 
 171   (0.019) 0.002 0.011 0.005 0.004 0.008 0.002 
 179   (0.032) 0.010 0.033 0.027 0.008 0.012 0.030 

Locus 13 : Ap15 
7 alleles
6.0% missing data
 202   (0.808) 0.939 0.836 0.874 0.931 0.912 0.882 
 212   (0.029) 0.010 0.018 0.007 0.023 0.018 0.004 
 204   (0.046) 0.013 0.033 0.024 0.014 0.021 0.018 
 208   (0.039) 0.019 0.042 0.041 0.011 0.016 0.037 
 220   (0.039) 0.013 0.047 0.040 0.012 0.016 0.049 
 219   (0.019) 0.004 0.012 0.007 0.004 0.008 0.005 
 210   (0.019) 0.003 0.012 0.006 0.004 0.008 0.005 

Locus 14 : Ap68 
9 alleles
4.7% missing data
 158   (0.383) 0.400 0.355 0.336 0.519 0.408 0.288 
 160   (0.081) 0.074 0.074 0.043 0.077 0.088 0.097 
 156   (0.243) 0.329 0.295 0.344 0.239 0.307 0.347 
 162   (0.045) 0.014 0.030 0.015 0.026 0.025 0.011 
 154   (0.082) 0.074 0.074 0.048 0.075 0.092 0.094 
 152   (0.079) 0.090 0.112 0.175 0.035 0.041 0.130 
 164   (0.044) 0.012 0.031 0.021 0.017 0.021 0.017 
 170   (0.018) 0.003 0.011 0.005 0.005 0.008 0.004 
 166   (0.023) 0.004 0.018 0.012 0.005 0.009 0.012 

Locus 15 : Ap85 
10 alleles
3.4% missing data
 202   (0.315) 0.413 0.374 0.491 0.337 0.294 0.365 
 186   (0.244) 0.338 0.235 0.202 0.376 0.404 0.295 
 204   (0.061) 0.027 0.050 0.034 0.034 0.038 0.044 
 188   (0.101) 0.088 0.086 0.053 0.109 0.105 0.100 
 194   (0.080) 0.052 0.061 0.043 0.075 0.068 0.035 
 196   (0.062) 0.034 0.070 0.071 0.024 0.030 0.067 
 200   (0.064) 0.022 0.064 0.054 0.024 0.029 0.056 
 192   (0.026) 0.005 0.016 0.008 0.008 0.011 0.005 
 190   (0.018) 0.004 0.011 0.005 0.007 0.009 0.003 
 198   (0.030) 0.017 0.033 0.038 0.008 0.012 0.030 

Locus 16 : Ap90 
13 alleles
0.7% missing data
 131   (0.358) 0.560 0.446 0.546 0.474 0.492 0.505 
 135   (0.068) 0.060 0.065 0.078 0.064 0.054 0.051 
 133   (0.278) 0.225 0.261 0.204 0.322 0.257 0.270 
 129   (0.100) 0.107 0.098 0.092 0.080 0.103 0.113 
 137   (0.037) 0.016 0.027 0.017 0.016 0.024 0.020 
 141   (0.017) 0.003 0.010 0.004 0.005 0.008 0.002 
 143   (0.024) 0.005 0.015 0.007 0.009 0.012 0.004 
 151   (0.025) 0.005 0.015 0.007 0.009 0.012 0.004 
 155   (0.017) 0.002 0.010 0.004 0.004 0.007 0.002 
 145   (0.017) 0.003 0.011 0.007 0.004 0.007 0.005 
 130   (0.021) 0.005 0.015 0.013 0.005 0.008 0.009 
 139   (0.017) 0.003 0.011 0.007 0.003 0.006 0.006 
 153   (0.022) 0.005 0.015 0.012 0.005 0.009 0.008 

Locus 17 : Ap223 
7 alleles
2.0% missing data
 183   (0.678) 0.736 0.740 0.813 0.641 0.650 0.791 
 187   (0.137) 0.192 0.125 0.096 0.259 0.240 0.133 
 189   (0.027) 0.013 0.018 0.010 0.010 0.020 0.011 
 173   (0.066) 0.033 0.055 0.038 0.058 0.046 0.037 
 182   (0.033) 0.008 0.021 0.011 0.012 0.017 0.008 
 180   (0.026) 0.006 0.017 0.009 0.007 0.012 0.006 
 179   (0.033) 0.012 0.025 0.023 0.012 0.015 0.016 

Locus 18 : Ap224 
7 alleles
4.0% missing data
 283   (0.114) 0.134 0.101 0.075 0.173 0.172 0.108 
 287   (0.474) 0.430 0.467 0.426 0.497 0.460 0.483 
 281   (0.136) 0.137 0.115 0.087 0.158 0.177 0.111 
 289   (0.191) 0.266 0.248 0.368 0.116 0.140 0.251 
 291   (0.039) 0.022 0.026 0.012 0.045 0.032 0.010 
 285   (0.018) 0.003 0.011 0.005 0.004 0.008 0.003 
 279   (0.027) 0.008 0.032 0.027 0.007 0.011 0.033 

Locus 19 : Ap226 
5 alleles
17.4% missing data
 237   (0.379) 0.345 0.356 0.347 0.341 0.368 0.344 
 239   (0.461) 0.515 0.518 0.555 0.474 0.440 0.564 
 247   (0.120) 0.132 0.100 0.082 0.175 0.174 0.080 
 235   (0.020) 0.005 0.012 0.006 0.005 0.010 0.004 
 241   (0.020) 0.004 0.014 0.009 0.005 0.008 0.007 

Locus 20 : Ap249 
9 alleles
1.3% missing data
 209   (0.598) 0.693 0.646 0.708 0.590 0.659 0.710 
 211   (0.057) 0.032 0.041 0.025 0.031 0.046 0.033 
 217   (0.083) 0.078 0.067 0.042 0.130 0.093 0.047 
 219   (0.103) 0.112 0.084 0.052 0.194 0.127 0.062 
 215   (0.085) 0.074 0.118 0.154 0.036 0.043 0.134 
 208   (0.019) 0.003 0.011 0.005 0.005 0.008 0.003 
 225   (0.018) 0.003 0.010 0.005 0.005 0.008 0.002 
 223   (0.018) 0.003 0.011 0.004 0.005 0.008 0.003 
 213   (0.018) 0.002 0.012 0.006 0.004 0.007 0.004 

Locus 21 : Ap273 
4 alleles
1.3% missing data
 106   (0.871) 0.956 0.909 0.946 0.944 0.926 0.946 
 108   (0.053) 0.023 0.038 0.023 0.030 0.033 0.024 
 104   (0.046) 0.015 0.030 0.015 0.018 0.028 0.014 
 102   (0.030) 0.006 0.023 0.016 0.008 0.012 0.015 

Locus 22 : Ap274 
2 alleles
2.0% missing data
 120   (0.945) 0.964 0.942 0.939 0.979 0.974 0.951 
 122   (0.055) 0.036 0.058 0.061 0.021 0.026 0.049 

Locus 23 : Ap288 
5 alleles
0.0% missing data
 123   (0.770) 0.780 0.820 0.870 0.682 0.706 0.871 
 131   (0.162) 0.204 0.139 0.113 0.286 0.258 0.117 
 139   (0.030) 0.009 0.019 0.008 0.019 0.017 0.006 
 121   (0.019) 0.004 0.011 0.005 0.007 0.009 0.003 
 124   (0.019) 0.004 0.011 0.005 0.006 0.009 0.003 

Locus 24 : At163 
7 alleles
0.0% missing data
 128   (0.705) 0.779 0.778 0.863 0.622 0.701 0.860 
 134   (0.196) 0.205 0.163 0.110 0.352 0.256 0.122 
 130   (0.026) 0.006 0.016 0.007 0.011 0.012 0.006 
 136   (0.018) 0.003 0.010 0.005 0.005 0.008 0.003 
 140   (0.019) 0.002 0.011 0.005 0.004 0.007 0.003 
 146   (0.018) 0.002 0.011 0.005 0.004 0.007 0.003 
 142   (0.018) 0.002 0.011 0.005 0.004 0.007 0.004 

Locus 25 : At188 
13 alleles
1.3% missing data
 189   (0.613) 0.811 0.723 0.827 0.756 0.708 0.825 
 205   (0.033) 0.020 0.022 0.009 0.048 0.030 0.007 
 207   (0.030) 0.041 0.025 0.029 0.017 0.058 0.030 
 219   (0.025) 0.006 0.015 0.007 0.009 0.013 0.005 
 209   (0.036) 0.028 0.028 0.019 0.023 0.037 0.028 
 217   (0.040) 0.013 0.028 0.013 0.022 0.023 0.017 
 215   (0.023) 0.009 0.015 0.006 0.012 0.014 0.007 
 199   (0.069) 0.035 0.058 0.043 0.055 0.046 0.041 
 212   (0.028) 0.009 0.019 0.010 0.013 0.016 0.011 
 213   (0.039) 0.015 0.026 0.012 0.028 0.026 0.010 
 211   (0.018) 0.002 0.010 0.004 0.004 0.007 0.002 
 191   (0.017) 0.005 0.011 0.005 0.005 0.010 0.004 
 187   (0.028) 0.007 0.021 0.015 0.007 0.012 0.013 

Values of parameters used in structure:
DATAFILE=,	OUTFILE=,	NUMINDS=149,	NUMLOCI=25,	MISSING=-9,	LABEL=1,	POPDATA=0,	POPFLAG=1,	PHENOTYPE=0,	EXTRACOLS=1,	MAXPOPS=6,	BURNIN=100000,	NUMREPS=1000000,	USEPOPINFO=0,	INFERALPHA=1,	INFERLAMBDA=0,	POPSPECIFICLAMBDA=0,	POPALPHAS=0,	COMPUTEPROB=1,	NOADMIX=0,	ADMBURNIN=2500,	UPDATEFREQ=1,	PRINTLIKES=0,	INTERMEDSAVE=0,	PRINTKLD=0,	PRINTNET=0,	PRINTLAMBDA=0,	ANCESTDIST=0,	NUMBOXES=1000,	ANCESTPINT=0.90000,	GENSBACK=2,	MIGRPRIOR=0.05000,	PRINTQHAT=0,	PRINTQSUM=0,	ALPHA=1.0000,	FREQSCORR=1,	FPRIORMEAN=0.0100,	FPRIORSD=0.0500,	ONEFST=0,	LAMBDA=1.0000,	UNIFPRIORALPHA=1,	ALPHAMAX=10.0000,	ALPHAPRIORA=1.0000,	ALPHAPRIORB=2.0000,	ALPHAPROPSD=0.0250,	STARTATPOPINFO=0,	RANDOMIZE=1,	LINKAGE=0,	METROFREQ=10,	REPORTHITRATE=0,	MARKOVPHASE=-1,	PHASED=0,	PLOIDY=2,	PHASEINFO=0	LOCPRIOR=0, 	LOCPRIORINIT=1.000000, 	LOCDATA=0, 	LOCISPOP=0, 	LOCPRIORSTEP=0.100000, 	MAXLOCPRIOR=20.000000, 	SEED=1342982542,	
[STRAT parameters]:    NUMSIMSTATS=1000,	PHENOTYPECOL=-9,	POOLFREQ=10,	LOCUSxONLY=0,	EMERROR=0.00100,	MISSINGPHENO=-9,	