

----------------------------------------------------
STRUCTURE by Pritchard, Stephens and Donnelly (2000)
     and Falush, Stephens and Pritchard (2003)
       Code by Pritchard, Falush and Hubisz
             Version 2.3.2.1 (Oct 2009)
----------------------------------------------------



Command line arguments:
Input File:

Run parameters:
   149 individuals
   25 loci
   4 populations assumed
   100000 Burn-in period
   1000000 Reps


--------------------------------------------
Overall proportion of membership of the
sample in each of the 4 clusters

Inferred Clusters
  1      2      3      4    
0.244  0.297  0.189  0.271  

--------------------------------------------

Allele-freq. divergence among pops (Net nucleotide distance),
computed using point estimates of P.

      1       2       3       4      
 1      -    0.0509  0.0145  0.0237  
 2   0.0509     -    0.0243  0.0394  
 3   0.0145  0.0243     -    0.0160  
 4   0.0237  0.0394  0.0160     -    

Average distances (expected heterozygosity) between individuals in same cluster:
cluster  1  : 0.5190 
cluster  2  : 0.4270 
cluster  3  : 0.5745 
cluster  4  : 0.4606 

--------------------------------------------
Estimated Ln Prob of Data   = -7687.5
Mean value of ln likelihood = -7260.2
Variance of ln likelihood   = 854.7
Mean value of alpha         = 0.2130

Mean value of Fst_1         = 0.1081
Mean value of Fst_2         = 0.1160
Mean value of Fst_3         = 0.0040
Mean value of Fst_4         = 0.1282


Inferred ancestry of individuals:
        Label (%Miss) :  Inferred clusters
  1   I13825    (0)   :  0.417 0.034 0.465 0.085 
  2   I13826    (0)   :  0.821 0.034 0.073 0.071 
  3   I13827   (20)   :  0.076 0.037 0.067 0.819 
  4   I13828    (0)   :  0.730 0.034 0.160 0.076 
  5   I13829    (8)   :  0.152 0.033 0.071 0.743 
  6   I13830    (0)   :  0.821 0.030 0.067 0.082 
  7   I13831    (0)   :  0.276 0.048 0.108 0.568 
  8   I13832   (16)   :  0.118 0.050 0.254 0.578 
  9   I13833    (0)   :  0.106 0.049 0.058 0.787 
 10   I13834    (0)   :  0.127 0.022 0.036 0.814 
 11   I13835    (0)   :  0.117 0.023 0.415 0.445 
 12   I13836    (0)   :  0.115 0.028 0.136 0.722 
 13   I13377    (0)   :  0.053 0.062 0.126 0.760 
 14   I13378    (0)   :  0.201 0.038 0.552 0.209 
 15   I13379    (0)   :  0.526 0.049 0.096 0.328 
 16   I13380    (0)   :  0.044 0.138 0.072 0.745 
 17   I13381    (0)   :  0.099 0.083 0.379 0.439 
 18   I13382    (0)   :  0.061 0.026 0.036 0.877 
 19   I13383    (0)   :  0.176 0.051 0.427 0.346 
 20   I13384    (0)   :  0.306 0.052 0.115 0.527 
 21   I13385    (0)   :  0.069 0.022 0.044 0.865 
 22   I13386    (0)   :  0.056 0.028 0.067 0.849 
 23   I13387    (0)   :  0.576 0.038 0.181 0.205 
 24   I13388    (0)   :  0.441 0.068 0.436 0.055 
 25   I13389    (0)   :  0.100 0.126 0.082 0.692 
 26   I13390    (0)   :  0.108 0.051 0.052 0.789 
 27   I13391    (0)   :  0.136 0.120 0.431 0.313 
 28   I13392    (0)   :  0.266 0.054 0.443 0.236 
 29   I13393    (0)   :  0.042 0.171 0.151 0.637 
 30   I13394    (4)   :  0.123 0.370 0.273 0.234 
 31   I13395    (0)   :  0.181 0.348 0.206 0.265 
 32   I13396    (0)   :  0.575 0.136 0.244 0.045 
 33   I13397    (0)   :  0.329 0.033 0.410 0.228 
 34   I13398    (0)   :  0.739 0.022 0.048 0.191 
 35   I13399    (4)   :  0.090 0.042 0.528 0.340 
 36   I13400    (0)   :  0.160 0.096 0.264 0.481 
 37   I13401    (0)   :  0.091 0.295 0.219 0.394 
 38   I13402    (0)   :  0.390 0.065 0.438 0.107 
 39   I13403    (0)   :  0.655 0.146 0.062 0.137 
 40   I13404    (0)   :  0.481 0.029 0.059 0.431 
 41   I13405    (0)   :  0.038 0.032 0.036 0.895 
 42   I13406   (16)   :  0.483 0.035 0.364 0.118 
 43   I13407    (0)   :  0.555 0.038 0.151 0.256 
 44   I13408    (0)   :  0.133 0.031 0.069 0.767 
 45   I13409    (0)   :  0.438 0.067 0.421 0.073 
 46   I13410    (0)   :  0.244 0.023 0.087 0.645 
 47   I13411    (0)   :  0.236 0.018 0.054 0.691 
 48   I13412    (0)   :  0.288 0.269 0.140 0.304 
 49   I13413    (0)   :  0.582 0.071 0.268 0.079 
 50   I13414    (0)   :  0.683 0.035 0.165 0.118 
 51   I13415    (4)   :  0.215 0.083 0.080 0.622 
 52   I13416    (4)   :  0.485 0.137 0.131 0.247 
 53   I13417    (4)   :  0.182 0.147 0.058 0.613 
 54   I13418    (0)   :  0.316 0.143 0.082 0.459 
 55   I13419    (0)   :  0.172 0.029 0.427 0.373 
 56   I13420    (0)   :  0.513 0.213 0.065 0.209 
 57   I13421    (0)   :  0.106 0.253 0.054 0.587 
 58   I13422    (0)   :  0.275 0.252 0.108 0.365 
 59   I13423    (0)   :  0.189 0.099 0.420 0.292 
 60   I13424    (0)   :  0.106 0.056 0.140 0.698 
 61   I13425    (4)   :  0.206 0.085 0.140 0.569 
 62   I13426    (4)   :  0.161 0.414 0.275 0.151 
 63   I13870    (0)   :  0.530 0.213 0.103 0.154 
 64   I13871   (16)   :  0.558 0.049 0.208 0.185 
 65   I13872    (0)   :  0.778 0.024 0.156 0.043 
 66   I13873    (4)   :  0.652 0.119 0.139 0.090 
 67   I13874    (0)   :  0.552 0.067 0.302 0.078 
 68   I13875    (8)   :  0.716 0.077 0.112 0.095 
 69   I13876    (0)   :  0.220 0.115 0.588 0.077 
 70   I13877   (20)   :  0.174 0.095 0.130 0.600 
 71   I13878   (28)   :  0.590 0.035 0.065 0.310 
 72   I13879    (4)   :  0.322 0.020 0.054 0.604 
 73   I13880    (4)   :  0.871 0.026 0.064 0.039 
 74   I13881    (0)   :  0.347 0.081 0.419 0.153 
 75   I13882    (0)   :  0.705 0.048 0.121 0.126 
 76   I13883    (4)   :  0.743 0.073 0.148 0.036 
 77   I13884   (16)   :  0.163 0.041 0.668 0.128 
 78   I13885   (20)   :  0.115 0.024 0.375 0.485 
 79   I13886    (8)   :  0.530 0.032 0.133 0.305 
 80   I13887    (0)   :  0.142 0.066 0.760 0.031 
 81   I13888    (0)   :  0.376 0.056 0.443 0.125 
 82   I13889    (0)   :  0.057 0.660 0.139 0.144 
 83   I13890   (32)   :  0.151 0.424 0.231 0.194 
 84   I13891    (0)   :  0.659 0.045 0.118 0.177 
 85   I13892    (0)   :  0.147 0.357 0.131 0.366 
 86   I13893    (8)   :  0.095 0.043 0.680 0.181 
 87   I13894    (0)   :  0.865 0.035 0.075 0.025 
 88   I13895    (4)   :  0.167 0.131 0.394 0.308 
 89   I13896    (0)   :  0.586 0.210 0.143 0.061 
 90   I13897    (0)   :  0.693 0.019 0.052 0.237 
 91   I13898    (4)   :  0.676 0.063 0.102 0.159 
 92   I13899    (0)   :  0.901 0.017 0.044 0.038 
 93   I13900   (32)   :  0.282 0.087 0.537 0.094 
 94   I13837    (0)   :  0.049 0.056 0.048 0.848 
 95   I13838    (0)   :  0.196 0.614 0.108 0.082 
 96   I13839    (0)   :  0.109 0.123 0.082 0.687 
 97   I13840    (0)   :  0.230 0.190 0.061 0.519 
 98   I13841    (0)   :  0.077 0.464 0.074 0.386 
 99   I13842    (0)   :  0.032 0.269 0.058 0.640 
100   I13843    (4)   :  0.139 0.578 0.096 0.187 
101   I13844   (16)   :  0.103 0.129 0.211 0.557 
102   I13845    (0)   :  0.111 0.029 0.067 0.793 
103   I13846    (0)   :  0.074 0.053 0.121 0.752 
104   I13847    (0)   :  0.357 0.359 0.153 0.132 
105   I13848    (0)   :  0.275 0.257 0.302 0.166 
106   I13849    (0)   :  0.607 0.101 0.237 0.055 
107   I13850    (0)   :  0.144 0.505 0.164 0.187 
108   I12577    (4)   :  0.036 0.812 0.109 0.043 
109   I12578    (4)   :  0.066 0.755 0.134 0.045 
110   I12579    (8)   :  0.025 0.688 0.220 0.066 
111   I12580    (8)   :  0.037 0.869 0.039 0.055 
112   I12581    (4)   :  0.059 0.231 0.504 0.206 
113   I12582    (4)   :  0.056 0.836 0.070 0.038 
114   I12583    (8)   :  0.055 0.300 0.558 0.086 
115   I12584    (4)   :  0.066 0.583 0.318 0.033 
116   I12585    (4)   :  0.033 0.879 0.063 0.025 
117   I12586    (4)   :  0.044 0.871 0.052 0.033 
118   I12587    (8)   :  0.027 0.908 0.029 0.036 
119   I12588    (4)   :  0.022 0.838 0.109 0.030 
120   I12589    (0)   :  0.067 0.814 0.074 0.045 
121   I12590    (0)   :  0.071 0.683 0.179 0.067 
122   I12591   (12)   :  0.017 0.923 0.042 0.019 
123   I12592    (4)   :  0.045 0.789 0.116 0.051 
124   I12593    (4)   :  0.041 0.859 0.080 0.021 
125   I12594    (8)   :  0.031 0.897 0.043 0.029 
126   I12595    (0)   :  0.027 0.572 0.354 0.047 
127   I12596    (0)   :  0.020 0.895 0.056 0.029 
128   I12597    (4)   :  0.040 0.415 0.494 0.051 
129   I12598    (0)   :  0.055 0.541 0.342 0.061 
130   I12599    (0)   :  0.151 0.598 0.209 0.042 
131   I12600    (4)   :  0.066 0.849 0.047 0.038 
132   I12601    (8)   :  0.037 0.833 0.100 0.031 
133   I12602   (12)   :  0.040 0.826 0.092 0.042 
134   I12603    (0)   :  0.041 0.658 0.255 0.046 
135   I12604    (4)   :  0.088 0.761 0.113 0.038 
136   I12605    (4)   :  0.060 0.786 0.122 0.032 
137   I12606    (8)   :  0.025 0.851 0.094 0.030 
138   I12607    (4)   :  0.046 0.613 0.311 0.030 
139   I12608    (8)   :  0.054 0.686 0.212 0.049 
140   I12609    (8)   :  0.030 0.875 0.062 0.034 
141   I12610   (52)   :  0.044 0.766 0.113 0.077 
142   I12611    (0)   :  0.036 0.894 0.046 0.024 
143   I12612    (0)   :  0.033 0.873 0.064 0.030 
144   I12613    (0)   :  0.019 0.890 0.051 0.040 
145   I12614    (4)   :  0.055 0.761 0.073 0.110 
146   I12615    (0)   :  0.070 0.659 0.184 0.087 
147   I12616    (4)   :  0.035 0.515 0.365 0.086 
148   I12617    (8)   :  0.029 0.924 0.030 0.017 
149   I12618   (48)   :  0.030 0.840 0.095 0.034 


Estimated Allele Frequencies in each cluster
First column gives estimated ancestral frequencies


Locus 1 : A8 
7 alleles
4.0% missing data
 177   (0.522) 0.489 0.595 0.527 0.442 
 179   (0.091) 0.077 0.054 0.087 0.142 
 175   (0.100) 0.254 0.011 0.100 0.247 
 173   (0.046) 0.024 0.006 0.046 0.081 
 181   (0.171) 0.128 0.305 0.170 0.075 
 165   (0.040) 0.014 0.027 0.039 0.006 
 183   (0.031) 0.013 0.003 0.031 0.007 

Locus 2 : A14 
5 alleles
0.0% missing data
 112   (0.204) 0.388 0.029 0.209 0.201 
 110   (0.702) 0.583 0.821 0.701 0.788 
 114   (0.031) 0.016 0.004 0.031 0.004 
 118   (0.035) 0.009 0.113 0.033 0.004 
 116   (0.028) 0.004 0.033 0.027 0.003 

Locus 3 : A24 
5 alleles
2.7% missing data
 104   (0.414) 0.466 0.369 0.419 0.273 
 106   (0.514) 0.502 0.566 0.513 0.717 
 101   (0.018) 0.003 0.002 0.017 0.004 
 108   (0.027) 0.025 0.003 0.027 0.003 
  96   (0.027) 0.004 0.060 0.025 0.003 

Locus 4 : A29 
29 alleles
6.7% missing data
 143   (0.032) 0.102 0.005 0.031 0.035 
 149   (0.053) 0.024 0.055 0.054 0.019 
 147   (0.029) 0.034 0.032 0.028 0.004 
 153   (0.057) 0.026 0.088 0.057 0.128 
 169   (0.035) 0.104 0.031 0.034 0.006 
 151   (0.037) 0.008 0.026 0.037 0.108 
 145   (0.028) 0.025 0.027 0.027 0.005 
 157   (0.065) 0.126 0.146 0.067 0.034 
 155   (0.097) 0.116 0.183 0.101 0.071 
 159   (0.052) 0.158 0.045 0.053 0.026 
 161   (0.034) 0.014 0.006 0.033 0.109 
 141   (0.029) 0.011 0.007 0.028 0.058 
 139   (0.016) 0.003 0.002 0.014 0.020 
 144   (0.022) 0.012 0.003 0.021 0.081 
 171   (0.050) 0.022 0.032 0.053 0.069 
 163   (0.078) 0.071 0.058 0.082 0.098 
 167   (0.046) 0.039 0.067 0.046 0.020 
 173   (0.024) 0.012 0.006 0.023 0.038 
 142   (0.013) 0.007 0.002 0.012 0.002 
 177   (0.024) 0.005 0.046 0.023 0.007 
 175   (0.022) 0.004 0.017 0.023 0.006 
 165   (0.044) 0.047 0.041 0.044 0.015 
 146   (0.020) 0.014 0.002 0.019 0.030 
 137   (0.019) 0.003 0.011 0.019 0.002 
 183   (0.017) 0.003 0.017 0.016 0.002 
 179   (0.018) 0.003 0.013 0.018 0.003 
 191   (0.013) 0.002 0.005 0.013 0.001 
 185   (0.013) 0.002 0.005 0.012 0.001 
 180   (0.015) 0.002 0.022 0.014 0.001 

Locus 5 : A43 
7 alleles
1.3% missing data
 123   (0.217) 0.090 0.154 0.223 0.082 
 141   (0.017) 0.005 0.002 0.016 0.002 
 137   (0.653) 0.882 0.688 0.654 0.862 
 139   (0.050) 0.014 0.080 0.047 0.048 
 124   (0.030) 0.004 0.065 0.028 0.003 
 143   (0.017) 0.002 0.004 0.016 0.002 
 128   (0.017) 0.002 0.008 0.016 0.002 

Locus 6 : A79 
13 alleles
3.4% missing data
 103   (0.237) 0.311 0.176 0.240 0.304 
  97   (0.128) 0.208 0.055 0.132 0.059 
 101   (0.093) 0.064 0.034 0.095 0.264 
 107   (0.099) 0.075 0.074 0.097 0.195 
 109   (0.100) 0.076 0.087 0.101 0.068 
 105   (0.160) 0.205 0.422 0.159 0.064 
 111   (0.050) 0.025 0.028 0.050 0.009 
 113   (0.016) 0.005 0.002 0.015 0.002 
  91   (0.024) 0.004 0.083 0.023 0.003 
  99   (0.031) 0.010 0.026 0.029 0.022 
 115   (0.028) 0.007 0.009 0.028 0.008 
 117   (0.016) 0.006 0.002 0.015 0.002 
 121   (0.016) 0.003 0.002 0.016 0.002 

Locus 7 : A88 
9 alleles
6.0% missing data
 133   (0.017) 0.005 0.002 0.017 0.002 
 149   (0.525) 0.536 0.813 0.528 0.453 
 137   (0.101) 0.137 0.014 0.102 0.094 
 147   (0.200) 0.228 0.062 0.201 0.425 
 141   (0.080) 0.080 0.088 0.078 0.016 
 152   (0.017) 0.003 0.002 0.017 0.003 
 143   (0.018) 0.004 0.002 0.017 0.002 
 151   (0.018) 0.002 0.006 0.017 0.002 
 144   (0.025) 0.004 0.010 0.024 0.003 

Locus 8 : A113 
12 alleles
7.4% missing data
 214   (0.588) 0.676 0.747 0.596 0.808 
 226   (0.057) 0.142 0.029 0.056 0.018 
 218   (0.017) 0.003 0.002 0.015 0.009 
 220   (0.061) 0.017 0.143 0.060 0.031 
 216   (0.059) 0.020 0.035 0.058 0.021 
 230   (0.041) 0.015 0.006 0.041 0.076 
 234   (0.032) 0.031 0.004 0.032 0.007 
 232   (0.030) 0.033 0.005 0.029 0.010 
 228   (0.052) 0.041 0.015 0.052 0.008 
 224   (0.017) 0.004 0.002 0.016 0.002 
 222   (0.031) 0.016 0.010 0.030 0.003 
 208   (0.016) 0.003 0.002 0.015 0.008 

Locus 9 : Ac11 
9 alleles
4.7% missing data
 111   (0.125) 0.306 0.031 0.126 0.128 
 117   (0.310) 0.284 0.194 0.314 0.441 
 115   (0.252) 0.275 0.235 0.252 0.339 
 113   (0.159) 0.103 0.274 0.160 0.064 
 119   (0.047) 0.013 0.178 0.044 0.014 
 121   (0.026) 0.004 0.061 0.024 0.003 
 123   (0.033) 0.006 0.012 0.033 0.003 
 127   (0.031) 0.006 0.013 0.030 0.005 
 125   (0.017) 0.002 0.003 0.017 0.002 

Locus 10 : Ac88 
8 alleles
0.7% missing data
 214   (0.757) 0.725 0.923 0.761 0.926 
 216   (0.029) 0.020 0.003 0.028 0.006 
 220   (0.113) 0.239 0.026 0.115 0.058 
 230   (0.025) 0.006 0.004 0.024 0.002 
 221   (0.017) 0.002 0.008 0.016 0.002 
 212   (0.020) 0.003 0.019 0.019 0.002 
 217   (0.017) 0.002 0.005 0.016 0.002 
 224   (0.023) 0.003 0.012 0.022 0.002 

Locus 11 : Ac139 
8 alleles
13.4% missing data
 327   (0.504) 0.428 0.803 0.506 0.587 
 329   (0.293) 0.436 0.103 0.297 0.326 
 331   (0.073) 0.110 0.019 0.072 0.032 
 328   (0.044) 0.012 0.005 0.044 0.046 
 341   (0.019) 0.003 0.008 0.018 0.002 
 337   (0.028) 0.004 0.051 0.027 0.003 
 323   (0.019) 0.003 0.004 0.018 0.002 
 339   (0.019) 0.003 0.006 0.018 0.002 

Locus 12 : Ac306 
6 alleles
4.7% missing data
 165   (0.738) 0.705 0.808 0.743 0.818 
 177   (0.080) 0.066 0.104 0.078 0.038 
 173   (0.095) 0.209 0.031 0.095 0.036 
 169   (0.043) 0.015 0.005 0.042 0.103 
 171   (0.017) 0.003 0.002 0.017 0.002 
 179   (0.026) 0.003 0.050 0.025 0.003 

Locus 13 : Ap15 
7 alleles
6.0% missing data
 202   (0.816) 0.944 0.830 0.823 0.974 
 212   (0.027) 0.028 0.003 0.026 0.003 
 204   (0.043) 0.008 0.027 0.042 0.008 
 208   (0.040) 0.006 0.056 0.038 0.007 
 220   (0.038) 0.008 0.070 0.037 0.004 
 219   (0.018) 0.003 0.008 0.016 0.002 
 210   (0.018) 0.003 0.006 0.017 0.002 

Locus 14 : Ap68 
9 alleles
4.7% missing data
 158   (0.389) 0.626 0.291 0.394 0.253 
 160   (0.088) 0.035 0.023 0.089 0.148 
 156   (0.228) 0.236 0.360 0.223 0.393 
 162   (0.044) 0.030 0.009 0.043 0.006 
 154   (0.093) 0.036 0.017 0.096 0.155 
 152   (0.075) 0.017 0.262 0.073 0.034 
 164   (0.043) 0.015 0.022 0.043 0.005 
 170   (0.017) 0.002 0.003 0.017 0.003 
 166   (0.022) 0.003 0.015 0.021 0.002 

Locus 15 : Ap85 
10 alleles
3.4% missing data
 202   (0.314) 0.389 0.547 0.311 0.259 
 186   (0.251) 0.377 0.104 0.258 0.494 
 204   (0.066) 0.025 0.037 0.066 0.026 
 188   (0.111) 0.076 0.024 0.113 0.147 
 194   (0.077) 0.083 0.027 0.075 0.048 
 196   (0.052) 0.013 0.116 0.050 0.012 
 200   (0.064) 0.018 0.078 0.065 0.008 
 192   (0.024) 0.007 0.005 0.024 0.003 
 190   (0.017) 0.008 0.002 0.016 0.003 
 198   (0.024) 0.003 0.061 0.022 0.002 

Locus 16 : Ap90 
13 alleles
0.7% missing data
 131   (0.355) 0.526 0.545 0.355 0.564 
 135   (0.065) 0.080 0.089 0.063 0.025 
 133   (0.300) 0.307 0.204 0.310 0.216 
 129   (0.098) 0.042 0.088 0.098 0.150 
 137   (0.035) 0.008 0.012 0.034 0.029 
 141   (0.016) 0.005 0.002 0.015 0.002 
 143   (0.022) 0.009 0.002 0.022 0.004 
 151   (0.023) 0.010 0.004 0.022 0.002 
 155   (0.016) 0.004 0.002 0.015 0.002 
 145   (0.016) 0.002 0.009 0.015 0.002 
 130   (0.019) 0.003 0.018 0.018 0.002 
 139   (0.016) 0.002 0.009 0.015 0.001 
 153   (0.020) 0.003 0.017 0.019 0.002 

Locus 17 : Ap223 
7 alleles
2.0% missing data
 183   (0.691) 0.612 0.897 0.695 0.676 
 187   (0.134) 0.286 0.021 0.137 0.265 
 189   (0.025) 0.005 0.002 0.024 0.026 
 173   (0.063) 0.070 0.041 0.061 0.016 
 182   (0.031) 0.010 0.005 0.030 0.010 
 180   (0.025) 0.005 0.006 0.024 0.004 
 179   (0.031) 0.012 0.028 0.030 0.003 

Locus 18 : Ap224 
7 alleles
4.0% missing data
 283   (0.112) 0.199 0.019 0.113 0.187 
 287   (0.470) 0.482 0.457 0.474 0.439 
 281   (0.132) 0.156 0.048 0.132 0.188 
 289   (0.207) 0.103 0.421 0.205 0.167 
 291   (0.038) 0.054 0.004 0.037 0.013 
 285   (0.017) 0.003 0.002 0.017 0.003 
 279   (0.024) 0.003 0.050 0.022 0.002 

Locus 19 : Ap226 
5 alleles
17.4% missing data
 237   (0.385) 0.323 0.345 0.387 0.358 
 239   (0.460) 0.451 0.610 0.461 0.494 
 247   (0.117) 0.219 0.030 0.117 0.139 
 235   (0.019) 0.003 0.003 0.018 0.008 
 241   (0.019) 0.003 0.011 0.017 0.002 

Locus 20 : Ap249 
9 alleles
1.3% missing data
 209   (0.617) 0.586 0.702 0.623 0.731 
 211   (0.055) 0.015 0.008 0.055 0.060 
 217   (0.081) 0.145 0.019 0.079 0.079 
 219   (0.104) 0.227 0.018 0.105 0.088 
 215   (0.075) 0.013 0.243 0.074 0.032 
 208   (0.017) 0.005 0.002 0.016 0.002 
 225   (0.017) 0.004 0.002 0.016 0.002 
 223   (0.017) 0.003 0.002 0.016 0.004 
 213   (0.017) 0.002 0.005 0.016 0.002 

Locus 21 : Ap273 
4 alleles
1.3% missing data
 106   (0.875) 0.950 0.953 0.878 0.961 
 108   (0.052) 0.032 0.021 0.051 0.015 
 104   (0.044) 0.012 0.005 0.045 0.021 
 102   (0.028) 0.006 0.021 0.026 0.003 

Locus 22 : Ap274 
2 alleles
2.0% missing data
 120   (0.946) 0.984 0.916 0.947 0.993 
 122   (0.054) 0.016 0.084 0.053 0.007 

Locus 23 : Ap288 
5 alleles
0.0% missing data
 123   (0.775) 0.620 0.952 0.780 0.764 
 131   (0.161) 0.344 0.042 0.159 0.226 
 139   (0.029) 0.020 0.003 0.028 0.004 
 121   (0.017) 0.008 0.002 0.016 0.002 
 124   (0.017) 0.007 0.002 0.017 0.003 

Locus 24 : At163 
7 alleles
0.0% missing data
 128   (0.713) 0.559 0.933 0.714 0.814 
 134   (0.193) 0.421 0.053 0.196 0.173 
 130   (0.024) 0.010 0.003 0.024 0.003 
 136   (0.017) 0.003 0.002 0.017 0.004 
 140   (0.017) 0.002 0.003 0.017 0.002 
 146   (0.017) 0.002 0.003 0.017 0.002 
 142   (0.017) 0.002 0.004 0.016 0.002 

Locus 25 : At188 
13 alleles
1.3% missing data
 189   (0.634) 0.770 0.898 0.641 0.754 
 205   (0.031) 0.060 0.003 0.030 0.005 
 207   (0.030) 0.012 0.003 0.028 0.091 
 219   (0.023) 0.008 0.002 0.023 0.006 
 209   (0.033) 0.013 0.004 0.031 0.063 
 217   (0.042) 0.014 0.004 0.044 0.016 
 215   (0.020) 0.008 0.002 0.019 0.014 
 199   (0.064) 0.066 0.052 0.063 0.013 
 212   (0.028) 0.010 0.005 0.028 0.010 
 213   (0.037) 0.030 0.004 0.037 0.013 
 211   (0.017) 0.003 0.002 0.016 0.002 
 191   (0.016) 0.003 0.002 0.015 0.009 
 187   (0.026) 0.003 0.021 0.024 0.003 

Values of parameters used in structure:
DATAFILE=,	OUTFILE=,	NUMINDS=149,	NUMLOCI=25,	MISSING=-9,	LABEL=1,	POPDATA=0,	POPFLAG=1,	PHENOTYPE=0,	EXTRACOLS=1,	MAXPOPS=4,	BURNIN=100000,	NUMREPS=1000000,	USEPOPINFO=0,	INFERALPHA=1,	INFERLAMBDA=0,	POPSPECIFICLAMBDA=0,	POPALPHAS=0,	COMPUTEPROB=1,	NOADMIX=0,	ADMBURNIN=2500,	UPDATEFREQ=1,	PRINTLIKES=0,	INTERMEDSAVE=0,	PRINTKLD=0,	PRINTNET=0,	PRINTLAMBDA=0,	ANCESTDIST=0,	NUMBOXES=1000,	ANCESTPINT=0.90000,	GENSBACK=2,	MIGRPRIOR=0.05000,	PRINTQHAT=0,	PRINTQSUM=0,	ALPHA=1.0000,	FREQSCORR=1,	FPRIORMEAN=0.0100,	FPRIORSD=0.0500,	ONEFST=0,	LAMBDA=1.0000,	UNIFPRIORALPHA=1,	ALPHAMAX=10.0000,	ALPHAPRIORA=1.0000,	ALPHAPRIORB=2.0000,	ALPHAPROPSD=0.0250,	STARTATPOPINFO=0,	RANDOMIZE=1,	LINKAGE=0,	METROFREQ=10,	REPORTHITRATE=0,	MARKOVPHASE=-1,	PHASED=0,	PLOIDY=2,	PHASEINFO=0	LOCPRIOR=0, 	LOCPRIORINIT=1.000000, 	LOCDATA=0, 	LOCISPOP=0, 	LOCPRIORSTEP=0.100000, 	MAXLOCPRIOR=20.000000, 	SEED=1335116168,	
[STRAT parameters]:    NUMSIMSTATS=1000,	PHENOTYPECOL=-9,	POOLFREQ=10,	LOCUSxONLY=0,	EMERROR=0.00100,	MISSINGPHENO=-9,	