

----------------------------------------------------
STRUCTURE by Pritchard, Stephens and Donnelly (2000)
     and Falush, Stephens and Pritchard (2003)
       Code by Pritchard, Falush and Hubisz
             Version 2.3.2.1 (Oct 2009)
----------------------------------------------------



Command line arguments:
Input File:

Run parameters:
   149 individuals
   25 loci
   4 populations assumed
   100000 Burn-in period
   1000000 Reps


--------------------------------------------
Overall proportion of membership of the
sample in each of the 4 clusters

Inferred Clusters
  1      2      3      4    
0.221  0.242  0.297  0.239  

--------------------------------------------

Allele-freq. divergence among pops (Net nucleotide distance),
computed using point estimates of P.

      1       2       3       4      
 1      -    0.0135  0.0266  0.0008  
 2   0.0135     -    0.0501  0.0161  
 3   0.0266  0.0501     -    0.0297  
 4   0.0008  0.0161  0.0297     -    

Average distances (expected heterozygosity) between individuals in same cluster:
cluster  1  : 0.5389 
cluster  2  : 0.5197 
cluster  3  : 0.4277 
cluster  4  : 0.5112 

--------------------------------------------
Estimated Ln Prob of Data   = -7665.9
Mean value of ln likelihood = -7258.4
Variance of ln likelihood   = 815.1
Mean value of alpha         = 0.2082

Mean value of Fst_1         = 0.0511
Mean value of Fst_2         = 0.1058
Mean value of Fst_3         = 0.1152
Mean value of Fst_4         = 0.0802


Inferred ancestry of individuals:
        Label (%Miss) :  Inferred clusters
  1   I13825    (0)   :  0.324 0.419 0.033 0.224 
  2   I13826    (0)   :  0.080 0.820 0.033 0.067 
  3   I13827   (20)   :  0.372 0.069 0.037 0.522 
  4   I13828    (0)   :  0.140 0.720 0.033 0.107 
  5   I13829    (8)   :  0.343 0.147 0.032 0.478 
  6   I13830    (0)   :  0.081 0.814 0.029 0.076 
  7   I13831    (0)   :  0.279 0.275 0.046 0.399 
  8   I13832   (16)   :  0.384 0.115 0.049 0.453 
  9   I13833    (0)   :  0.342 0.105 0.048 0.505 
 10   I13834    (0)   :  0.349 0.122 0.022 0.507 
 11   I13835    (0)   :  0.413 0.120 0.023 0.443 
 12   I13836    (0)   :  0.380 0.111 0.027 0.481 
 13   I13377    (0)   :  0.362 0.053 0.062 0.522 
 14   I13378    (0)   :  0.396 0.218 0.038 0.348 
 15   I13379    (0)   :  0.183 0.523 0.049 0.245 
 16   I13380    (0)   :  0.338 0.043 0.139 0.481 
 17   I13381    (0)   :  0.401 0.099 0.083 0.417 
 18   I13382    (0)   :  0.368 0.057 0.025 0.550 
 19   I13383    (0)   :  0.395 0.168 0.051 0.387 
 20   I13384    (0)   :  0.277 0.302 0.051 0.370 
 21   I13385    (0)   :  0.374 0.065 0.021 0.540 
 22   I13386    (0)   :  0.380 0.051 0.027 0.542 
 23   I13387    (0)   :  0.196 0.579 0.037 0.188 
 24   I13388    (0)   :  0.291 0.441 0.068 0.199 
 25   I13389    (0)   :  0.314 0.099 0.124 0.464 
 26   I13390    (0)   :  0.343 0.104 0.050 0.503 
 27   I13391    (0)   :  0.368 0.142 0.120 0.369 
 28   I13392    (0)   :  0.352 0.265 0.056 0.327 
 29   I13393    (0)   :  0.331 0.041 0.173 0.455 
 30   I13394    (4)   :  0.246 0.126 0.369 0.260 
 31   I13395    (0)   :  0.220 0.183 0.345 0.252 
 32   I13396    (0)   :  0.158 0.583 0.135 0.123 
 33   I13397    (0)   :  0.327 0.329 0.033 0.310 
 34   I13398    (0)   :  0.116 0.726 0.022 0.136 
 35   I13399    (4)   :  0.438 0.097 0.041 0.423 
 36   I13400    (0)   :  0.328 0.159 0.096 0.416 
 37   I13401    (0)   :  0.288 0.089 0.296 0.327 
 38   I13402    (0)   :  0.297 0.398 0.064 0.241 
 39   I13403    (0)   :  0.096 0.651 0.145 0.108 
 40   I13404    (0)   :  0.211 0.469 0.028 0.291 
 41   I13405    (0)   :  0.376 0.035 0.031 0.557 
 42   I13406   (16)   :  0.278 0.484 0.035 0.203 
 43   I13407    (0)   :  0.183 0.559 0.037 0.220 
 44   I13408    (0)   :  0.344 0.125 0.030 0.501 
 45   I13409    (0)   :  0.292 0.440 0.067 0.202 
 46   I13410    (0)   :  0.303 0.242 0.023 0.432 
 47   I13411    (0)   :  0.312 0.219 0.018 0.451 
 48   I13412    (0)   :  0.209 0.277 0.272 0.242 
 49   I13413    (0)   :  0.199 0.575 0.069 0.157 
 50   I13414    (0)   :  0.157 0.673 0.034 0.136 
 51   I13415    (4)   :  0.302 0.210 0.080 0.408 
 52   I13416    (4)   :  0.180 0.480 0.136 0.204 
 53   I13417    (4)   :  0.286 0.174 0.145 0.396 
 54   I13418    (0)   :  0.242 0.304 0.140 0.314 
 55   I13419    (0)   :  0.427 0.164 0.028 0.381 
 56   I13420    (0)   :  0.133 0.509 0.213 0.145 
 57   I13421    (0)   :  0.269 0.102 0.254 0.375 
 58   I13422    (0)   :  0.211 0.272 0.250 0.267 
 59   I13423    (0)   :  0.370 0.186 0.098 0.346 
 60   I13424    (0)   :  0.348 0.106 0.055 0.491 
 61   I13425    (4)   :  0.314 0.200 0.085 0.400 
 62   I13426    (4)   :  0.220 0.163 0.410 0.207 
 63   I13870    (0)   :  0.125 0.530 0.210 0.136 
 64   I13871   (16)   :  0.205 0.553 0.048 0.194 
 65   I13872    (0)   :  0.128 0.764 0.024 0.084 
 66   I13873    (4)   :  0.116 0.653 0.118 0.113 
 67   I13874    (0)   :  0.225 0.546 0.067 0.163 
 68   I13875    (8)   :  0.105 0.721 0.074 0.099 
 69   I13876    (0)   :  0.384 0.220 0.115 0.281 
 70   I13877   (20)   :  0.317 0.172 0.093 0.418 
 71   I13878   (28)   :  0.177 0.577 0.035 0.211 
 72   I13879    (4)   :  0.279 0.312 0.020 0.389 
 73   I13880    (4)   :  0.060 0.869 0.025 0.045 
 74   I13881    (0)   :  0.314 0.354 0.082 0.249 
 75   I13882    (0)   :  0.128 0.698 0.046 0.128 
 76   I13883    (4)   :  0.108 0.745 0.072 0.075 
 77   I13884   (16)   :  0.457 0.159 0.041 0.344 
 78   I13885   (20)   :  0.423 0.117 0.024 0.435 
 79   I13886    (8)   :  0.201 0.522 0.031 0.246 
 80   I13887    (0)   :  0.464 0.156 0.066 0.313 
 81   I13888    (0)   :  0.324 0.370 0.054 0.252 
 82   I13889    (0)   :  0.137 0.057 0.663 0.143 
 83   I13890   (32)   :  0.212 0.152 0.430 0.207 
 84   I13891    (0)   :  0.160 0.638 0.045 0.157 
 85   I13892    (0)   :  0.217 0.149 0.350 0.284 
 86   I13893    (8)   :  0.468 0.103 0.044 0.386 
 87   I13894    (0)   :  0.063 0.861 0.034 0.042 
 88   I13895    (4)   :  0.343 0.172 0.132 0.353 
 89   I13896    (0)   :  0.113 0.588 0.205 0.094 
 90   I13897    (0)   :  0.137 0.685 0.018 0.160 
 91   I13898    (4)   :  0.122 0.676 0.061 0.140 
 92   I13899    (0)   :  0.047 0.899 0.017 0.037 
 93   I13900   (32)   :  0.358 0.290 0.086 0.266 
 94   I13837    (0)   :  0.365 0.045 0.055 0.535 
 95   I13838    (0)   :  0.098 0.195 0.617 0.090 
 96   I13839    (0)   :  0.327 0.099 0.122 0.453 
 97   I13840    (0)   :  0.247 0.226 0.188 0.339 
 98   I13841    (0)   :  0.199 0.077 0.465 0.259 
 99   I13842    (0)   :  0.286 0.031 0.273 0.409 
100   I13843    (4)   :  0.133 0.138 0.576 0.153 
101   I13844   (16)   :  0.343 0.103 0.129 0.425 
102   I13845    (0)   :  0.361 0.103 0.029 0.507 
103   I13846    (0)   :  0.366 0.075 0.051 0.507 
104   I13847    (0)   :  0.152 0.350 0.360 0.139 
105   I13848    (0)   :  0.243 0.273 0.258 0.226 
106   I13849    (0)   :  0.163 0.611 0.101 0.125 
107   I13850    (0)   :  0.169 0.148 0.502 0.182 
108   I12577    (4)   :  0.083 0.036 0.815 0.067 
109   I12578    (4)   :  0.095 0.065 0.762 0.078 
110   I12579    (8)   :  0.160 0.025 0.692 0.123 
111   I12580    (8)   :  0.044 0.036 0.871 0.048 
112   I12581    (4)   :  0.375 0.059 0.234 0.332 
113   I12582    (4)   :  0.056 0.055 0.840 0.049 
114   I12583    (8)   :  0.373 0.056 0.302 0.270 
115   I12584    (4)   :  0.206 0.065 0.591 0.137 
116   I12585    (4)   :  0.048 0.033 0.881 0.038 
117   I12586    (4)   :  0.046 0.043 0.872 0.039 
118   I12587    (8)   :  0.031 0.026 0.910 0.033 
119   I12588    (4)   :  0.080 0.022 0.841 0.057 
120   I12589    (0)   :  0.063 0.067 0.815 0.056 
121   I12590    (0)   :  0.135 0.069 0.687 0.109 
122   I12591   (12)   :  0.032 0.017 0.926 0.026 
123   I12592    (4)   :  0.085 0.044 0.799 0.072 
124   I12593    (4)   :  0.055 0.040 0.864 0.041 
125   I12594    (8)   :  0.036 0.031 0.900 0.032 
126   I12595    (0)   :  0.230 0.027 0.580 0.162 
127   I12596    (0)   :  0.045 0.020 0.897 0.038 
128   I12597    (4)   :  0.321 0.041 0.417 0.221 
129   I12598    (0)   :  0.230 0.056 0.546 0.167 
130   I12599    (0)   :  0.143 0.148 0.600 0.109 
131   I12600    (4)   :  0.044 0.065 0.851 0.040 
132   I12601    (8)   :  0.073 0.037 0.835 0.055 
133   I12602   (12)   :  0.072 0.039 0.830 0.059 
134   I12603    (0)   :  0.171 0.042 0.671 0.116 
135   I12604    (4)   :  0.085 0.086 0.764 0.065 
136   I12605    (4)   :  0.087 0.060 0.788 0.065 
137   I12606    (8)   :  0.067 0.025 0.855 0.053 
138   I12607    (4)   :  0.200 0.047 0.624 0.130 
139   I12608    (8)   :  0.144 0.054 0.690 0.112 
140   I12609    (8)   :  0.049 0.030 0.876 0.044 
141   I12610   (52)   :  0.095 0.043 0.770 0.092 
142   I12611    (0)   :  0.037 0.035 0.896 0.031 
143   I12612    (0)   :  0.050 0.033 0.876 0.041 
144   I12613    (0)   :  0.045 0.019 0.893 0.043 
145   I12614    (4)   :  0.087 0.053 0.765 0.094 
146   I12615    (0)   :  0.145 0.069 0.663 0.123 
147   I12616    (4)   :  0.249 0.035 0.534 0.181 
148   I12617    (8)   :  0.024 0.029 0.925 0.021 
149   I12618   (48)   :  0.071 0.030 0.845 0.054 


Estimated Allele Frequencies in each cluster
First column gives estimated ancestral frequencies


Locus 1 : A8 
7 alleles
4.0% missing data
 177   (0.519) 0.489 0.492 0.595 0.477 
 179   (0.091) 0.110 0.077 0.055 0.118 
 175   (0.103) 0.163 0.249 0.011 0.190 
 173   (0.046) 0.058 0.025 0.006 0.068 
 181   (0.171) 0.133 0.130 0.304 0.112 
 165   (0.040) 0.026 0.014 0.027 0.019 
 183   (0.031) 0.022 0.013 0.003 0.016 

Locus 2 : A14 
5 alleles
0.0% missing data
 112   (0.205) 0.207 0.388 0.030 0.204 
 110   (0.700) 0.732 0.584 0.820 0.755 
 114   (0.032) 0.021 0.016 0.004 0.015 
 118   (0.035) 0.022 0.009 0.113 0.014 
 116   (0.028) 0.017 0.004 0.033 0.011 

Locus 3 : A24 
5 alleles
2.7% missing data
 104   (0.413) 0.362 0.466 0.368 0.331 
 106   (0.516) 0.593 0.502 0.567 0.637 
 101   (0.018) 0.012 0.003 0.002 0.009 
 108   (0.028) 0.018 0.025 0.003 0.012 
  96   (0.026) 0.016 0.004 0.060 0.011 

Locus 4 : A29 
29 alleles
6.7% missing data
 143   (0.033) 0.035 0.101 0.005 0.033 
 149   (0.053) 0.040 0.025 0.055 0.033 
 147   (0.029) 0.019 0.034 0.032 0.013 
 153   (0.056) 0.085 0.026 0.088 0.100 
 169   (0.035) 0.024 0.104 0.032 0.017 
 151   (0.037) 0.064 0.008 0.026 0.080 
 145   (0.028) 0.018 0.026 0.027 0.013 
 157   (0.067) 0.055 0.125 0.145 0.048 
 155   (0.095) 0.087 0.117 0.182 0.083 
 159   (0.053) 0.044 0.157 0.045 0.037 
 161   (0.034) 0.063 0.014 0.006 0.080 
 141   (0.028) 0.039 0.010 0.007 0.046 
 139   (0.015) 0.017 0.003 0.002 0.017 
 144   (0.023) 0.044 0.012 0.003 0.057 
 171   (0.051) 0.058 0.023 0.033 0.064 
 163   (0.078) 0.087 0.072 0.059 0.093 
 167   (0.046) 0.036 0.039 0.067 0.030 
 173   (0.023) 0.029 0.012 0.006 0.032 
 142   (0.014) 0.009 0.007 0.002 0.006 
 177   (0.023) 0.016 0.005 0.046 0.012 
 175   (0.023) 0.016 0.005 0.017 0.012 
 165   (0.042) 0.032 0.047 0.041 0.026 
 146   (0.020) 0.024 0.013 0.002 0.026 
 137   (0.019) 0.012 0.003 0.011 0.009 
 183   (0.016) 0.010 0.003 0.017 0.007 
 179   (0.018) 0.012 0.003 0.013 0.008 
 191   (0.013) 0.008 0.002 0.005 0.006 
 185   (0.013) 0.008 0.002 0.005 0.006 
 180   (0.015) 0.009 0.002 0.023 0.006 

Locus 5 : A43 
7 alleles
1.3% missing data
 123   (0.215) 0.165 0.092 0.154 0.138 
 141   (0.017) 0.011 0.005 0.002 0.007 
 137   (0.654) 0.738 0.879 0.688 0.782 
 139   (0.050) 0.048 0.014 0.080 0.046 
 124   (0.029) 0.018 0.004 0.065 0.013 
 143   (0.017) 0.011 0.003 0.004 0.007 
 128   (0.017) 0.010 0.002 0.008 0.007 

Locus 6 : A79 
13 alleles
3.4% missing data
 103   (0.237) 0.264 0.311 0.176 0.280 
  97   (0.130) 0.105 0.207 0.055 0.089 
 101   (0.092) 0.159 0.063 0.034 0.199 
 107   (0.100) 0.136 0.074 0.074 0.155 
 109   (0.099) 0.086 0.077 0.087 0.081 
 105   (0.158) 0.123 0.206 0.421 0.099 
 111   (0.049) 0.033 0.026 0.028 0.025 
 113   (0.016) 0.010 0.005 0.002 0.007 
  91   (0.025) 0.016 0.004 0.083 0.010 
  99   (0.032) 0.027 0.010 0.026 0.025 
 115   (0.028) 0.020 0.007 0.009 0.016 
 117   (0.016) 0.010 0.006 0.002 0.007 
 121   (0.016) 0.010 0.003 0.002 0.007 

Locus 7 : A88 
9 alleles
6.0% missing data
 133   (0.017) 0.011 0.005 0.002 0.008 
 149   (0.523) 0.495 0.538 0.812 0.484 
 137   (0.100) 0.099 0.138 0.014 0.096 
 147   (0.204) 0.292 0.225 0.063 0.339 
 141   (0.078) 0.054 0.081 0.088 0.039 
 152   (0.017) 0.012 0.003 0.002 0.009 
 143   (0.018) 0.011 0.004 0.002 0.008 
 151   (0.018) 0.011 0.002 0.006 0.007 
 144   (0.025) 0.016 0.005 0.010 0.011 

Locus 8 : A113 
12 alleles
7.4% missing data
 214   (0.587) 0.678 0.675 0.746 0.726 
 226   (0.058) 0.043 0.140 0.029 0.033 
 218   (0.017) 0.013 0.003 0.002 0.011 
 220   (0.060) 0.048 0.017 0.143 0.042 
 216   (0.058) 0.043 0.020 0.035 0.035 
 230   (0.040) 0.053 0.015 0.006 0.062 
 234   (0.032) 0.022 0.031 0.004 0.016 
 232   (0.030) 0.022 0.033 0.005 0.017 
 228   (0.052) 0.035 0.042 0.015 0.026 
 224   (0.017) 0.011 0.005 0.002 0.007 
 222   (0.032) 0.020 0.016 0.010 0.014 
 208   (0.017) 0.013 0.003 0.002 0.011 

Locus 9 : Ac11 
9 alleles
4.7% missing data
 111   (0.126) 0.129 0.305 0.031 0.127 
 117   (0.306) 0.359 0.283 0.195 0.391 
 115   (0.256) 0.290 0.274 0.235 0.306 
 113   (0.158) 0.120 0.105 0.273 0.103 
 119   (0.048) 0.034 0.013 0.178 0.025 
 121   (0.025) 0.016 0.004 0.061 0.010 
 123   (0.033) 0.021 0.007 0.012 0.015 
 127   (0.031) 0.020 0.006 0.013 0.015 
 125   (0.017) 0.011 0.002 0.003 0.008 

Locus 10 : Ac88 
8 alleles
0.7% missing data
 214   (0.754) 0.822 0.726 0.922 0.862 
 216   (0.029) 0.020 0.020 0.003 0.015 
 220   (0.115) 0.095 0.237 0.027 0.081 
 230   (0.025) 0.016 0.006 0.004 0.011 
 221   (0.017) 0.010 0.002 0.008 0.007 
 212   (0.020) 0.012 0.003 0.019 0.008 
 217   (0.017) 0.011 0.002 0.005 0.007 
 224   (0.023) 0.014 0.003 0.012 0.010 

Locus 11 : Ac139 
8 alleles
13.4% missing data
 327   (0.503) 0.533 0.432 0.801 0.555 
 329   (0.293) 0.311 0.432 0.104 0.317 
 331   (0.072) 0.057 0.110 0.019 0.046 
 328   (0.046) 0.046 0.012 0.005 0.045 
 341   (0.019) 0.012 0.003 0.008 0.008 
 337   (0.028) 0.017 0.004 0.052 0.011 
 323   (0.019) 0.012 0.003 0.005 0.008 
 339   (0.019) 0.012 0.003 0.006 0.008 

Locus 12 : Ac306 
6 alleles
4.7% missing data
 165   (0.736) 0.768 0.704 0.809 0.791 
 177   (0.081) 0.063 0.067 0.103 0.053 
 173   (0.096) 0.074 0.207 0.032 0.060 
 169   (0.043) 0.067 0.014 0.005 0.078 
 171   (0.018) 0.011 0.003 0.002 0.008 
 179   (0.027) 0.016 0.004 0.050 0.011 

Locus 13 : Ap15 
7 alleles
6.0% missing data
 202   (0.818) 0.883 0.943 0.829 0.918 
 212   (0.027) 0.018 0.027 0.003 0.012 
 204   (0.042) 0.028 0.009 0.027 0.021 
 208   (0.038) 0.025 0.006 0.057 0.018 
 220   (0.038) 0.024 0.009 0.070 0.016 
 219   (0.018) 0.011 0.003 0.008 0.007 
 210   (0.018) 0.011 0.003 0.006 0.008 

Locus 14 : Ap68 
9 alleles
4.7% missing data
 158   (0.398) 0.349 0.624 0.290 0.311 
 160   (0.087) 0.110 0.036 0.023 0.125 
 156   (0.224) 0.287 0.235 0.360 0.323 
 162   (0.043) 0.029 0.031 0.009 0.020 
 154   (0.092) 0.116 0.036 0.017 0.135 
 152   (0.074) 0.057 0.017 0.261 0.048 
 164   (0.043) 0.027 0.016 0.022 0.020 
 170   (0.018) 0.011 0.003 0.003 0.008 
 166   (0.022) 0.014 0.003 0.015 0.009 

Locus 15 : Ap85 
10 alleles
3.4% missing data
 202   (0.311) 0.294 0.389 0.545 0.275 
 186   (0.255) 0.348 0.376 0.104 0.407 
 204   (0.065) 0.050 0.026 0.038 0.041 
 188   (0.111) 0.124 0.077 0.024 0.135 
 194   (0.078) 0.067 0.082 0.027 0.058 
 196   (0.051) 0.035 0.013 0.116 0.026 
 200   (0.063) 0.042 0.018 0.078 0.030 
 192   (0.025) 0.016 0.007 0.005 0.011 
 190   (0.017) 0.011 0.008 0.002 0.008 
 198   (0.024) 0.015 0.003 0.061 0.010 

Locus 16 : Ap90 
13 alleles
0.7% missing data
 131   (0.357) 0.442 0.523 0.544 0.483 
 135   (0.065) 0.049 0.080 0.089 0.039 
 133   (0.296) 0.268 0.308 0.204 0.255 
 129   (0.098) 0.117 0.042 0.088 0.130 
 137   (0.035) 0.032 0.008 0.012 0.031 
 141   (0.016) 0.010 0.005 0.002 0.007 
 143   (0.023) 0.015 0.010 0.002 0.011 
 151   (0.024) 0.015 0.010 0.004 0.010 
 155   (0.016) 0.010 0.004 0.002 0.007 
 145   (0.016) 0.010 0.002 0.009 0.006 
 130   (0.019) 0.011 0.003 0.018 0.007 
 139   (0.016) 0.010 0.002 0.010 0.006 
 153   (0.020) 0.012 0.003 0.017 0.008 

Locus 17 : Ap223 
7 alleles
2.0% missing data
 183   (0.691) 0.686 0.614 0.896 0.685 
 187   (0.134) 0.187 0.284 0.021 0.216 
 189   (0.025) 0.025 0.005 0.002 0.024 
 173   (0.063) 0.044 0.070 0.041 0.033 
 182   (0.031) 0.023 0.010 0.005 0.017 
 180   (0.025) 0.016 0.005 0.006 0.012 
 179   (0.031) 0.019 0.012 0.028 0.013 

Locus 18 : Ap224 
7 alleles
4.0% missing data
 283   (0.112) 0.142 0.198 0.019 0.159 
 287   (0.471) 0.460 0.483 0.457 0.454 
 281   (0.134) 0.155 0.155 0.049 0.167 
 289   (0.204) 0.189 0.103 0.419 0.181 
 291   (0.038) 0.028 0.054 0.004 0.022 
 285   (0.017) 0.012 0.003 0.002 0.008 
 279   (0.024) 0.014 0.003 0.050 0.009 

Locus 19 : Ap226 
5 alleles
17.4% missing data
 237   (0.384) 0.376 0.324 0.346 0.368 
 239   (0.461) 0.470 0.453 0.609 0.482 
 247   (0.117) 0.128 0.217 0.030 0.130 
 235   (0.019) 0.014 0.003 0.003 0.011 
 241   (0.019) 0.012 0.003 0.011 0.008 

Locus 20 : Ap249 
9 alleles
1.3% missing data
 209   (0.617) 0.662 0.585 0.702 0.692 
 211   (0.053) 0.056 0.016 0.008 0.058 
 217   (0.083) 0.082 0.144 0.020 0.078 
 219   (0.102) 0.099 0.227 0.018 0.094 
 215   (0.076) 0.058 0.014 0.243 0.047 
 208   (0.017) 0.011 0.005 0.002 0.007 
 225   (0.017) 0.011 0.004 0.002 0.008 
 223   (0.017) 0.012 0.003 0.002 0.009 
 213   (0.017) 0.011 0.002 0.005 0.007 

Locus 21 : Ap273 
4 alleles
1.3% missing data
 106   (0.876) 0.911 0.949 0.953 0.930 
 108   (0.052) 0.037 0.033 0.021 0.028 
 104   (0.044) 0.035 0.012 0.004 0.030 
 102   (0.028) 0.017 0.006 0.022 0.012 

Locus 22 : Ap274 
2 alleles
2.0% missing data
 120   (0.946) 0.965 0.984 0.916 0.975 
 122   (0.054) 0.035 0.016 0.084 0.025 

Locus 23 : Ap288 
5 alleles
0.0% missing data
 123   (0.772) 0.767 0.624 0.952 0.771 
 131   (0.164) 0.192 0.340 0.042 0.201 
 139   (0.029) 0.019 0.021 0.003 0.013 
 121   (0.017) 0.011 0.008 0.002 0.007 
 124   (0.017) 0.011 0.007 0.002 0.008 

Locus 24 : At163 
7 alleles
0.0% missing data
 128   (0.710) 0.750 0.560 0.933 0.774 
 134   (0.196) 0.189 0.420 0.053 0.184 
 130   (0.024) 0.016 0.011 0.003 0.011 
 136   (0.018) 0.012 0.003 0.002 0.009 
 140   (0.018) 0.011 0.002 0.003 0.008 
 146   (0.018) 0.011 0.002 0.003 0.008 
 142   (0.017) 0.010 0.002 0.004 0.007 

Locus 25 : At188 
13 alleles
1.3% missing data
 189   (0.635) 0.685 0.768 0.897 0.713 
 205   (0.031) 0.021 0.060 0.003 0.014 
 207   (0.030) 0.054 0.011 0.003 0.066 
 219   (0.024) 0.017 0.008 0.002 0.013 
 209   (0.032) 0.043 0.013 0.004 0.050 
 217   (0.042) 0.032 0.015 0.004 0.027 
 215   (0.020) 0.017 0.008 0.002 0.016 
 199   (0.064) 0.043 0.067 0.052 0.032 
 212   (0.028) 0.021 0.010 0.005 0.018 
 213   (0.037) 0.027 0.030 0.004 0.022 
 211   (0.016) 0.010 0.003 0.001 0.007 
 191   (0.017) 0.013 0.003 0.002 0.011 
 187   (0.024) 0.015 0.003 0.021 0.011 

Values of parameters used in structure:
DATAFILE=,	OUTFILE=,	NUMINDS=149,	NUMLOCI=25,	MISSING=-9,	LABEL=1,	POPDATA=0,	POPFLAG=1,	PHENOTYPE=0,	EXTRACOLS=1,	MAXPOPS=4,	BURNIN=100000,	NUMREPS=1000000,	USEPOPINFO=0,	INFERALPHA=1,	INFERLAMBDA=0,	POPSPECIFICLAMBDA=0,	POPALPHAS=0,	COMPUTEPROB=1,	NOADMIX=0,	ADMBURNIN=2500,	UPDATEFREQ=1,	PRINTLIKES=0,	INTERMEDSAVE=0,	PRINTKLD=0,	PRINTNET=0,	PRINTLAMBDA=0,	ANCESTDIST=0,	NUMBOXES=1000,	ANCESTPINT=0.90000,	GENSBACK=2,	MIGRPRIOR=0.05000,	PRINTQHAT=0,	PRINTQSUM=0,	ALPHA=1.0000,	FREQSCORR=1,	FPRIORMEAN=0.0100,	FPRIORSD=0.0500,	ONEFST=0,	LAMBDA=1.0000,	UNIFPRIORALPHA=1,	ALPHAMAX=10.0000,	ALPHAPRIORA=1.0000,	ALPHAPRIORB=2.0000,	ALPHAPROPSD=0.0250,	STARTATPOPINFO=0,	RANDOMIZE=1,	LINKAGE=0,	METROFREQ=10,	REPORTHITRATE=0,	MARKOVPHASE=-1,	PHASED=0,	PLOIDY=2,	PHASEINFO=0	LOCPRIOR=0, 	LOCPRIORINIT=1.000000, 	LOCDATA=0, 	LOCISPOP=0, 	LOCPRIORSTEP=0.100000, 	MAXLOCPRIOR=20.000000, 	SEED=1342967587,	
[STRAT parameters]:    NUMSIMSTATS=1000,	PHENOTYPECOL=-9,	POOLFREQ=10,	LOCUSxONLY=0,	EMERROR=0.00100,	MISSINGPHENO=-9,	