

----------------------------------------------------
STRUCTURE by Pritchard, Stephens and Donnelly (2000)
     and Falush, Stephens and Pritchard (2003)
       Code by Pritchard, Falush and Hubisz
             Version 2.3.2.1 (Oct 2009)
----------------------------------------------------



Command line arguments:
Input File:

Run parameters:
   149 individuals
   25 loci
   5 populations assumed
   100000 Burn-in period
   1000000 Reps


--------------------------------------------
Overall proportion of membership of the
sample in each of the 5 clusters

Inferred Clusters
  1      2      3      4      5    
0.210  0.192  0.164  0.232  0.202  

--------------------------------------------

Allele-freq. divergence among pops (Net nucleotide distance),
computed using point estimates of P.

      1       2       3       4       5      
 1      -    0.0057  0.0043  0.0029  0.0055  
 2   0.0057     -    0.0096  0.0141  0.0064  
 3   0.0043  0.0096     -    0.0061  0.0071  
 4   0.0029  0.0141  0.0061     -    0.0057  
 5   0.0055  0.0064  0.0071  0.0057     -    

Average distances (expected heterozygosity) between individuals in same cluster:
cluster  1  : 0.5068 
cluster  2  : 0.4731 
cluster  3  : 0.5752 
cluster  4  : 0.5045 
cluster  5  : 0.4812 

--------------------------------------------
Estimated Ln Prob of Data   = -7709.8
Mean value of ln likelihood = -7208.7
Variance of ln likelihood   = 1002.3
Mean value of alpha         = 0.2266

Mean value of Fst_1         = 0.1404
Mean value of Fst_2         = 0.1511
Mean value of Fst_3         = 0.0176
Mean value of Fst_4         = 0.1342
Mean value of Fst_5         = 0.1360


Inferred ancestry of individuals:
        Label (%Miss) :  Inferred clusters
  1   I13825    (0)   :  0.190 0.093 0.410 0.190 0.117 
  2   I13826    (0)   :  0.347 0.070 0.138 0.388 0.056 
  3   I13827   (20)   :  0.237 0.444 0.080 0.058 0.182 
  4   I13828    (0)   :  0.299 0.098 0.190 0.328 0.085 
  5   I13829    (8)   :  0.232 0.368 0.102 0.101 0.196 
  6   I13830    (0)   :  0.344 0.091 0.128 0.377 0.061 
  7   I13831    (0)   :  0.195 0.392 0.091 0.122 0.201 
  8   I13832   (16)   :  0.188 0.343 0.185 0.070 0.213 
  9   I13833    (0)   :  0.196 0.469 0.068 0.067 0.200 
 10   I13834    (0)   :  0.245 0.439 0.062 0.082 0.171 
 11   I13835    (0)   :  0.146 0.334 0.240 0.060 0.220 
 12   I13836    (0)   :  0.224 0.388 0.150 0.070 0.168 
 13   I13377    (0)   :  0.165 0.476 0.095 0.052 0.213 
 14   I13378    (0)   :  0.126 0.288 0.307 0.085 0.193 
 15   I13379    (0)   :  0.260 0.268 0.105 0.232 0.134 
 16   I13380    (0)   :  0.212 0.413 0.081 0.082 0.212 
 17   I13381    (0)   :  0.175 0.295 0.199 0.075 0.255 
 18   I13382    (0)   :  0.235 0.406 0.066 0.053 0.239 
 19   I13383    (0)   :  0.157 0.271 0.261 0.093 0.217 
 20   I13384    (0)   :  0.237 0.303 0.130 0.153 0.176 
 21   I13385    (0)   :  0.227 0.464 0.071 0.049 0.189 
 22   I13386    (0)   :  0.238 0.412 0.088 0.048 0.214 
 23   I13387    (0)   :  0.281 0.140 0.203 0.283 0.093 
 24   I13388    (0)   :  0.190 0.078 0.400 0.204 0.127 
 25   I13389    (0)   :  0.192 0.454 0.061 0.088 0.205 
 26   I13390    (0)   :  0.237 0.405 0.078 0.083 0.197 
 27   I13391    (0)   :  0.146 0.320 0.237 0.094 0.203 
 28   I13392    (0)   :  0.160 0.250 0.280 0.133 0.177 
 29   I13393    (0)   :  0.175 0.355 0.101 0.081 0.288 
 30   I13394    (4)   :  0.164 0.233 0.172 0.181 0.250 
 31   I13395    (0)   :  0.189 0.228 0.135 0.219 0.230 
 32   I13396    (0)   :  0.247 0.094 0.235 0.297 0.127 
 33   I13397    (0)   :  0.187 0.242 0.259 0.159 0.153 
 34   I13398    (0)   :  0.343 0.137 0.105 0.344 0.071 
 35   I13399    (4)   :  0.120 0.318 0.322 0.056 0.185 
 36   I13400    (0)   :  0.163 0.384 0.148 0.097 0.208 
 37   I13401    (0)   :  0.183 0.254 0.180 0.164 0.219 
 38   I13402    (0)   :  0.164 0.186 0.325 0.157 0.167 
 39   I13403    (0)   :  0.295 0.135 0.109 0.325 0.136 
 40   I13404    (0)   :  0.289 0.257 0.097 0.242 0.115 
 41   I13405    (0)   :  0.210 0.501 0.059 0.037 0.193 
 42   I13406   (16)   :  0.230 0.105 0.319 0.237 0.108 
 43   I13407    (0)   :  0.248 0.242 0.135 0.241 0.134 
 44   I13408    (0)   :  0.192 0.431 0.082 0.077 0.218 
 45   I13409    (0)   :  0.199 0.086 0.374 0.221 0.120 
 46   I13410    (0)   :  0.213 0.362 0.102 0.126 0.197 
 47   I13411    (0)   :  0.268 0.360 0.084 0.139 0.149 
 48   I13412    (0)   :  0.235 0.201 0.144 0.231 0.189 
 49   I13413    (0)   :  0.243 0.120 0.252 0.264 0.121 
 50   I13414    (0)   :  0.302 0.108 0.190 0.308 0.093 
 51   I13415    (4)   :  0.239 0.373 0.083 0.122 0.184 
 52   I13416    (4)   :  0.249 0.230 0.130 0.225 0.166 
 53   I13417    (4)   :  0.245 0.333 0.076 0.153 0.192 
 54   I13418    (0)   :  0.259 0.268 0.095 0.178 0.200 
 55   I13419    (0)   :  0.169 0.209 0.379 0.088 0.154 
 56   I13420    (0)   :  0.292 0.155 0.102 0.298 0.153 
 57   I13421    (0)   :  0.220 0.310 0.074 0.138 0.257 
 58   I13422    (0)   :  0.234 0.241 0.120 0.213 0.191 
 59   I13423    (0)   :  0.183 0.235 0.251 0.106 0.226 
 60   I13424    (0)   :  0.181 0.428 0.121 0.072 0.198 
 61   I13425    (4)   :  0.222 0.321 0.153 0.129 0.176 
 62   I13426    (4)   :  0.164 0.171 0.199 0.212 0.254 
 63   I13870    (0)   :  0.274 0.133 0.125 0.318 0.151 
 64   I13871   (16)   :  0.246 0.181 0.204 0.232 0.136 
 65   I13872    (0)   :  0.322 0.048 0.205 0.371 0.054 
 66   I13873    (4)   :  0.267 0.155 0.149 0.287 0.142 
 67   I13874    (0)   :  0.247 0.077 0.307 0.266 0.102 
 68   I13875    (8)   :  0.300 0.115 0.155 0.328 0.101 
 69   I13876    (0)   :  0.129 0.085 0.480 0.145 0.161 
 70   I13877   (20)   :  0.222 0.316 0.115 0.102 0.244 
 71   I13878   (28)   :  0.313 0.194 0.110 0.283 0.101 
 72   I13879    (4)   :  0.266 0.350 0.081 0.154 0.150 
 73   I13880    (4)   :  0.355 0.059 0.130 0.410 0.045 
 74   I13881    (0)   :  0.189 0.130 0.354 0.189 0.138 
 75   I13882    (0)   :  0.301 0.123 0.153 0.324 0.099 
 76   I13883    (4)   :  0.311 0.050 0.191 0.371 0.077 
 77   I13884   (16)   :  0.105 0.125 0.519 0.091 0.160 
 78   I13885   (20)   :  0.162 0.272 0.304 0.066 0.195 
 79   I13886    (8)   :  0.270 0.229 0.139 0.247 0.115 
 80   I13887    (0)   :  0.075 0.063 0.615 0.089 0.158 
 81   I13888    (0)   :  0.188 0.139 0.333 0.185 0.155 
 82   I13889    (0)   :  0.186 0.148 0.098 0.313 0.255 
 83   I13890   (32)   :  0.174 0.178 0.175 0.229 0.243 
 84   I13891    (0)   :  0.306 0.143 0.156 0.299 0.097 
 85   I13892    (0)   :  0.192 0.292 0.104 0.168 0.243 
 86   I13893    (8)   :  0.101 0.217 0.439 0.061 0.182 
 87   I13894    (0)   :  0.355 0.037 0.139 0.426 0.043 
 88   I13895    (4)   :  0.158 0.268 0.263 0.108 0.203 
 89   I13896    (0)   :  0.276 0.086 0.153 0.344 0.141 
 90   I13897    (0)   :  0.334 0.176 0.104 0.303 0.083 
 91   I13898    (4)   :  0.277 0.185 0.129 0.286 0.122 
 92   I13899    (0)   :  0.370 0.046 0.116 0.434 0.034 
 93   I13900   (32)   :  0.149 0.118 0.429 0.152 0.152 
 94   I13837    (0)   :  0.213 0.475 0.064 0.050 0.199 
 95   I13838    (0)   :  0.210 0.079 0.108 0.358 0.244 
 96   I13839    (0)   :  0.237 0.382 0.091 0.107 0.184 
 97   I13840    (0)   :  0.229 0.321 0.078 0.156 0.217 
 98   I13841    (0)   :  0.201 0.232 0.079 0.189 0.299 
 99   I13842    (0)   :  0.198 0.355 0.074 0.129 0.244 
100   I13843    (4)   :  0.198 0.195 0.085 0.222 0.300 
101   I13844   (16)   :  0.172 0.346 0.161 0.094 0.228 
102   I13845    (0)   :  0.242 0.377 0.088 0.074 0.218 
103   I13846    (0)   :  0.207 0.388 0.132 0.062 0.211 
104   I13847    (0)   :  0.233 0.118 0.154 0.310 0.186 
105   I13848    (0)   :  0.182 0.237 0.186 0.167 0.228 
106   I13849    (0)   :  0.247 0.126 0.230 0.263 0.134 
107   I13850    (0)   :  0.184 0.212 0.113 0.211 0.279 
108   I12577    (4)   :  0.178 0.060 0.102 0.372 0.288 
109   I12578    (4)   :  0.193 0.082 0.107 0.362 0.256 
110   I12579    (8)   :  0.147 0.094 0.180 0.304 0.276 
111   I12580    (8)   :  0.188 0.062 0.040 0.398 0.313 
112   I12581    (4)   :  0.122 0.235 0.301 0.112 0.230 
113   I12582    (4)   :  0.190 0.052 0.070 0.396 0.291 
114   I12583    (8)   :  0.105 0.092 0.446 0.147 0.209 
115   I12584    (4)   :  0.150 0.054 0.262 0.288 0.245 
116   I12585    (4)   :  0.182 0.041 0.066 0.401 0.311 
117   I12586    (4)   :  0.183 0.059 0.050 0.390 0.317 
118   I12587    (8)   :  0.183 0.051 0.031 0.405 0.330 
119   I12588    (4)   :  0.171 0.042 0.108 0.383 0.296 
120   I12589    (0)   :  0.196 0.053 0.073 0.395 0.284 
121   I12590    (0)   :  0.170 0.076 0.149 0.335 0.270 
122   I12591   (12)   :  0.202 0.027 0.042 0.434 0.296 
123   I12592    (4)   :  0.201 0.059 0.104 0.381 0.255 
124   I12593    (4)   :  0.203 0.033 0.077 0.418 0.270 
125   I12594    (8)   :  0.192 0.036 0.044 0.420 0.309 
126   I12595    (0)   :  0.135 0.095 0.267 0.254 0.250 
127   I12596    (0)   :  0.194 0.037 0.055 0.416 0.298 
128   I12597    (4)   :  0.103 0.075 0.402 0.180 0.240 
129   I12598    (0)   :  0.152 0.065 0.274 0.266 0.243 
130   I12599    (0)   :  0.181 0.069 0.188 0.331 0.230 
131   I12600    (4)   :  0.189 0.044 0.051 0.405 0.310 
132   I12601    (8)   :  0.171 0.050 0.103 0.375 0.301 
133   I12602   (12)   :  0.180 0.061 0.082 0.378 0.299 
134   I12603    (0)   :  0.145 0.059 0.234 0.305 0.257 
135   I12604    (4)   :  0.183 0.050 0.114 0.376 0.277 
136   I12605    (4)   :  0.177 0.048 0.109 0.377 0.288 
137   I12606    (8)   :  0.195 0.054 0.083 0.392 0.275 
138   I12607    (4)   :  0.160 0.049 0.261 0.300 0.229 
139   I12608    (8)   :  0.169 0.085 0.183 0.312 0.251 
140   I12609    (8)   :  0.191 0.049 0.060 0.405 0.296 
141   I12610   (52)   :  0.172 0.097 0.102 0.339 0.289 
142   I12611    (0)   :  0.196 0.038 0.048 0.421 0.297 
143   I12612    (0)   :  0.181 0.042 0.062 0.403 0.313 
144   I12613    (0)   :  0.201 0.050 0.049 0.413 0.286 
145   I12614    (4)   :  0.188 0.120 0.073 0.322 0.296 
146   I12615    (0)   :  0.176 0.104 0.162 0.307 0.252 
147   I12616    (4)   :  0.135 0.089 0.313 0.237 0.226 
148   I12617    (8)   :  0.195 0.026 0.030 0.433 0.315 
149   I12618   (48)   :  0.174 0.045 0.090 0.387 0.305 


Estimated Allele Frequencies in each cluster
First column gives estimated ancestral frequencies


Locus 1 : A8 
7 alleles
4.0% missing data
 177   (0.510) 0.489 0.494 0.508 0.533 0.545 
 179   (0.095) 0.094 0.112 0.094 0.069 0.080 
 175   (0.104) 0.209 0.189 0.123 0.147 0.110 
 173   (0.045) 0.029 0.077 0.042 0.013 0.040 
 181   (0.177) 0.153 0.107 0.168 0.209 0.194 
 165   (0.040) 0.016 0.011 0.036 0.021 0.020 
 183   (0.029) 0.009 0.011 0.028 0.008 0.012 

Locus 2 : A14 
5 alleles
0.0% missing data
 112   (0.201) 0.251 0.195 0.223 0.229 0.146 
 110   (0.702) 0.697 0.786 0.690 0.680 0.774 
 114   (0.032) 0.010 0.008 0.030 0.010 0.010 
 118   (0.036) 0.032 0.006 0.031 0.063 0.051 
 116   (0.030) 0.010 0.005 0.026 0.018 0.019 

Locus 3 : A24 
5 alleles
2.7% missing data
 104   (0.407) 0.381 0.321 0.410 0.420 0.356 
 106   (0.519) 0.587 0.661 0.523 0.532 0.601 
 101   (0.018) 0.003 0.005 0.016 0.002 0.006 
 108   (0.029) 0.013 0.008 0.027 0.013 0.009 
  96   (0.028) 0.017 0.005 0.024 0.033 0.029 

Locus 4 : A29 
29 alleles
6.7% missing data
 143   (0.033) 0.062 0.030 0.041 0.060 0.021 
 149   (0.051) 0.031 0.031 0.048 0.037 0.039 
 147   (0.029) 0.025 0.007 0.028 0.035 0.020 
 153   (0.056) 0.075 0.107 0.054 0.057 0.084 
 169   (0.037) 0.058 0.012 0.043 0.074 0.022 
 151   (0.037) 0.038 0.086 0.039 0.016 0.065 
 145   (0.028) 0.019 0.011 0.027 0.026 0.019 
 157   (0.069) 0.100 0.051 0.073 0.134 0.098 
 155   (0.095) 0.115 0.086 0.097 0.150 0.130 
 159   (0.051) 0.093 0.041 0.061 0.106 0.050 
 161   (0.032) 0.046 0.081 0.034 0.011 0.052 
 141   (0.029) 0.024 0.046 0.027 0.009 0.025 
 139   (0.016) 0.008 0.014 0.015 0.003 0.009 
 144   (0.026) 0.028 0.062 0.025 0.009 0.029 
 171   (0.049) 0.037 0.073 0.046 0.024 0.047 
 163   (0.072) 0.071 0.113 0.074 0.054 0.089 
 167   (0.046) 0.041 0.033 0.045 0.048 0.047 
 173   (0.024) 0.019 0.029 0.023 0.009 0.019 
 142   (0.013) 0.004 0.003 0.012 0.004 0.004 
 177   (0.024) 0.016 0.009 0.021 0.026 0.024 
 175   (0.022) 0.008 0.010 0.020 0.009 0.014 
 165   (0.045) 0.037 0.023 0.044 0.043 0.031 
 146   (0.021) 0.016 0.022 0.020 0.010 0.013 
 137   (0.019) 0.005 0.004 0.017 0.007 0.009 
 183   (0.017) 0.006 0.003 0.015 0.010 0.010 
 179   (0.018) 0.006 0.006 0.016 0.008 0.010 
 191   (0.014) 0.003 0.003 0.012 0.003 0.005 
 185   (0.013) 0.003 0.002 0.011 0.003 0.004 
 180   (0.015) 0.006 0.002 0.013 0.012 0.012 

Locus 5 : A43 
7 alleles
1.3% missing data
 123   (0.206) 0.104 0.127 0.195 0.109 0.158 
 141   (0.018) 0.003 0.003 0.016 0.003 0.004 
 137   (0.663) 0.827 0.811 0.687 0.804 0.724 
 139   (0.047) 0.042 0.048 0.045 0.040 0.070 
 124   (0.031) 0.018 0.006 0.028 0.035 0.032 
 143   (0.018) 0.003 0.002 0.015 0.003 0.005 
 128   (0.017) 0.003 0.003 0.015 0.005 0.006 

Locus 6 : A79 
13 alleles
3.4% missing data
 103   (0.237) 0.274 0.299 0.250 0.239 0.260 
  97   (0.131) 0.126 0.078 0.137 0.140 0.076 
 101   (0.092) 0.113 0.228 0.091 0.045 0.111 
 107   (0.096) 0.117 0.159 0.099 0.068 0.131 
 109   (0.099) 0.072 0.083 0.095 0.079 0.082 
 105   (0.162) 0.219 0.087 0.163 0.326 0.228 
 111   (0.048) 0.022 0.021 0.045 0.025 0.027 
 113   (0.016) 0.003 0.002 0.015 0.003 0.004 
  91   (0.025) 0.021 0.005 0.022 0.045 0.039 
  99   (0.033) 0.018 0.020 0.030 0.017 0.022 
 115   (0.028) 0.008 0.013 0.025 0.007 0.013 
 117   (0.016) 0.004 0.002 0.015 0.004 0.004 
 121   (0.017) 0.003 0.002 0.015 0.002 0.004 

Locus 7 : A88 
9 alleles
6.0% missing data
 133   (0.018) 0.003 0.003 0.016 0.003 0.004 
 149   (0.522) 0.567 0.504 0.523 0.673 0.625 
 137   (0.104) 0.098 0.088 0.107 0.081 0.061 
 147   (0.196) 0.252 0.367 0.206 0.136 0.232 
 141   (0.081) 0.066 0.023 0.079 0.090 0.053 
 152   (0.018) 0.003 0.005 0.016 0.002 0.005 
 143   (0.018) 0.003 0.003 0.016 0.003 0.005 
 151   (0.018) 0.003 0.003 0.015 0.004 0.006 
 144   (0.025) 0.005 0.004 0.022 0.007 0.009 

Locus 8 : A113 
12 alleles
7.4% missing data
 214   (0.578) 0.726 0.784 0.597 0.698 0.760 
 226   (0.062) 0.079 0.027 0.068 0.091 0.033 
 218   (0.017) 0.005 0.007 0.015 0.003 0.006 
 220   (0.060) 0.053 0.040 0.055 0.081 0.074 
 216   (0.059) 0.025 0.023 0.054 0.028 0.029 
 230   (0.043) 0.029 0.064 0.041 0.011 0.034 
 234   (0.033) 0.018 0.011 0.032 0.018 0.011 
 232   (0.030) 0.020 0.011 0.030 0.021 0.011 
 228   (0.051) 0.026 0.018 0.049 0.029 0.021 
 224   (0.017) 0.003 0.003 0.015 0.003 0.004 
 222   (0.032) 0.011 0.005 0.029 0.014 0.011 
 208   (0.017) 0.004 0.006 0.015 0.002 0.006 

Locus 9 : Ac11 
9 alleles
4.7% missing data
 111   (0.130) 0.191 0.127 0.147 0.183 0.090 
 117   (0.297) 0.300 0.423 0.302 0.230 0.325 
 115   (0.258) 0.288 0.318 0.261 0.248 0.282 
 113   (0.157) 0.130 0.094 0.149 0.187 0.166 
 119   (0.049) 0.056 0.016 0.044 0.099 0.079 
 121   (0.027) 0.018 0.005 0.023 0.033 0.029 
 123   (0.033) 0.007 0.006 0.030 0.009 0.012 
 127   (0.032) 0.007 0.008 0.028 0.009 0.013 
 125   (0.017) 0.002 0.003 0.015 0.002 0.005 

Locus 10 : Ac88 
8 alleles
0.7% missing data
 214   (0.749) 0.827 0.909 0.753 0.806 0.896 
 216   (0.029) 0.013 0.009 0.028 0.012 0.010 
 220   (0.117) 0.137 0.066 0.127 0.150 0.056 
 230   (0.025) 0.005 0.004 0.023 0.005 0.007 
 221   (0.017) 0.003 0.002 0.015 0.005 0.006 
 212   (0.020) 0.007 0.003 0.018 0.011 0.010 
 217   (0.018) 0.003 0.003 0.015 0.003 0.005 
 224   (0.024) 0.005 0.004 0.021 0.007 0.009 

Locus 11 : Ac139 
8 alleles
13.4% missing data
 327   (0.506) 0.549 0.599 0.501 0.597 0.673 
 329   (0.293) 0.335 0.308 0.307 0.284 0.214 
 331   (0.073) 0.068 0.036 0.076 0.069 0.033 
 328   (0.040) 0.023 0.042 0.039 0.008 0.035 
 341   (0.019) 0.004 0.003 0.017 0.005 0.007 
 337   (0.029) 0.015 0.005 0.025 0.028 0.026 
 323   (0.020) 0.003 0.003 0.017 0.004 0.006 
 339   (0.019) 0.003 0.003 0.017 0.004 0.006 

Locus 12 : Ac306 
6 alleles
4.7% missing data
 165   (0.728) 0.759 0.817 0.730 0.749 0.800 
 177   (0.083) 0.065 0.047 0.080 0.080 0.084 
 173   (0.100) 0.117 0.050 0.109 0.131 0.050 
 169   (0.045) 0.042 0.078 0.043 0.010 0.039 
 171   (0.018) 0.002 0.002 0.016 0.002 0.004 
 179   (0.027) 0.015 0.004 0.023 0.028 0.022 

Locus 13 : Ap15 
7 alleles
6.0% missing data
 202   (0.811) 0.920 0.960 0.830 0.883 0.899 
 212   (0.028) 0.015 0.005 0.028 0.016 0.007 
 204   (0.044) 0.013 0.012 0.040 0.017 0.021 
 208   (0.040) 0.020 0.010 0.036 0.032 0.029 
 220   (0.040) 0.025 0.007 0.035 0.041 0.031 
 219   (0.018) 0.004 0.003 0.016 0.006 0.006 
 210   (0.018) 0.004 0.003 0.016 0.004 0.006 

Locus 14 : Ap68 
9 alleles
4.7% missing data
 158   (0.390) 0.439 0.299 0.411 0.471 0.321 
 160   (0.083) 0.059 0.135 0.081 0.025 0.091 
 156   (0.240) 0.322 0.353 0.241 0.290 0.325 
 162   (0.044) 0.019 0.010 0.042 0.020 0.014 
 154   (0.084) 0.059 0.149 0.081 0.023 0.080 
 152   (0.076) 0.079 0.034 0.068 0.142 0.134 
 164   (0.043) 0.014 0.012 0.039 0.017 0.020 
 170   (0.018) 0.003 0.004 0.016 0.003 0.005 
 166   (0.023) 0.006 0.004 0.020 0.009 0.009 

Locus 15 : Ap85 
10 alleles
3.4% missing data
 202   (0.318) 0.397 0.260 0.324 0.477 0.391 
 186   (0.249) 0.334 0.467 0.266 0.231 0.292 
 204   (0.061) 0.028 0.040 0.057 0.027 0.041 
 188   (0.104) 0.079 0.141 0.104 0.048 0.092 
 194   (0.079) 0.063 0.045 0.078 0.059 0.042 
 196   (0.053) 0.039 0.017 0.048 0.065 0.059 
 200   (0.066) 0.032 0.017 0.060 0.049 0.043 
 192   (0.025) 0.006 0.005 0.023 0.006 0.008 
 190   (0.018) 0.005 0.003 0.016 0.005 0.005 
 198   (0.026) 0.017 0.005 0.022 0.032 0.028 

Locus 16 : Ap90 
13 alleles
0.7% missing data
 131   (0.364) 0.553 0.512 0.384 0.549 0.489 
 135   (0.067) 0.066 0.029 0.066 0.088 0.059 
 133   (0.287) 0.244 0.272 0.291 0.246 0.253 
 129   (0.095) 0.087 0.133 0.094 0.058 0.125 
 137   (0.034) 0.013 0.029 0.031 0.009 0.020 
 141   (0.016) 0.003 0.002 0.014 0.003 0.004 
 143   (0.023) 0.006 0.005 0.021 0.006 0.007 
 151   (0.024) 0.006 0.004 0.022 0.007 0.007 
 155   (0.016) 0.003 0.003 0.015 0.003 0.004 
 145   (0.017) 0.003 0.002 0.014 0.005 0.006 
 130   (0.020) 0.006 0.003 0.017 0.010 0.010 
 139   (0.016) 0.004 0.002 0.014 0.006 0.006 
 153   (0.020) 0.005 0.003 0.018 0.010 0.010 

Locus 17 : Ap223 
7 alleles
2.0% missing data
 183   (0.685) 0.698 0.697 0.682 0.740 0.793 
 187   (0.136) 0.214 0.242 0.151 0.163 0.125 
 189   (0.026) 0.011 0.019 0.024 0.004 0.012 
 173   (0.065) 0.049 0.021 0.064 0.060 0.032 
 182   (0.031) 0.009 0.010 0.029 0.008 0.010 
 180   (0.025) 0.006 0.006 0.023 0.005 0.009 
 179   (0.031) 0.013 0.006 0.028 0.020 0.018 

Locus 18 : Ap224 
7 alleles
4.0% missing data
 283   (0.110) 0.149 0.178 0.119 0.112 0.096 
 287   (0.467) 0.455 0.467 0.471 0.459 0.470 
 281   (0.138) 0.147 0.160 0.142 0.110 0.114 
 289   (0.204) 0.199 0.174 0.192 0.256 0.282 
 291   (0.038) 0.031 0.014 0.039 0.033 0.013 
 285   (0.018) 0.003 0.003 0.016 0.002 0.005 
 279   (0.025) 0.016 0.004 0.022 0.028 0.021 

Locus 19 : Ap226 
5 alleles
17.4% missing data
 237   (0.380) 0.339 0.364 0.376 0.327 0.356 
 239   (0.461) 0.493 0.503 0.461 0.526 0.546 
 247   (0.120) 0.159 0.123 0.129 0.137 0.084 
 235   (0.019) 0.005 0.007 0.017 0.003 0.006 
 241   (0.019) 0.004 0.003 0.017 0.007 0.008 

Locus 20 : Ap249 
9 alleles
1.3% missing data
 209   (0.608) 0.652 0.730 0.610 0.627 0.703 
 211   (0.057) 0.027 0.053 0.053 0.011 0.036 
 217   (0.084) 0.097 0.070 0.089 0.091 0.049 
 219   (0.104) 0.136 0.094 0.115 0.130 0.072 
 215   (0.078) 0.075 0.040 0.071 0.129 0.122 
 208   (0.017) 0.003 0.004 0.015 0.003 0.005 
 225   (0.017) 0.003 0.003 0.015 0.003 0.004 
 223   (0.018) 0.003 0.004 0.016 0.002 0.005 
 213   (0.017) 0.003 0.002 0.015 0.004 0.005 

Locus 21 : Ap273 
4 alleles
1.3% missing data
 106   (0.877) 0.952 0.949 0.887 0.954 0.941 
 108   (0.050) 0.025 0.024 0.047 0.024 0.028 
 104   (0.044) 0.014 0.023 0.041 0.008 0.018 
 102   (0.029) 0.009 0.004 0.025 0.014 0.013 

Locus 22 : Ap274 
2 alleles
2.0% missing data
 120   (0.945) 0.968 0.983 0.950 0.951 0.953 
 122   (0.055) 0.032 0.017 0.050 0.049 0.047 

Locus 23 : Ap288 
5 alleles
0.0% missing data
 123   (0.769) 0.730 0.794 0.756 0.764 0.859 
 131   (0.165) 0.249 0.191 0.184 0.215 0.123 
 139   (0.030) 0.012 0.008 0.028 0.012 0.009 
 121   (0.018) 0.005 0.003 0.016 0.005 0.004 
 124   (0.018) 0.004 0.004 0.016 0.004 0.005 

Locus 24 : At163 
7 alleles
0.0% missing data
 128   (0.706) 0.722 0.800 0.696 0.726 0.847 
 134   (0.197) 0.261 0.180 0.218 0.257 0.126 
 130   (0.025) 0.006 0.007 0.023 0.006 0.008 
 136   (0.018) 0.003 0.004 0.016 0.002 0.005 
 140   (0.018) 0.002 0.002 0.016 0.002 0.004 
 146   (0.018) 0.002 0.003 0.016 0.002 0.005 
 142   (0.018) 0.003 0.003 0.016 0.003 0.005 

Locus 25 : At188 
13 alleles
1.3% missing data
 189   (0.628) 0.794 0.763 0.648 0.829 0.812 
 205   (0.032) 0.031 0.008 0.034 0.036 0.009 
 207   (0.030) 0.036 0.067 0.029 0.007 0.030 
 219   (0.024) 0.006 0.007 0.022 0.005 0.008 
 209   (0.035) 0.023 0.050 0.033 0.009 0.026 
 217   (0.039) 0.012 0.024 0.037 0.008 0.018 
 215   (0.021) 0.008 0.012 0.019 0.005 0.009 
 199   (0.067) 0.048 0.022 0.066 0.060 0.040 
 212   (0.027) 0.009 0.016 0.025 0.006 0.012 
 213   (0.037) 0.019 0.016 0.035 0.018 0.013 
 211   (0.017) 0.002 0.003 0.015 0.002 0.004 
 191   (0.017) 0.005 0.007 0.015 0.002 0.006 
 187   (0.026) 0.007 0.005 0.023 0.012 0.013 

Values of parameters used in structure:
DATAFILE=,	OUTFILE=,	NUMINDS=149,	NUMLOCI=25,	MISSING=-9,	LABEL=1,	POPDATA=0,	POPFLAG=1,	PHENOTYPE=0,	EXTRACOLS=1,	MAXPOPS=5,	BURNIN=100000,	NUMREPS=1000000,	USEPOPINFO=0,	INFERALPHA=1,	INFERLAMBDA=0,	POPSPECIFICLAMBDA=0,	POPALPHAS=0,	COMPUTEPROB=1,	NOADMIX=0,	ADMBURNIN=2500,	UPDATEFREQ=1,	PRINTLIKES=0,	INTERMEDSAVE=0,	PRINTKLD=0,	PRINTNET=0,	PRINTLAMBDA=0,	ANCESTDIST=0,	NUMBOXES=1000,	ANCESTPINT=0.90000,	GENSBACK=2,	MIGRPRIOR=0.05000,	PRINTQHAT=0,	PRINTQSUM=0,	ALPHA=1.0000,	FREQSCORR=1,	FPRIORMEAN=0.0100,	FPRIORSD=0.0500,	ONEFST=0,	LAMBDA=1.0000,	UNIFPRIORALPHA=1,	ALPHAMAX=10.0000,	ALPHAPRIORA=1.0000,	ALPHAPRIORB=2.0000,	ALPHAPROPSD=0.0250,	STARTATPOPINFO=0,	RANDOMIZE=1,	LINKAGE=0,	METROFREQ=10,	REPORTHITRATE=0,	MARKOVPHASE=-1,	PHASED=0,	PLOIDY=2,	PHASEINFO=0	LOCPRIOR=0, 	LOCPRIORINIT=1.000000, 	LOCDATA=0, 	LOCISPOP=0, 	LOCPRIORSTEP=0.100000, 	MAXLOCPRIOR=20.000000, 	SEED=1342974377,	
[STRAT parameters]:    NUMSIMSTATS=1000,	PHENOTYPECOL=-9,	POOLFREQ=10,	LOCUSxONLY=0,	EMERROR=0.00100,	MISSINGPHENO=-9,	