

----------------------------------------------------
STRUCTURE by Pritchard, Stephens and Donnelly (2000)
     and Falush, Stephens and Pritchard (2003)
       Code by Pritchard, Falush and Hubisz
             Version 2.3.2.1 (Oct 2009)
----------------------------------------------------



Command line arguments: 
Input File:

Run parameters:
   149 individuals
   25 loci
   3 populations assumed
   100000 Burn-in period
   1000000 Reps


--------------------------------------------
Overall proportion of membership of the
sample in each of the 3 clusters

Inferred Clusters
  1      2      3    
0.313  0.343  0.344  

--------------------------------------------

Allele-freq. divergence among pops (Net nucleotide distance),
computed using point estimates of P.

      1       2       3      
 1      -    0.0137  0.0316  
 2   0.0137     -    0.0286  
 3   0.0316  0.0286     -    

Average distances (expected heterozygosity) between individuals in same cluster:
cluster  1  : 0.5386 
cluster  2  : 0.4834 
cluster  3  : 0.4572 

--------------------------------------------
Estimated Ln Prob of Data   = -7475.8
Mean value of ln likelihood = -7268.8
Variance of ln likelihood   = 414.1
Mean value of alpha         = 0.1201

Mean value of Fst_1         = 0.0526
Mean value of Fst_2         = 0.0880
Mean value of Fst_3         = 0.0718


Inferred ancestry of individuals:
        Label (%Miss) :  Inferred clusters
  1   I13825    (0)   :  0.911 0.067 0.023 
  2   I13826    (0)   :  0.891 0.089 0.019 
  3   I13827   (20)   :  0.044 0.931 0.025 
  4   I13828    (0)   :  0.919 0.058 0.023 
  5   I13829    (8)   :  0.099 0.879 0.022 
  6   I13830    (0)   :  0.858 0.126 0.016 
  7   I13831    (0)   :  0.239 0.734 0.026 
  8   I13832   (16)   :  0.170 0.791 0.040 
  9   I13833    (0)   :  0.075 0.897 0.028 
 10   I13834    (0)   :  0.052 0.934 0.014 
 11   I13835    (0)   :  0.365 0.617 0.018 
 12   I13836    (0)   :  0.068 0.914 0.018 
 13   I13377    (0)   :  0.073 0.868 0.059 
 14   I13378    (0)   :  0.738 0.227 0.035 
 15   I13379    (0)   :  0.444 0.526 0.030 
 16   I13380    (0)   :  0.045 0.836 0.119 
 17   I13381    (0)   :  0.179 0.745 0.076 
 18   I13382    (0)   :  0.028 0.959 0.013 
 19   I13383    (0)   :  0.380 0.566 0.054 
 20   I13384    (0)   :  0.136 0.829 0.035 
 21   I13385    (0)   :  0.045 0.941 0.013 
 22   I13386    (0)   :  0.023 0.962 0.015 
 23   I13387    (0)   :  0.764 0.209 0.026 
 24   I13388    (0)   :  0.876 0.053 0.072 
 25   I13389    (0)   :  0.096 0.813 0.091 
 26   I13390    (0)   :  0.037 0.934 0.029 
 27   I13391    (0)   :  0.375 0.504 0.120 
 28   I13392    (0)   :  0.679 0.276 0.045 
 29   I13393    (0)   :  0.035 0.776 0.190 
 30   I13394    (4)   :  0.197 0.387 0.415 
 31   I13395    (0)   :  0.323 0.325 0.352 
 32   I13396    (0)   :  0.875 0.038 0.087 
 33   I13397    (0)   :  0.685 0.294 0.021 
 34   I13398    (0)   :  0.779 0.207 0.013 
 35   I13399    (4)   :  0.208 0.741 0.050 
 36   I13400    (0)   :  0.283 0.621 0.096 
 37   I13401    (0)   :  0.131 0.475 0.394 
 38   I13402    (0)   :  0.880 0.070 0.050 
 39   I13403    (0)   :  0.715 0.184 0.100 
 40   I13404    (0)   :  0.293 0.688 0.019 
 41   I13405    (0)   :  0.021 0.961 0.018 
 42   I13406   (16)   :  0.712 0.262 0.026 
 43   I13407    (0)   :  0.710 0.268 0.022 
 44   I13408    (0)   :  0.087 0.892 0.021 
 45   I13409    (0)   :  0.836 0.091 0.073 
 46   I13410    (0)   :  0.123 0.863 0.015 
 47   I13411    (0)   :  0.115 0.873 0.012 
 48   I13412    (0)   :  0.204 0.501 0.296 
 49   I13413    (0)   :  0.834 0.118 0.047 
 50   I13414    (0)   :  0.795 0.182 0.023 
 51   I13415    (4)   :  0.204 0.735 0.061 
 52   I13416    (4)   :  0.527 0.382 0.092 
 53   I13417    (4)   :  0.125 0.779 0.097 
 54   I13418    (0)   :  0.170 0.742 0.088 
 55   I13419    (0)   :  0.329 0.649 0.022 
 56   I13420    (0)   :  0.393 0.459 0.148 
 57   I13421    (0)   :  0.071 0.779 0.149 
 58   I13422    (0)   :  0.231 0.531 0.238 
 59   I13423    (0)   :  0.507 0.350 0.143 
 60   I13424    (0)   :  0.106 0.858 0.036 
 61   I13425    (4)   :  0.272 0.671 0.057 
 62   I13426    (4)   :  0.245 0.183 0.573 
 63   I13870    (0)   :  0.545 0.282 0.173 
 64   I13871   (16)   :  0.674 0.294 0.032 
 65   I13872    (0)   :  0.936 0.044 0.019 
 66   I13873    (4)   :  0.799 0.109 0.092 
 67   I13874    (0)   :  0.840 0.093 0.067 
 68   I13875    (8)   :  0.847 0.107 0.046 
 69   I13876    (0)   :  0.597 0.165 0.238 
 70   I13877   (20)   :  0.128 0.813 0.059 
 71   I13878   (28)   :  0.525 0.452 0.023 
 72   I13879    (4)   :  0.179 0.807 0.014 
 73   I13880    (4)   :  0.949 0.037 0.014 
 74   I13881    (0)   :  0.597 0.340 0.063 
 75   I13882    (0)   :  0.861 0.112 0.027 
 76   I13883    (4)   :  0.932 0.028 0.041 
 77   I13884   (16)   :  0.722 0.221 0.057 
 78   I13885   (20)   :  0.155 0.826 0.019 
 79   I13886    (8)   :  0.677 0.305 0.018 
 80   I13887    (0)   :  0.878 0.037 0.085 
 81   I13888    (0)   :  0.686 0.252 0.062 
 82   I13889    (0)   :  0.050 0.123 0.827 
 83   I13890   (32)   :  0.187 0.203 0.610 
 84   I13891    (0)   :  0.675 0.292 0.033 
 85   I13892    (0)   :  0.131 0.481 0.388 
 86   I13893    (8)   :  0.499 0.402 0.099 
 87   I13894    (0)   :  0.966 0.017 0.017 
 88   I13895    (4)   :  0.305 0.420 0.275 
 89   I13896    (0)   :  0.785 0.076 0.138 
 90   I13897    (0)   :  0.763 0.226 0.012 
 91   I13898    (4)   :  0.763 0.203 0.034 
 92   I13899    (0)   :  0.949 0.040 0.011 
 93   I13900   (32)   :  0.817 0.104 0.079 
 94   I13837    (0)   :  0.024 0.946 0.030 
 95   I13838    (0)   :  0.149 0.095 0.756 
 96   I13839    (0)   :  0.075 0.851 0.073 
 97   I13840    (0)   :  0.209 0.680 0.110 
 98   I13841    (0)   :  0.055 0.471 0.474 
 99   I13842    (0)   :  0.028 0.774 0.199 
100   I13843    (4)   :  0.103 0.252 0.645 
101   I13844   (16)   :  0.135 0.743 0.122 
102   I13845    (0)   :  0.074 0.908 0.018 
103   I13846    (0)   :  0.045 0.921 0.034 
104   I13847    (0)   :  0.386 0.205 0.408 
105   I13848    (0)   :  0.382 0.241 0.377 
106   I13849    (0)   :  0.891 0.044 0.065 
107   I13850    (0)   :  0.265 0.223 0.512 
108   I12577    (4)   :  0.031 0.030 0.939 
109   I12578    (4)   :  0.051 0.034 0.914 
110   I12579    (8)   :  0.018 0.040 0.941 
111   I12580    (8)   :  0.023 0.034 0.943 
112   I12581    (4)   :  0.143 0.256 0.601 
113   I12582    (4)   :  0.036 0.029 0.935 
114   I12583    (8)   :  0.105 0.116 0.779 
115   I12584    (4)   :  0.109 0.032 0.859 
116   I12585    (4)   :  0.020 0.017 0.962 
117   I12586    (4)   :  0.027 0.024 0.950 
118   I12587    (8)   :  0.017 0.024 0.959 
119   I12588    (4)   :  0.017 0.019 0.964 
120   I12589    (0)   :  0.041 0.033 0.926 
121   I12590    (0)   :  0.050 0.044 0.906 
122   I12591   (12)   :  0.011 0.011 0.977 
123   I12592    (4)   :  0.024 0.030 0.946 
124   I12593    (4)   :  0.024 0.013 0.963 
125   I12594    (8)   :  0.019 0.018 0.963 
126   I12595    (0)   :  0.026 0.038 0.937 
127   I12596    (0)   :  0.016 0.019 0.966 
128   I12597    (4)   :  0.094 0.054 0.853 
129   I12598    (0)   :  0.066 0.088 0.846 
130   I12599    (0)   :  0.110 0.035 0.855 
131   I12600    (4)   :  0.036 0.027 0.937 
132   I12601    (8)   :  0.026 0.024 0.950 
133   I12602   (12)   :  0.026 0.025 0.950 
134   I12603    (0)   :  0.031 0.033 0.936 
135   I12604    (4)   :  0.055 0.031 0.914 
136   I12605    (4)   :  0.064 0.021 0.915 
137   I12606    (8)   :  0.021 0.018 0.961 
138   I12607    (4)   :  0.057 0.021 0.922 
139   I12608    (8)   :  0.047 0.031 0.923 
140   I12609    (8)   :  0.030 0.022 0.948 
141   I12610   (52)   :  0.029 0.045 0.927 
142   I12611    (0)   :  0.020 0.015 0.965 
143   I12612    (0)   :  0.022 0.018 0.960 
144   I12613    (0)   :  0.013 0.021 0.966 
145   I12614    (4)   :  0.028 0.080 0.892 
146   I12615    (0)   :  0.057 0.060 0.883 
147   I12616    (4)   :  0.033 0.077 0.890 
148   I12617    (8)   :  0.019 0.011 0.970 
149   I12618   (48)   :  0.021 0.022 0.957 


Estimated Allele Frequencies in each cluster
First column gives estimated ancestral frequencies


Locus 1 : A8 
7 alleles
4.0% missing data
 177   (0.483) 0.520 0.435 0.595 
 179   (0.106) 0.075 0.133 0.057 
 175   (0.114) 0.194 0.240 0.015 
 173   (0.051) 0.037 0.068 0.008 
 181   (0.172) 0.130 0.103 0.289 
 165   (0.044) 0.021 0.009 0.031 
 183   (0.029) 0.023 0.012 0.004 

Locus 2 : A14 
5 alleles
0.0% missing data
 112   (0.187) 0.350 0.213 0.041 
 110   (0.706) 0.602 0.771 0.817 
 114   (0.031) 0.027 0.006 0.004 
 118   (0.047) 0.014 0.006 0.102 
 116   (0.030) 0.006 0.004 0.036 

Locus 3 : A24 
5 alleles
2.7% missing data
 104   (0.386) 0.468 0.300 0.373 
 106   (0.532) 0.487 0.686 0.565 
 101   (0.022) 0.007 0.007 0.003 
 108   (0.028) 0.031 0.003 0.004 
  96   (0.031) 0.006 0.004 0.056 

Locus 4 : A29 
29 alleles
6.7% missing data
 143   (0.037) 0.078 0.040 0.007 
 149   (0.044) 0.043 0.017 0.061 
 147   (0.032) 0.033 0.007 0.029 
 153   (0.055) 0.034 0.109 0.086 
 169   (0.041) 0.083 0.009 0.037 
 151   (0.036) 0.010 0.087 0.038 
 145   (0.030) 0.029 0.006 0.024 
 157   (0.068) 0.108 0.053 0.120 
 155   (0.081) 0.126 0.085 0.150 
 159   (0.057) 0.123 0.040 0.045 
 161   (0.032) 0.025 0.091 0.008 
 141   (0.031) 0.014 0.050 0.013 
 139   (0.017) 0.003 0.019 0.002 
 144   (0.025) 0.013 0.067 0.004 
 171   (0.042) 0.023 0.073 0.042 
 163   (0.064) 0.084 0.088 0.067 
 167   (0.047) 0.046 0.029 0.056 
 173   (0.025) 0.008 0.039 0.010 
 142   (0.015) 0.010 0.003 0.002 
 177   (0.028) 0.011 0.010 0.039 
 175   (0.024) 0.008 0.012 0.018 
 165   (0.043) 0.049 0.019 0.042 
 146   (0.022) 0.012 0.031 0.003 
 137   (0.022) 0.011 0.004 0.014 
 183   (0.018) 0.004 0.002 0.021 
 179   (0.018) 0.004 0.003 0.020 
 191   (0.016) 0.003 0.002 0.011 
 185   (0.015) 0.003 0.002 0.010 
 180   (0.017) 0.003 0.002 0.022 

Locus 5 : A43 
7 alleles
1.3% missing data
 123   (0.156) 0.159 0.091 0.163 
 141   (0.021) 0.012 0.003 0.003 
 137   (0.688) 0.797 0.842 0.686 
 139   (0.061) 0.017 0.056 0.066 
 124   (0.031) 0.007 0.004 0.063 
 143   (0.021) 0.005 0.002 0.010 
 128   (0.021) 0.004 0.002 0.011 

Locus 6 : A79 
13 alleles
3.4% missing data
 103   (0.218) 0.290 0.283 0.200 
  97   (0.113) 0.196 0.074 0.063 
 101   (0.096) 0.076 0.222 0.046 
 107   (0.100) 0.064 0.186 0.079 
 109   (0.095) 0.091 0.067 0.087 
 105   (0.176) 0.187 0.107 0.366 
 111   (0.047) 0.034 0.012 0.036 
 113   (0.020) 0.012 0.002 0.003 
  91   (0.029) 0.007 0.004 0.074 
  99   (0.038) 0.010 0.025 0.026 
 115   (0.029) 0.013 0.012 0.013 
 117   (0.020) 0.011 0.003 0.003 
 121   (0.020) 0.009 0.003 0.004 

Locus 7 : A88 
9 alleles
6.0% missing data
 133   (0.022) 0.013 0.003 0.003 
 149   (0.518) 0.531 0.474 0.770 
 137   (0.091) 0.119 0.111 0.021 
 147   (0.195) 0.221 0.376 0.085 
 141   (0.085) 0.088 0.020 0.083 
 152   (0.022) 0.006 0.009 0.003 
 143   (0.021) 0.012 0.003 0.003 
 151   (0.022) 0.004 0.002 0.011 
 144   (0.025) 0.006 0.003 0.020 

Locus 8 : A113 
12 alleles
7.4% missing data
 214   (0.551) 0.661 0.770 0.718 
 226   (0.078) 0.104 0.034 0.043 
 218   (0.020) 0.004 0.010 0.003 
 220   (0.064) 0.023 0.038 0.131 
 216   (0.057) 0.033 0.023 0.043 
 230   (0.040) 0.020 0.070 0.008 
 234   (0.031) 0.036 0.008 0.005 
 232   (0.037) 0.029 0.015 0.008 
 228   (0.048) 0.051 0.013 0.021 
 224   (0.020) 0.009 0.005 0.003 
 222   (0.032) 0.025 0.003 0.013 
 208   (0.021) 0.004 0.010 0.003 

Locus 9 : Ac11 
9 alleles
4.7% missing data
 111   (0.139) 0.247 0.144 0.044 
 117   (0.274) 0.296 0.403 0.218 
 115   (0.256) 0.266 0.329 0.232 
 113   (0.151) 0.128 0.078 0.253 
 119   (0.063) 0.021 0.027 0.150 
 121   (0.032) 0.007 0.006 0.054 
 123   (0.034) 0.021 0.005 0.016 
 127   (0.031) 0.009 0.006 0.024 
 125   (0.021) 0.005 0.003 0.009 

Locus 10 : Ac88 
8 alleles
0.7% missing data
 214   (0.731) 0.749 0.892 0.884 
 216   (0.032) 0.023 0.012 0.004 
 220   (0.118) 0.198 0.084 0.039 
 230   (0.029) 0.014 0.003 0.011 
 221   (0.021) 0.004 0.002 0.011 
 212   (0.024) 0.004 0.002 0.020 
 217   (0.021) 0.004 0.002 0.011 
 224   (0.024) 0.004 0.003 0.020 

Locus 11 : Ac139 
8 alleles
13.4% missing data
 327   (0.517) 0.477 0.558 0.743 
 329   (0.268) 0.377 0.342 0.141 
 331   (0.078) 0.104 0.037 0.027 
 328   (0.040) 0.021 0.052 0.006 
 341   (0.022) 0.005 0.003 0.011 
 337   (0.030) 0.006 0.004 0.050 
 323   (0.022) 0.005 0.003 0.010 
 339   (0.023) 0.005 0.003 0.011 

Locus 12 : Ac306 
6 alleles
4.7% missing data
 165   (0.697) 0.720 0.792 0.809 
 177   (0.097) 0.072 0.050 0.091 
 173   (0.110) 0.168 0.063 0.041 
 169   (0.045) 0.022 0.090 0.007 
 171   (0.022) 0.012 0.002 0.003 
 179   (0.029) 0.006 0.003 0.049 

Locus 13 : Ap15 
7 alleles
6.0% missing data
 202   (0.811) 0.920 0.970 0.808 
 212   (0.028) 0.033 0.003 0.003 
 204   (0.041) 0.015 0.010 0.037 
 208   (0.035) 0.008 0.007 0.062 
 220   (0.041) 0.015 0.005 0.069 
 219   (0.022) 0.004 0.003 0.011 
 210   (0.022) 0.005 0.003 0.010 

Locus 14 : Ap68 
9 alleles
4.7% missing data
 158   (0.362) 0.570 0.287 0.303 
 160   (0.081) 0.052 0.136 0.031 
 156   (0.265) 0.202 0.381 0.341 
 162   (0.041) 0.041 0.007 0.014 
 154   (0.080) 0.070 0.133 0.023 
 152   (0.080) 0.025 0.043 0.234 
 164   (0.044) 0.030 0.007 0.025 
 170   (0.021) 0.005 0.004 0.008 
 166   (0.024) 0.005 0.003 0.020 

Locus 15 : Ap85 
10 alleles
3.4% missing data
 202   (0.334) 0.381 0.281 0.490 
 186   (0.246) 0.320 0.470 0.129 
 204   (0.060) 0.033 0.026 0.054 
 188   (0.095) 0.101 0.132 0.033 
 194   (0.078) 0.079 0.055 0.033 
 196   (0.054) 0.021 0.014 0.110 
 200   (0.056) 0.037 0.010 0.082 
 192   (0.028) 0.013 0.005 0.011 
 190   (0.021) 0.010 0.004 0.003 
 198   (0.028) 0.005 0.003 0.056 

Locus 16 : Ap90 
13 alleles
0.7% missing data
 131   (0.388) 0.468 0.534 0.518 
 135   (0.080) 0.077 0.034 0.079 
 133   (0.225) 0.316 0.237 0.222 
 129   (0.095) 0.060 0.139 0.084 
 137   (0.038) 0.011 0.031 0.017 
 141   (0.019) 0.011 0.002 0.003 
 143   (0.025) 0.016 0.008 0.003 
 151   (0.028) 0.015 0.003 0.010 
 155   (0.020) 0.011 0.003 0.003 
 145   (0.019) 0.004 0.002 0.011 
 130   (0.022) 0.004 0.002 0.020 
 139   (0.020) 0.003 0.002 0.011 
 153   (0.022) 0.004 0.002 0.020 

Locus 17 : Ap223 
7 alleles
2.0% missing data
 183   (0.654) 0.645 0.675 0.867 
 187   (0.146) 0.240 0.249 0.031 
 189   (0.027) 0.007 0.026 0.003 
 173   (0.073) 0.062 0.023 0.050 
 182   (0.032) 0.017 0.016 0.006 
 180   (0.029) 0.011 0.005 0.013 
 179   (0.037) 0.017 0.004 0.029 

Locus 18 : Ap224 
7 alleles
4.0% missing data
 283   (0.120) 0.176 0.177 0.027 
 287   (0.440) 0.487 0.444 0.464 
 281   (0.140) 0.141 0.183 0.062 
 289   (0.207) 0.130 0.170 0.391 
 291   (0.043) 0.052 0.016 0.006 
 285   (0.022) 0.008 0.007 0.003 
 279   (0.029) 0.005 0.003 0.047 

Locus 19 : Ap226 
5 alleles
17.4% missing data
 237   (0.347) 0.346 0.355 0.359 
 239   (0.479) 0.472 0.479 0.577 
 247   (0.128) 0.172 0.153 0.041 
 235   (0.023) 0.005 0.010 0.005 
 241   (0.023) 0.004 0.003 0.018 

Locus 20 : Ap249 
9 alleles
1.3% missing data
 209   (0.582) 0.615 0.691 0.688 
 211   (0.053) 0.038 0.053 0.010 
 217   (0.097) 0.117 0.085 0.032 
 219   (0.109) 0.179 0.113 0.028 
 215   (0.075) 0.020 0.041 0.223 
 208   (0.021) 0.012 0.002 0.003 
 225   (0.021) 0.009 0.005 0.003 
 223   (0.021) 0.005 0.009 0.003 
 213   (0.021) 0.004 0.002 0.010 

Locus 21 : Ap273 
4 alleles
1.3% missing data
 106   (0.869) 0.926 0.944 0.946 
 108   (0.057) 0.037 0.022 0.025 
 104   (0.039) 0.024 0.030 0.005 
 102   (0.034) 0.013 0.004 0.023 

Locus 22 : Ap274 
2 alleles
2.0% missing data
 120   (0.945) 0.976 0.991 0.914 
 122   (0.055) 0.024 0.009 0.086 

Locus 23 : Ap288 
5 alleles
0.0% missing data
 123   (0.736) 0.680 0.749 0.927 
 131   (0.190) 0.270 0.237 0.064 
 139   (0.030) 0.028 0.006 0.004 
 121   (0.022) 0.011 0.003 0.003 
 124   (0.022) 0.010 0.004 0.003 

Locus 24 : At163 
7 alleles
0.0% missing data
 128   (0.683) 0.604 0.790 0.892 
 134   (0.204) 0.357 0.188 0.073 
 130   (0.026) 0.020 0.004 0.004 
 136   (0.021) 0.005 0.009 0.003 
 140   (0.022) 0.005 0.003 0.009 
 146   (0.021) 0.005 0.003 0.009 
 142   (0.022) 0.004 0.003 0.010 

Locus 25 : At188 
13 alleles
1.3% missing data
 189   (0.616) 0.710 0.752 0.877 
 205   (0.031) 0.058 0.005 0.004 
 207   (0.036) 0.016 0.076 0.004 
 219   (0.027) 0.015 0.010 0.004 
 209   (0.035) 0.015 0.057 0.005 
 217   (0.037) 0.032 0.022 0.005 
 215   (0.023) 0.006 0.018 0.003 
 199   (0.068) 0.068 0.018 0.055 
 212   (0.028) 0.019 0.013 0.005 
 213   (0.034) 0.042 0.012 0.004 
 211   (0.020) 0.010 0.004 0.003 
 191   (0.020) 0.004 0.010 0.002 
 187   (0.024) 0.004 0.003 0.028 

Values of parameters used in structure:
DATAFILE=,	OUTFILE=,	NUMINDS=149,	NUMLOCI=25,	MISSING=-9,	LABEL=1,	POPDATA=0,	POPFLAG=1,	PHENOTYPE=0,	EXTRACOLS=1,	MAXPOPS=3,	BURNIN=100000,	NUMREPS=1000000,	USEPOPINFO=0,	INFERALPHA=1,	INFERLAMBDA=0,	POPSPECIFICLAMBDA=0,	POPALPHAS=0,	COMPUTEPROB=1,	NOADMIX=0,	ADMBURNIN=2500,	UPDATEFREQ=1,	PRINTLIKES=0,	INTERMEDSAVE=0,	PRINTKLD=0,	PRINTNET=0,	PRINTLAMBDA=0,	ANCESTDIST=0,	NUMBOXES=1000,	ANCESTPINT=0.90000,	GENSBACK=2,	MIGRPRIOR=0.05000,	PRINTQHAT=0,	PRINTQSUM=0,	ALPHA=1.0000,	FREQSCORR=1,	FPRIORMEAN=0.0100,	FPRIORSD=0.0500,	ONEFST=0,	LAMBDA=1.0000,	UNIFPRIORALPHA=1,	ALPHAMAX=10.0000,	ALPHAPRIORA=1.0000,	ALPHAPRIORB=2.0000,	ALPHAPROPSD=0.0250,	STARTATPOPINFO=0,	RANDOMIZE=1,	LINKAGE=0,	METROFREQ=10,	REPORTHITRATE=0,	MARKOVPHASE=-1,	PHASED=0,	PLOIDY=2,	PHASEINFO=0	LOCPRIOR=0, 	LOCPRIORINIT=1.000000, 	LOCDATA=0, 	LOCISPOP=0, 	LOCPRIORSTEP=0.100000, 	MAXLOCPRIOR=20.000000, 	SEED=1335108395,	
[STRAT parameters]:    NUMSIMSTATS=1000,	PHENOTYPECOL=-9,	POOLFREQ=10,	LOCUSxONLY=0,	EMERROR=0.00100,	MISSINGPHENO=-9,	