

----------------------------------------------------
STRUCTURE by Pritchard, Stephens and Donnelly (2000)
     and Falush, Stephens and Pritchard (2003)
       Code by Pritchard, Falush and Hubisz
             Version 2.3.2.1 (Oct 2009)
----------------------------------------------------



Command line arguments:
Input File:

Run parameters:
   149 individuals
   25 loci
   5 populations assumed
   100000 Burn-in period
   1000000 Reps


--------------------------------------------
Overall proportion of membership of the
sample in each of the 5 clusters

Inferred Clusters
  1      2      3      4      5    
0.159  0.204  0.211  0.213  0.213  

--------------------------------------------

Allele-freq. divergence among pops (Net nucleotide distance),
computed using point estimates of P.

      1       2       3       4       5      
 1      -    0.0160  0.0086  0.0087  0.0083  
 2   0.0160     -    0.0263  0.0279  0.0230  
 3   0.0086  0.0263     -    0.0007  0.0004  
 4   0.0087  0.0279  0.0007     -    0.0017  
 5   0.0083  0.0230  0.0004  0.0017     -    

Average distances (expected heterozygosity) between individuals in same cluster:
cluster  1  : 0.5819 
cluster  2  : 0.5208 
cluster  3  : 0.4696 
cluster  4  : 0.4695 
cluster  5  : 0.4764 

--------------------------------------------
Estimated Ln Prob of Data   = -7692.4
Mean value of ln likelihood = -7210.5
Variance of ln likelihood   = 963.9
Mean value of alpha         = 0.2308

Mean value of Fst_1         = 0.0005
Mean value of Fst_2         = 0.1319
Mean value of Fst_3         = 0.1522
Mean value of Fst_4         = 0.1490
Mean value of Fst_5         = 0.1507


Inferred ancestry of individuals:
        Label (%Miss) :  Inferred clusters
  1   I13825    (0)   :  0.421 0.340 0.072 0.089 0.077 
  2   I13826    (0)   :  0.072 0.690 0.059 0.093 0.087 
  3   I13827   (20)   :  0.067 0.084 0.293 0.181 0.375 
  4   I13828    (0)   :  0.141 0.589 0.076 0.106 0.088 
  5   I13829    (8)   :  0.076 0.172 0.261 0.193 0.298 
  6   I13830    (0)   :  0.061 0.673 0.069 0.098 0.099 
  7   I13831    (0)   :  0.068 0.218 0.260 0.203 0.250 
  8   I13832   (16)   :  0.190 0.102 0.251 0.194 0.264 
  9   I13833    (0)   :  0.047 0.110 0.300 0.202 0.341 
 10   I13834    (0)   :  0.038 0.143 0.283 0.172 0.363 
 11   I13835    (0)   :  0.256 0.108 0.223 0.181 0.232 
 12   I13836    (0)   :  0.142 0.119 0.259 0.158 0.323 
 13   I13377    (0)   :  0.087 0.074 0.302 0.219 0.319 
 14   I13378    (0)   :  0.337 0.148 0.181 0.162 0.172 
 15   I13379    (0)   :  0.069 0.418 0.173 0.150 0.191 
 16   I13380    (0)   :  0.067 0.057 0.304 0.222 0.350 
 17   I13381    (0)   :  0.205 0.102 0.252 0.221 0.220 
 18   I13382    (0)   :  0.036 0.091 0.310 0.235 0.328 
 19   I13383    (0)   :  0.280 0.150 0.203 0.183 0.184 
 20   I13384    (0)   :  0.107 0.267 0.226 0.173 0.228 
 21   I13385    (0)   :  0.052 0.087 0.301 0.187 0.373 
 22   I13386    (0)   :  0.068 0.077 0.301 0.209 0.345 
 23   I13387    (0)   :  0.167 0.503 0.098 0.106 0.127 
 24   I13388    (0)   :  0.421 0.331 0.077 0.091 0.080 
 25   I13389    (0)   :  0.051 0.097 0.304 0.218 0.330 
 26   I13390    (0)   :  0.054 0.136 0.289 0.200 0.320 
 27   I13391    (0)   :  0.267 0.113 0.221 0.178 0.222 
 28   I13392    (0)   :  0.300 0.218 0.164 0.143 0.175 
 29   I13393    (0)   :  0.079 0.069 0.306 0.278 0.268 
 30   I13394    (4)   :  0.177 0.104 0.246 0.245 0.228 
 31   I13395    (0)   :  0.132 0.145 0.246 0.235 0.241 
 32   I13396    (0)   :  0.212 0.447 0.103 0.134 0.104 
 33   I13397    (0)   :  0.270 0.280 0.156 0.126 0.168 
 34   I13398    (0)   :  0.040 0.620 0.097 0.108 0.134 
 35   I13399    (4)   :  0.365 0.088 0.196 0.145 0.205 
 36   I13400    (0)   :  0.149 0.136 0.255 0.192 0.267 
 37   I13401    (0)   :  0.195 0.088 0.234 0.225 0.257 
 38   I13402    (0)   :  0.338 0.265 0.137 0.136 0.124 
 39   I13403    (0)   :  0.056 0.488 0.143 0.163 0.150 
 40   I13404    (0)   :  0.053 0.433 0.171 0.131 0.212 
 41   I13405    (0)   :  0.040 0.061 0.319 0.197 0.383 
 42   I13406   (16)   :  0.331 0.408 0.079 0.091 0.092 
 43   I13407    (0)   :  0.099 0.435 0.156 0.140 0.170 
 44   I13408    (0)   :  0.056 0.139 0.287 0.212 0.306 
 45   I13409    (0)   :  0.386 0.356 0.077 0.095 0.086 
 46   I13410    (0)   :  0.075 0.243 0.248 0.191 0.243 
 47   I13411    (0)   :  0.057 0.249 0.238 0.158 0.298 
 48   I13412    (0)   :  0.132 0.230 0.207 0.203 0.229 
 49   I13413    (0)   :  0.240 0.439 0.096 0.117 0.108 
 50   I13414    (0)   :  0.152 0.548 0.089 0.103 0.108 
 51   I13415    (4)   :  0.065 0.173 0.264 0.186 0.311 
 52   I13416    (4)   :  0.103 0.330 0.186 0.182 0.199 
 53   I13417    (4)   :  0.056 0.167 0.265 0.206 0.305 
 54   I13418    (0)   :  0.070 0.241 0.236 0.201 0.252 
 55   I13419    (0)   :  0.416 0.146 0.144 0.110 0.183 
 56   I13420    (0)   :  0.064 0.397 0.170 0.179 0.189 
 57   I13421    (0)   :  0.052 0.103 0.300 0.264 0.281 
 58   I13422    (0)   :  0.103 0.210 0.228 0.219 0.240 
 59   I13423    (0)   :  0.267 0.143 0.207 0.193 0.190 
 60   I13424    (0)   :  0.112 0.114 0.280 0.194 0.300 
 61   I13425    (4)   :  0.144 0.180 0.231 0.174 0.271 
 62   I13426    (4)   :  0.209 0.122 0.230 0.244 0.195 
 63   I13870    (0)   :  0.092 0.420 0.156 0.170 0.162 
 64   I13871   (16)   :  0.184 0.402 0.134 0.142 0.138 
 65   I13872    (0)   :  0.154 0.666 0.040 0.078 0.062 
 66   I13873    (4)   :  0.111 0.459 0.143 0.152 0.135 
 67   I13874    (0)   :  0.295 0.444 0.072 0.095 0.093 
 68   I13875    (8)   :  0.106 0.553 0.102 0.126 0.113 
 69   I13876    (0)   :  0.542 0.177 0.091 0.097 0.093 
 70   I13877   (20)   :  0.092 0.151 0.273 0.231 0.253 
 71   I13878   (28)   :  0.059 0.503 0.138 0.128 0.172 
 72   I13879    (4)   :  0.050 0.281 0.229 0.158 0.283 
 73   I13880    (4)   :  0.059 0.736 0.046 0.088 0.071 
 74   I13881    (0)   :  0.384 0.282 0.110 0.102 0.122 
 75   I13882    (0)   :  0.108 0.564 0.099 0.116 0.113 
 76   I13883    (4)   :  0.135 0.625 0.062 0.104 0.075 
 77   I13884   (16)   :  0.589 0.141 0.092 0.080 0.097 
 78   I13885   (20)   :  0.323 0.119 0.198 0.151 0.208 
 79   I13886    (8)   :  0.101 0.445 0.150 0.124 0.180 
 80   I13887    (0)   :  0.701 0.111 0.061 0.066 0.060 
 81   I13888    (0)   :  0.357 0.300 0.114 0.114 0.114 
 82   I13889    (0)   :  0.107 0.054 0.267 0.314 0.257 
 83   I13890   (32)   :  0.182 0.122 0.233 0.248 0.216 
 84   I13891    (0)   :  0.114 0.524 0.108 0.113 0.141 
 85   I13892    (0)   :  0.095 0.122 0.276 0.255 0.252 
 86   I13893    (8)   :  0.479 0.089 0.158 0.126 0.148 
 87   I13894    (0)   :  0.064 0.758 0.037 0.083 0.058 
 88   I13895    (4)   :  0.272 0.126 0.215 0.186 0.201 
 89   I13896    (0)   :  0.114 0.480 0.124 0.158 0.125 
 90   I13897    (0)   :  0.045 0.555 0.121 0.119 0.160 
 91   I13898    (4)   :  0.081 0.494 0.141 0.137 0.148 
 92   I13899    (0)   :  0.035 0.785 0.036 0.080 0.064 
 93   I13900   (32)   :  0.471 0.216 0.102 0.105 0.106 
 94   I13837    (0)   :  0.049 0.061 0.315 0.200 0.375 
 95   I13838    (0)   :  0.104 0.160 0.232 0.285 0.218 
 96   I13839    (0)   :  0.079 0.107 0.276 0.194 0.344 
 97   I13840    (0)   :  0.053 0.171 0.267 0.234 0.275 
 98   I13841    (0)   :  0.060 0.085 0.300 0.305 0.249 
 99   I13842    (0)   :  0.064 0.046 0.308 0.256 0.326 
100   I13843    (4)   :  0.072 0.109 0.286 0.305 0.227 
101   I13844   (16)   :  0.159 0.103 0.260 0.221 0.257 
102   I13845    (0)   :  0.065 0.119 0.283 0.214 0.319 
103   I13846    (0)   :  0.121 0.098 0.289 0.194 0.297 
104   I13847    (0)   :  0.143 0.284 0.178 0.208 0.187 
105   I13848    (0)   :  0.186 0.182 0.214 0.231 0.187 
106   I13849    (0)   :  0.199 0.420 0.123 0.146 0.112 
107   I13850    (0)   :  0.105 0.119 0.270 0.285 0.220 
108   I12577    (4)   :  0.112 0.035 0.272 0.337 0.243 
109   I12578    (4)   :  0.110 0.057 0.256 0.332 0.245 
110   I12579    (8)   :  0.207 0.029 0.250 0.300 0.214 
111   I12580    (8)   :  0.040 0.038 0.297 0.365 0.261 
112   I12581    (4)   :  0.342 0.060 0.206 0.203 0.189 
113   I12582    (4)   :  0.074 0.053 0.279 0.349 0.246 
114   I12583    (8)   :  0.518 0.048 0.137 0.163 0.134 
115   I12584    (4)   :  0.307 0.057 0.201 0.253 0.182 
116   I12585    (4)   :  0.072 0.035 0.287 0.360 0.246 
117   I12586    (4)   :  0.050 0.040 0.298 0.363 0.248 
118   I12587    (8)   :  0.031 0.029 0.307 0.376 0.258 
119   I12588    (4)   :  0.122 0.022 0.273 0.343 0.241 
120   I12589    (0)   :  0.078 0.061 0.270 0.343 0.247 
121   I12590    (0)   :  0.163 0.068 0.247 0.302 0.220 
122   I12591   (12)   :  0.045 0.018 0.289 0.379 0.269 
123   I12592    (4)   :  0.112 0.040 0.257 0.338 0.252 
124   I12593    (4)   :  0.081 0.040 0.268 0.356 0.256 
125   I12594    (8)   :  0.047 0.032 0.291 0.369 0.260 
126   I12595    (0)   :  0.309 0.029 0.214 0.259 0.188 
127   I12596    (0)   :  0.061 0.021 0.286 0.370 0.262 
128   I12597    (4)   :  0.457 0.035 0.174 0.192 0.142 
129   I12598    (0)   :  0.327 0.048 0.199 0.241 0.184 
130   I12599    (0)   :  0.204 0.128 0.213 0.264 0.191 
131   I12600    (4)   :  0.051 0.066 0.285 0.353 0.244 
132   I12601    (8)   :  0.112 0.038 0.274 0.342 0.234 
133   I12602   (12)   :  0.090 0.038 0.279 0.347 0.246 
134   I12603    (0)   :  0.265 0.039 0.225 0.274 0.197 
135   I12604    (4)   :  0.120 0.083 0.255 0.319 0.223 
136   I12605    (4)   :  0.118 0.057 0.265 0.331 0.230 
137   I12606    (8)   :  0.092 0.026 0.275 0.355 0.253 
138   I12607    (4)   :  0.291 0.044 0.202 0.266 0.196 
139   I12608    (8)   :  0.193 0.051 0.241 0.295 0.220 
140   I12609    (8)   :  0.063 0.030 0.282 0.365 0.260 
141   I12610   (52)   :  0.111 0.045 0.274 0.334 0.236 
142   I12611    (0)   :  0.051 0.036 0.285 0.370 0.259 
143   I12612    (0)   :  0.067 0.033 0.288 0.363 0.249 
144   I12613    (0)   :  0.054 0.020 0.286 0.372 0.268 
145   I12614    (4)   :  0.073 0.054 0.286 0.333 0.253 
146   I12615    (0)   :  0.179 0.063 0.240 0.292 0.227 
147   I12616    (4)   :  0.371 0.035 0.187 0.231 0.177 
148   I12617    (8)   :  0.032 0.029 0.294 0.379 0.265 
149   I12618   (48)   :  0.097 0.030 0.281 0.351 0.241 


Estimated Allele Frequencies in each cluster
First column gives estimated ancestral frequencies


Locus 1 : A8 
7 alleles
4.0% missing data
 177   (0.508) 0.509 0.485 0.529 0.548 0.499 
 179   (0.093) 0.092 0.085 0.091 0.077 0.102 
 175   (0.105) 0.104 0.267 0.131 0.108 0.163 
 173   (0.045) 0.045 0.024 0.047 0.036 0.049 
 181   (0.178) 0.179 0.113 0.177 0.204 0.164 
 165   (0.041) 0.040 0.013 0.016 0.020 0.015 
 183   (0.030) 0.030 0.012 0.008 0.008 0.008 

Locus 2 : A14 
5 alleles
0.0% missing data
 112   (0.202) 0.202 0.404 0.142 0.138 0.150 
 110   (0.701) 0.701 0.568 0.791 0.780 0.790 
 114   (0.032) 0.032 0.016 0.006 0.006 0.006 
 118   (0.036) 0.035 0.008 0.045 0.058 0.041 
 116   (0.030) 0.029 0.004 0.015 0.018 0.013 

Locus 3 : A24 
5 alleles
2.7% missing data
 104   (0.408) 0.409 0.465 0.335 0.350 0.328 
 106   (0.519) 0.519 0.506 0.630 0.609 0.640 
 101   (0.018) 0.017 0.003 0.004 0.004 0.004 
 108   (0.029) 0.029 0.022 0.006 0.007 0.006 
  96   (0.027) 0.027 0.004 0.025 0.031 0.022 

Locus 4 : A29 
29 alleles
6.7% missing data
 143   (0.034) 0.033 0.108 0.022 0.023 0.027 
 149   (0.050) 0.051 0.022 0.035 0.042 0.035 
 147   (0.029) 0.029 0.034 0.016 0.021 0.016 
 153   (0.055) 0.055 0.027 0.097 0.085 0.111 
 169   (0.037) 0.037 0.106 0.019 0.027 0.021 
 151   (0.037) 0.037 0.015 0.069 0.061 0.061 
 145   (0.028) 0.028 0.023 0.016 0.019 0.015 
 157   (0.067) 0.067 0.119 0.089 0.103 0.079 
 155   (0.094) 0.094 0.109 0.124 0.135 0.117 
 159   (0.051) 0.051 0.163 0.043 0.051 0.042 
 161   (0.033) 0.033 0.016 0.061 0.047 0.065 
 141   (0.029) 0.029 0.012 0.032 0.022 0.037 
 139   (0.016) 0.016 0.004 0.010 0.007 0.012 
 144   (0.025) 0.025 0.017 0.039 0.028 0.044 
 171   (0.048) 0.049 0.023 0.054 0.048 0.054 
 163   (0.074) 0.074 0.066 0.092 0.083 0.085 
 167   (0.046) 0.046 0.031 0.044 0.052 0.042 
 173   (0.024) 0.024 0.014 0.022 0.016 0.023 
 142   (0.013) 0.013 0.007 0.002 0.003 0.003 
 177   (0.023) 0.023 0.005 0.022 0.026 0.021 
 175   (0.022) 0.022 0.005 0.011 0.012 0.010 
 165   (0.045) 0.045 0.043 0.028 0.033 0.029 
 146   (0.020) 0.020 0.017 0.015 0.011 0.017 
 137   (0.019) 0.020 0.003 0.006 0.007 0.006 
 183   (0.017) 0.017 0.003 0.008 0.009 0.007 
 179   (0.018) 0.018 0.003 0.008 0.009 0.007 
 191   (0.013) 0.013 0.002 0.003 0.004 0.003 
 185   (0.013) 0.013 0.002 0.003 0.003 0.003 
 180   (0.016) 0.016 0.002 0.009 0.012 0.008 

Locus 5 : A43 
7 alleles
1.3% missing data
 123   (0.205) 0.207 0.081 0.139 0.145 0.121 
 141   (0.017) 0.017 0.004 0.002 0.002 0.002 
 137   (0.665) 0.664 0.891 0.759 0.745 0.794 
 139   (0.046) 0.046 0.015 0.065 0.066 0.053 
 124   (0.032) 0.031 0.005 0.027 0.034 0.023 
 143   (0.017) 0.017 0.002 0.003 0.003 0.003 
 128   (0.018) 0.017 0.002 0.004 0.005 0.004 

Locus 6 : A79 
13 alleles
3.4% missing data
 103   (0.237) 0.237 0.312 0.262 0.251 0.255 
  97   (0.130) 0.131 0.214 0.067 0.072 0.071 
 101   (0.089) 0.089 0.065 0.149 0.109 0.172 
 107   (0.097) 0.097 0.077 0.139 0.122 0.138 
 109   (0.098) 0.098 0.072 0.079 0.082 0.078 
 105   (0.164) 0.164 0.204 0.208 0.257 0.198 
 111   (0.048) 0.048 0.023 0.022 0.026 0.021 
 113   (0.017) 0.017 0.004 0.002 0.002 0.002 
  91   (0.025) 0.025 0.004 0.034 0.042 0.029 
  99   (0.033) 0.033 0.010 0.022 0.021 0.022 
 115   (0.028) 0.028 0.007 0.012 0.011 0.010 
 117   (0.017) 0.016 0.006 0.002 0.002 0.002 
 121   (0.017) 0.017 0.003 0.002 0.002 0.002 

Locus 7 : A88 
9 alleles
6.0% missing data
 133   (0.018) 0.018 0.005 0.002 0.003 0.002 
 149   (0.521) 0.522 0.542 0.605 0.654 0.575 
 137   (0.104) 0.104 0.141 0.063 0.054 0.071 
 147   (0.195) 0.195 0.217 0.268 0.214 0.290 
 141   (0.082) 0.082 0.083 0.045 0.058 0.046 
 152   (0.018) 0.018 0.003 0.004 0.003 0.003 
 143   (0.018) 0.018 0.004 0.002 0.003 0.002 
 151   (0.018) 0.018 0.002 0.004 0.004 0.004 
 144   (0.025) 0.025 0.004 0.006 0.007 0.005 

Locus 8 : A113 
12 alleles
7.4% missing data
 214   (0.579) 0.580 0.671 0.779 0.765 0.770 
 226   (0.061) 0.060 0.143 0.028 0.034 0.032 
 218   (0.017) 0.017 0.003 0.005 0.004 0.006 
 220   (0.061) 0.060 0.016 0.073 0.086 0.071 
 216   (0.058) 0.059 0.020 0.025 0.029 0.027 
 230   (0.043) 0.043 0.020 0.041 0.030 0.044 
 234   (0.033) 0.033 0.030 0.008 0.009 0.009 
 232   (0.031) 0.030 0.034 0.009 0.010 0.010 
 228   (0.051) 0.051 0.040 0.017 0.019 0.016 
 224   (0.017) 0.017 0.004 0.003 0.002 0.003 
 222   (0.032) 0.032 0.016 0.007 0.008 0.007 
 208   (0.017) 0.017 0.003 0.005 0.004 0.005 

Locus 9 : Ac11 
9 alleles
4.7% missing data
 111   (0.129) 0.129 0.316 0.092 0.090 0.108 
 117   (0.296) 0.296 0.285 0.343 0.312 0.336 
 115   (0.257) 0.257 0.272 0.292 0.272 0.300 
 113   (0.158) 0.158 0.096 0.154 0.180 0.144 
 119   (0.050) 0.050 0.013 0.073 0.093 0.071 
 121   (0.027) 0.026 0.004 0.025 0.032 0.023 
 123   (0.034) 0.034 0.006 0.008 0.009 0.007 
 127   (0.032) 0.032 0.006 0.010 0.010 0.008 
 125   (0.018) 0.018 0.002 0.002 0.003 0.002 

Locus 10 : Ac88 
8 alleles
0.7% missing data
 214   (0.751) 0.751 0.709 0.917 0.905 0.911 
 216   (0.029) 0.029 0.020 0.007 0.008 0.007 
 220   (0.114) 0.114 0.255 0.050 0.056 0.057 
 230   (0.026) 0.026 0.005 0.004 0.004 0.004 
 221   (0.018) 0.017 0.002 0.004 0.005 0.004 
 212   (0.021) 0.020 0.003 0.008 0.011 0.008 
 217   (0.018) 0.018 0.002 0.003 0.004 0.003 
 224   (0.024) 0.024 0.003 0.006 0.008 0.006 

Locus 11 : Ac139 
8 alleles
13.4% missing data
 327   (0.502) 0.502 0.413 0.675 0.693 0.639 
 329   (0.295) 0.295 0.447 0.230 0.206 0.267 
 331   (0.074) 0.074 0.113 0.029 0.032 0.034 
 328   (0.041) 0.041 0.013 0.033 0.029 0.029 
 341   (0.019) 0.019 0.003 0.005 0.005 0.004 
 337   (0.029) 0.029 0.004 0.021 0.027 0.019 
 323   (0.019) 0.019 0.003 0.003 0.004 0.003 
 339   (0.019) 0.019 0.003 0.004 0.004 0.004 

Locus 12 : Ac306 
6 alleles
4.7% missing data
 165   (0.729) 0.730 0.698 0.811 0.809 0.809 
 177   (0.081) 0.080 0.065 0.072 0.080 0.059 
 173   (0.099) 0.099 0.214 0.043 0.050 0.048 
 169   (0.045) 0.045 0.017 0.052 0.033 0.063 
 171   (0.018) 0.018 0.003 0.002 0.002 0.002 
 179   (0.028) 0.027 0.004 0.020 0.026 0.019 

Locus 13 : Ap15 
7 alleles
6.0% missing data
 202   (0.811) 0.812 0.943 0.917 0.895 0.919 
 212   (0.028) 0.028 0.028 0.004 0.005 0.005 
 204   (0.044) 0.044 0.009 0.016 0.018 0.015 
 208   (0.041) 0.041 0.006 0.025 0.033 0.025 
 220   (0.039) 0.039 0.008 0.029 0.038 0.028 
 219   (0.018) 0.018 0.003 0.004 0.005 0.004 
 210   (0.019) 0.018 0.003 0.004 0.005 0.004 

Locus 14 : Ap68 
9 alleles
4.7% missing data
 158   (0.392) 0.393 0.630 0.296 0.316 0.300 
 160   (0.083) 0.083 0.036 0.096 0.083 0.090 
 156   (0.239) 0.239 0.230 0.355 0.343 0.371 
 162   (0.044) 0.045 0.030 0.009 0.011 0.010 
 154   (0.084) 0.084 0.038 0.096 0.071 0.100 
 152   (0.073) 0.073 0.017 0.121 0.145 0.105 
 164   (0.043) 0.043 0.014 0.015 0.017 0.014 
 170   (0.018) 0.018 0.002 0.004 0.004 0.003 
 166   (0.023) 0.023 0.003 0.007 0.009 0.007 

Locus 15 : Ap85 
10 alleles
3.4% missing data
 202   (0.319) 0.319 0.393 0.373 0.409 0.361 
 186   (0.247) 0.247 0.371 0.334 0.280 0.349 
 204   (0.062) 0.062 0.024 0.036 0.039 0.033 
 188   (0.106) 0.106 0.077 0.098 0.081 0.100 
 194   (0.078) 0.078 0.087 0.038 0.038 0.043 
 196   (0.054) 0.054 0.014 0.052 0.066 0.047 
 200   (0.064) 0.065 0.017 0.038 0.048 0.036 
 192   (0.025) 0.025 0.006 0.005 0.005 0.005 
 190   (0.017) 0.017 0.008 0.003 0.003 0.003 
 198   (0.026) 0.026 0.003 0.024 0.031 0.022 

Locus 16 : Ap90 
13 alleles
0.7% missing data
 131   (0.364) 0.364 0.536 0.521 0.514 0.553 
 135   (0.066) 0.066 0.080 0.052 0.061 0.050 
 133   (0.288) 0.290 0.295 0.243 0.247 0.228 
 129   (0.095) 0.095 0.044 0.127 0.117 0.114 
 137   (0.035) 0.034 0.009 0.021 0.017 0.021 
 141   (0.017) 0.017 0.004 0.002 0.002 0.002 
 143   (0.023) 0.023 0.009 0.004 0.004 0.004 
 151   (0.024) 0.024 0.010 0.004 0.004 0.004 
 155   (0.016) 0.016 0.003 0.002 0.002 0.002 
 145   (0.016) 0.016 0.002 0.004 0.005 0.004 
 130   (0.020) 0.019 0.003 0.008 0.010 0.007 
 139   (0.016) 0.016 0.002 0.004 0.006 0.004 
 153   (0.021) 0.020 0.003 0.008 0.009 0.007 

Locus 17 : Ap223 
7 alleles
2.0% missing data
 183   (0.686) 0.687 0.600 0.777 0.804 0.746 
 187   (0.134) 0.133 0.296 0.156 0.122 0.183 
 189   (0.026) 0.026 0.006 0.013 0.009 0.016 
 173   (0.065) 0.065 0.072 0.027 0.033 0.029 
 182   (0.032) 0.032 0.010 0.008 0.007 0.008 
 180   (0.025) 0.025 0.005 0.006 0.006 0.005 
 179   (0.032) 0.032 0.011 0.014 0.017 0.012 

Locus 18 : Ap224 
7 alleles
4.0% missing data
 283   (0.110) 0.110 0.198 0.116 0.095 0.132 
 287   (0.468) 0.469 0.475 0.464 0.468 0.448 
 281   (0.135) 0.135 0.167 0.123 0.109 0.135 
 289   (0.206) 0.206 0.097 0.266 0.289 0.250 
 291   (0.038) 0.037 0.057 0.010 0.011 0.013 
 285   (0.018) 0.018 0.003 0.003 0.003 0.003 
 279   (0.025) 0.025 0.003 0.019 0.026 0.019 

Locus 19 : Ap226 
5 alleles
17.4% missing data
 237   (0.380) 0.381 0.330 0.353 0.348 0.350 
 239   (0.459) 0.459 0.437 0.545 0.559 0.528 
 247   (0.122) 0.122 0.227 0.091 0.082 0.111 
 235   (0.019) 0.019 0.003 0.005 0.004 0.006 
 241   (0.020) 0.019 0.003 0.006 0.007 0.005 

Locus 20 : Ap249 
9 alleles
1.3% missing data
 209   (0.610) 0.611 0.570 0.719 0.708 0.714 
 211   (0.055) 0.055 0.017 0.037 0.029 0.038 
 217   (0.084) 0.083 0.154 0.050 0.047 0.061 
 219   (0.104) 0.103 0.230 0.069 0.067 0.074 
 215   (0.078) 0.078 0.015 0.113 0.137 0.100 
 208   (0.017) 0.017 0.004 0.003 0.003 0.003 
 225   (0.017) 0.017 0.004 0.002 0.002 0.002 
 223   (0.017) 0.017 0.003 0.003 0.003 0.003 
 213   (0.018) 0.018 0.002 0.003 0.004 0.003 

Locus 21 : Ap273 
4 alleles
1.3% missing data
 106   (0.877) 0.877 0.954 0.950 0.949 0.952 
 108   (0.050) 0.050 0.028 0.024 0.025 0.021 
 104   (0.044) 0.044 0.012 0.016 0.013 0.017 
 102   (0.029) 0.029 0.006 0.010 0.013 0.010 

Locus 22 : Ap274 
2 alleles
2.0% missing data
 120   (0.943) 0.943 0.985 0.960 0.950 0.964 
 122   (0.057) 0.057 0.015 0.040 0.050 0.036 

Locus 23 : Ap288 
5 alleles
0.0% missing data
 123   (0.768) 0.769 0.601 0.851 0.868 0.819 
 131   (0.165) 0.165 0.365 0.137 0.120 0.170 
 139   (0.030) 0.030 0.020 0.006 0.006 0.006 
 121   (0.018) 0.018 0.008 0.003 0.003 0.003 
 124   (0.018) 0.018 0.006 0.003 0.003 0.003 

Locus 24 : At163 
7 alleles
0.0% missing data
 128   (0.709) 0.710 0.543 0.854 0.858 0.835 
 134   (0.194) 0.194 0.439 0.130 0.125 0.149 
 130   (0.025) 0.025 0.009 0.005 0.006 0.005 
 136   (0.018) 0.018 0.003 0.003 0.003 0.003 
 140   (0.018) 0.018 0.002 0.002 0.003 0.002 
 146   (0.018) 0.018 0.002 0.002 0.003 0.002 
 142   (0.018) 0.018 0.002 0.003 0.003 0.003 

Locus 25 : At188 
13 alleles
1.3% missing data
 189   (0.626) 0.627 0.766 0.817 0.838 0.799 
 205   (0.032) 0.031 0.064 0.006 0.009 0.008 
 207   (0.030) 0.030 0.013 0.043 0.027 0.056 
 219   (0.024) 0.024 0.007 0.006 0.005 0.006 
 209   (0.035) 0.035 0.015 0.032 0.022 0.036 
 217   (0.040) 0.040 0.014 0.016 0.013 0.015 
 215   (0.021) 0.020 0.009 0.009 0.007 0.008 
 199   (0.067) 0.067 0.063 0.033 0.041 0.032 
 212   (0.027) 0.027 0.009 0.011 0.009 0.011 
 213   (0.037) 0.037 0.031 0.011 0.010 0.012 
 211   (0.017) 0.017 0.003 0.002 0.002 0.002 
 191   (0.017) 0.017 0.003 0.005 0.004 0.005 
 187   (0.027) 0.027 0.004 0.010 0.012 0.009 

Values of parameters used in structure:
DATAFILE=,	OUTFILE=,	NUMINDS=149,	NUMLOCI=25,	MISSING=-9,	LABEL=1,	POPDATA=0,	POPFLAG=1,	PHENOTYPE=0,	EXTRACOLS=1,	MAXPOPS=5,	BURNIN=100000,	NUMREPS=1000000,	USEPOPINFO=0,	INFERALPHA=1,	INFERLAMBDA=0,	POPSPECIFICLAMBDA=0,	POPALPHAS=0,	COMPUTEPROB=1,	NOADMIX=0,	ADMBURNIN=2500,	UPDATEFREQ=1,	PRINTLIKES=0,	INTERMEDSAVE=0,	PRINTKLD=0,	PRINTNET=0,	PRINTLAMBDA=0,	ANCESTDIST=0,	NUMBOXES=1000,	ANCESTPINT=0.90000,	GENSBACK=2,	MIGRPRIOR=0.05000,	PRINTQHAT=0,	PRINTQSUM=0,	ALPHA=1.0000,	FREQSCORR=1,	FPRIORMEAN=0.0100,	FPRIORSD=0.0500,	ONEFST=0,	LAMBDA=1.0000,	UNIFPRIORALPHA=1,	ALPHAMAX=10.0000,	ALPHAPRIORA=1.0000,	ALPHAPRIORB=2.0000,	ALPHAPROPSD=0.0250,	STARTATPOPINFO=0,	RANDOMIZE=1,	LINKAGE=0,	METROFREQ=10,	REPORTHITRATE=0,	MARKOVPHASE=-1,	PHASED=0,	PLOIDY=2,	PHASEINFO=0	LOCPRIOR=0, 	LOCPRIORINIT=1.000000, 	LOCDATA=0, 	LOCISPOP=0, 	LOCPRIORSTEP=0.100000, 	MAXLOCPRIOR=20.000000, 	SEED=1335118428,	
[STRAT parameters]:    NUMSIMSTATS=1000,	PHENOTYPECOL=-9,	POOLFREQ=10,	LOCUSxONLY=0,	EMERROR=0.00100,	MISSINGPHENO=-9,	