  1:   0.0340  0.4166  0.0849  0.4645  1
  2:   0.0340  0.8218  0.0711  0.0731  1
  3:   0.0370  0.0761  0.8198  0.0671  1
  4:   0.0340  0.7300  0.0760  0.1600  1
  5:   0.0330  0.1522  0.7437  0.0711  1
  6:   0.0300  0.8210  0.0820  0.0670  1
  7:   0.0480  0.2760  0.5680  0.1080  1
  8:   0.0500  0.1180  0.5780  0.2540  1
  9:   0.0490  0.1060  0.7870  0.0580  1
 10:   0.0220  0.1271  0.8148  0.0360  1
 11:   0.0230  0.1170  0.4450  0.4150  1
 12:   0.0280  0.1149  0.7213  0.1359  1
 13:   0.0619  0.0529  0.7592  0.1259  1
 14:   0.0380  0.2010  0.2090  0.5520  1
 15:   0.0490  0.5265  0.3283  0.0961  1
 16:   0.1381  0.0440  0.7457  0.0721  1
 17:   0.0830  0.0990  0.4390  0.3790  1
 18:   0.0260  0.0610  0.8770  0.0360  1
 19:   0.0510  0.1760  0.3460  0.4270  1
 20:   0.0520  0.3060  0.5270  0.1150  1
 21:   0.0220  0.0690  0.8650  0.0440  1
 22:   0.0280  0.0560  0.8490  0.0670  1
 23:   0.0380  0.5760  0.2050  0.1810  1
 24:   0.0680  0.4410  0.0550  0.4360  1
 25:   0.1260  0.1000  0.6920  0.0820  1
 26:   0.0510  0.1080  0.7890  0.0520  1
 27:   0.1200  0.1360  0.3130  0.4310  1
 28:   0.0541  0.2663  0.2362  0.4434  1
 29:   0.1708  0.0420  0.6364  0.1508  1
 30:   0.3700  0.1230  0.2340  0.2730  1
 31:   0.3480  0.1810  0.2650  0.2060  1
 32:   0.1360  0.5750  0.0450  0.2440  1
 33:   0.0330  0.3290  0.2280  0.4100  1
 34:   0.0220  0.7390  0.1910  0.0480  1
 35:   0.0420  0.0900  0.3400  0.5280  1
 36:   0.0959  0.1598  0.4805  0.2637  1
 37:   0.2953  0.0911  0.3944  0.2192  1
 38:   0.0650  0.3900  0.1070  0.4380  1
 39:   0.1460  0.6550  0.1370  0.0620  1
 40:   0.0290  0.4810  0.4310  0.0590  1
 41:   0.0320  0.0380  0.8941  0.0360  1
 42:   0.0350  0.4830  0.1180  0.3640  1
 43:   0.0380  0.5550  0.2560  0.1510  1
 44:   0.0310  0.1330  0.7670  0.0690  1
 45:   0.0671  0.4384  0.0731  0.4214  1
 46:   0.0230  0.2442  0.6456  0.0871  1
 47:   0.0180  0.2362  0.6917  0.0541  1
 48:   0.2687  0.2877  0.3037  0.1399  1
 49:   0.0710  0.5820  0.0790  0.2680  1
 50:   0.0350  0.6823  0.1179  0.1648  1
 51:   0.0830  0.2150  0.6220  0.0800  1
 52:   0.1370  0.4850  0.2470  0.1310  1
 53:   0.1470  0.1820  0.6130  0.0580  1
 54:   0.1430  0.3160  0.4590  0.0820  1
 55:   0.0290  0.1718  0.3726  0.4266  1
 56:   0.2130  0.5130  0.2090  0.0650  1
 57:   0.2530  0.1060  0.5870  0.0540  1
 58:   0.2520  0.2750  0.3650  0.1080  1
 59:   0.0990  0.1890  0.2920  0.4200  1
 60:   0.0560  0.1060  0.6980  0.1400  1
 61:   0.0850  0.2060  0.5690  0.1400  1
 62:   0.4136  0.1608  0.1508  0.2747  1
 63:   0.2130  0.5300  0.1540  0.1030  1
 64:   0.0490  0.5580  0.1850  0.2080  1
 65:   0.0240  0.7772  0.0430  0.1558  1
 66:   0.1190  0.6520  0.0900  0.1390  1
 67:   0.0671  0.5526  0.0781  0.3023  1
 68:   0.0770  0.7160  0.0950  0.1120  1
 69:   0.1150  0.2200  0.0770  0.5880  1
 70:   0.0951  0.1742  0.6006  0.1301  1
 71:   0.0350  0.5900  0.3100  0.0650  1
 72:   0.0200  0.3220  0.6040  0.0540  1
 73:   0.0260  0.8710  0.0390  0.0640  1
 74:   0.0810  0.3470  0.1530  0.4190  1
 75:   0.0480  0.7050  0.1260  0.1210  1
 76:   0.0730  0.7430  0.0360  0.1480  1
 77:   0.0410  0.1630  0.1280  0.6680  1
 78:   0.0240  0.1151  0.4855  0.3754  1
 79:   0.0320  0.5300  0.3050  0.1330  1
 80:   0.0661  0.1421  0.0310  0.7608  1
 81:   0.0560  0.3760  0.1250  0.4430  1
 82:   0.6600  0.0570  0.1440  0.1390  1
 83:   0.4240  0.1510  0.1940  0.2310  1
 84:   0.0450  0.6597  0.1772  0.1181  1
 85:   0.3566  0.1469  0.3656  0.1309  1
 86:   0.0430  0.0951  0.1812  0.6807  1
 87:   0.0350  0.8650  0.0250  0.0750  1
 88:   0.1310  0.1670  0.3080  0.3940  1
 89:   0.2100  0.5860  0.0610  0.1430  1
 90:   0.0190  0.6923  0.2368  0.0519  1
 91:   0.0630  0.6760  0.1590  0.1020  1
 92:   0.0170  0.9010  0.0380  0.0440  1
 93:   0.0870  0.2820  0.0940  0.5370  1
 94:   0.0559  0.0490  0.8472  0.0480  1
 95:   0.6140  0.1960  0.0820  0.1080  1
 96:   0.1229  0.1089  0.6863  0.0819  1
 97:   0.1900  0.2300  0.5190  0.0610  1
 98:   0.4635  0.0769  0.3856  0.0739  1
 99:   0.2693  0.0320  0.6406  0.0581  1
100:   0.5780  0.1390  0.1870  0.0960  1
101:   0.1290  0.1030  0.5570  0.2110  1
102:   0.0290  0.1110  0.7930  0.0670  1
103:   0.0530  0.0740  0.7520  0.1210  1
104:   0.3586  0.3566  0.1319  0.1528  1
105:   0.2570  0.2750  0.1660  0.3020  1
106:   0.1010  0.6070  0.0550  0.2370  1
107:   0.5050  0.1440  0.1870  0.1640  1
108:   0.8120  0.0360  0.0430  0.1090  1
109:   0.7550  0.0660  0.0450  0.1340  1
110:   0.6887  0.0250  0.0661  0.2202  1
111:   0.8690  0.0370  0.0550  0.0390  1
112:   0.2310  0.0590  0.2060  0.5040  1
113:   0.8360  0.0560  0.0380  0.0700  1
114:   0.3003  0.0551  0.0861  0.5586  1
115:   0.5830  0.0660  0.0330  0.3180  1
116:   0.8790  0.0330  0.0250  0.0630  1
117:   0.8710  0.0440  0.0330  0.0520  1
118:   0.9080  0.0270  0.0360  0.0290  1
119:   0.8388  0.0220  0.0300  0.1091  1
120:   0.8140  0.0670  0.0450  0.0740  1
121:   0.6830  0.0710  0.0670  0.1790  1
122:   0.9221  0.0170  0.0190  0.0420  1
123:   0.7882  0.0450  0.0509  0.1159  1
124:   0.8581  0.0410  0.0210  0.0799  1
125:   0.8970  0.0310  0.0290  0.0430  1
126:   0.5720  0.0270  0.0470  0.3540  1
127:   0.8950  0.0200  0.0290  0.0560  1
128:   0.4150  0.0400  0.0510  0.4940  1
129:   0.5415  0.0551  0.0611  0.3423  1
130:   0.5980  0.1510  0.0420  0.2090  1
131:   0.8490  0.0660  0.0380  0.0470  1
132:   0.8322  0.0370  0.0310  0.0999  1
133:   0.8260  0.0400  0.0420  0.0920  1
134:   0.6580  0.0410  0.0460  0.2550  1
135:   0.7610  0.0880  0.0380  0.1130  1
136:   0.7860  0.0600  0.0320  0.1220  1
137:   0.8510  0.0250  0.0300  0.0940  1
138:   0.6130  0.0460  0.0300  0.3110  1
139:   0.6853  0.0539  0.0490  0.2118  1
140:   0.8741  0.0300  0.0340  0.0619  1
141:   0.7660  0.0440  0.0770  0.1130  1
142:   0.8940  0.0360  0.0240  0.0460  1
143:   0.8730  0.0330  0.0300  0.0640  1
144:   0.8900  0.0190  0.0400  0.0510  1
145:   0.7618  0.0551  0.1101  0.0731  1
146:   0.6590  0.0700  0.0870  0.1840  1
147:   0.5145  0.0350  0.0859  0.3646  1
148:   0.9240  0.0290  0.0170  0.0300  1
149:   0.8408  0.0300  0.0340  0.0951  1

  1:   0.0350  0.3870  0.0910  0.4870  1
  2:   0.0360  0.8240  0.0710  0.0690  1
  3:   0.0390  0.0790  0.8110  0.0710  1
  4:   0.0360  0.7153  0.0839  0.1648  1
  5:   0.0340  0.1552  0.7397  0.0711  1
  6:   0.0310  0.8300  0.0810  0.0580  1
  7:   0.0501  0.2903  0.5776  0.0821  1
  8:   0.0521  0.1131  0.5816  0.2533  1
  9:   0.0500  0.1070  0.7940  0.0490  1
 10:   0.0240  0.1330  0.8070  0.0360  1
 11:   0.0240  0.1170  0.4590  0.4000  1
 12:   0.0290  0.1210  0.7060  0.1440  1
 13:   0.0649  0.0529  0.7702  0.1119  1
 14:   0.0400  0.2022  0.2162  0.5415  1
 15:   0.0521  0.5415  0.3273  0.0791  1
 16:   0.1450  0.0440  0.7400  0.0710  1
 17:   0.0871  0.0961  0.4284  0.3884  1
 18:   0.0280  0.0650  0.8720  0.0350  1
 19:   0.0530  0.1680  0.3450  0.4340  1
 20:   0.0550  0.3150  0.5210  0.1090  1
 21:   0.0230  0.0709  0.8601  0.0460  1
 22:   0.0300  0.0590  0.8430  0.0680  1
 23:   0.0380  0.5704  0.2078  0.1838  1
 24:   0.0710  0.4350  0.0570  0.4370  1
 25:   0.1300  0.1020  0.7040  0.0640  1
 26:   0.0521  0.1141  0.7838  0.0501  1
 27:   0.1260  0.1360  0.3140  0.4240  1
 28:   0.0580  0.2610  0.2450  0.4360  1
 29:   0.1790  0.0400  0.6430  0.1380  1
 30:   0.3810  0.1220  0.2390  0.2580  1
 31:   0.3574  0.1842  0.2723  0.1862  1
 32:   0.1430  0.5780  0.0480  0.2310  1
 33:   0.0350  0.3350  0.2390  0.3910  1
 34:   0.0230  0.7380  0.1980  0.0410  1
 35:   0.0450  0.0919  0.3487  0.5145  1
 36:   0.1011  0.1662  0.4955  0.2372  1
 37:   0.2970  0.0920  0.3860  0.2250  1
 38:   0.0680  0.3830  0.1130  0.4360  1
 39:   0.1530  0.6530  0.1390  0.0550  1
 40:   0.0300  0.4930  0.4230  0.0540  1
 41:   0.0330  0.0390  0.8919  0.0360  1
 42:   0.0380  0.4745  0.1129  0.3746  1
 43:   0.0400  0.5764  0.2567  0.1269  1
 44:   0.0320  0.1320  0.7750  0.0610  1
 45:   0.0690  0.4220  0.0750  0.4340  1
 46:   0.0240  0.2573  0.6416  0.0771  1
 47:   0.0190  0.2340  0.6950  0.0520  1
 48:   0.2713  0.2863  0.2983  0.1441  1
 49:   0.0730  0.5810  0.0800  0.2660  1
 50:   0.0360  0.6807  0.1231  0.1602  1
 51:   0.0850  0.2190  0.6220  0.0740  1
 52:   0.1429  0.4895  0.2517  0.1159  1
 53:   0.1530  0.1830  0.6080  0.0560  1
 54:   0.1502  0.3233  0.4464  0.0801  1
 55:   0.0300  0.1640  0.3590  0.4470  1
 56:   0.2210  0.5230  0.1940  0.0620  1
 57:   0.2660  0.1080  0.5720  0.0540  1
 58:   0.2550  0.2760  0.3610  0.1080  1
 59:   0.0990  0.1840  0.2960  0.4210  1
 60:   0.0601  0.1101  0.7037  0.1261  1
 61:   0.0910  0.2130  0.5600  0.1360  1
 62:   0.4144  0.1602  0.1542  0.2713  1
 63:   0.2202  0.5435  0.1481  0.0881  1
 64:   0.0510  0.5470  0.1880  0.2140  1
 65:   0.0250  0.7670  0.0460  0.1620  1
 66:   0.1241  0.6577  0.0931  0.1251  1
 67:   0.0680  0.5410  0.0780  0.3130  1
 68:   0.0810  0.7190  0.1000  0.1000  1
 69:   0.1171  0.2162  0.0791  0.5876  1
 70:   0.1000  0.1820  0.5910  0.1270  1
 71:   0.0370  0.5936  0.3083  0.0611  1
 72:   0.0210  0.3300  0.6010  0.0480  1
 73:   0.0270  0.8790  0.0400  0.0540  1
 74:   0.0851  0.3443  0.1512  0.4194  1
 75:   0.0500  0.7120  0.1300  0.1080  1
 76:   0.0770  0.7370  0.0380  0.1480  1
 77:   0.0430  0.1500  0.1270  0.6800  1
 78:   0.0260  0.1090  0.4700  0.3950  1
 79:   0.0330  0.5460  0.3030  0.1180  1
 80:   0.0690  0.1330  0.0320  0.7660  1
 81:   0.0570  0.3650  0.1260  0.4520  1
 82:   0.6500  0.0580  0.1480  0.1440  1
 83:   0.4190  0.1520  0.1980  0.2310  1
 84:   0.0460  0.6560  0.1810  0.1170  1
 85:   0.3636  0.1538  0.3666  0.1159  1
 86:   0.0460  0.0930  0.1910  0.6700  1
 87:   0.0370  0.8680  0.0270  0.0680  1
 88:   0.1311  0.1702  0.3163  0.3824  1
 89:   0.2180  0.5930  0.0620  0.1270  1
 90:   0.0190  0.6850  0.2480  0.0480  1
 91:   0.0660  0.6910  0.1600  0.0830  1
 92:   0.0180  0.9071  0.0410  0.0340  1
 93:   0.0870  0.2720  0.0970  0.5440  1
 94:   0.0580  0.0490  0.8460  0.0470  1
 95:   0.6080  0.2010  0.0820  0.1090  1
 96:   0.1290  0.1110  0.6810  0.0790  1
 97:   0.1988  0.2338  0.5135  0.0539  1
 98:   0.4780  0.0790  0.3710  0.0720  1
 99:   0.2830  0.0320  0.6320  0.0530  1
100:   0.5856  0.1441  0.1812  0.0891  1
101:   0.1349  0.0969  0.5654  0.2028  1
102:   0.0310  0.1110  0.7910  0.0670  1
103:   0.0550  0.0780  0.7440  0.1230  1
104:   0.3580  0.3500  0.1330  0.1590  1
105:   0.2640  0.2700  0.1700  0.2960  1
106:   0.1060  0.6030  0.0570  0.2340  1
107:   0.5175  0.1451  0.1902  0.1471  1
108:   0.8062  0.0370  0.0450  0.1119  1
109:   0.7530  0.0690  0.0480  0.1300  1
110:   0.6750  0.0250  0.0710  0.2290  1
111:   0.8650  0.0380  0.0580  0.0390  1
112:   0.2260  0.0530  0.2200  0.5010  1
113:   0.8292  0.0579  0.0390  0.0739  1
114:   0.2780  0.0490  0.0900  0.5830  1
115:   0.5770  0.0620  0.0350  0.3260  1
116:   0.8740  0.0350  0.0260  0.0650  1
117:   0.8650  0.0450  0.0350  0.0550  1
118:   0.9060  0.0280  0.0370  0.0290  1
119:   0.8268  0.0220  0.0320  0.1191  1
120:   0.8050  0.0690  0.0460  0.0800  1
121:   0.6740  0.0710  0.0710  0.1840  1
122:   0.9199  0.0170  0.0190  0.0440  1
123:   0.7772  0.0470  0.0539  0.1219  1
124:   0.8520  0.0420  0.0220  0.0840  1
125:   0.8920  0.0330  0.0300  0.0450  1
126:   0.5600  0.0250  0.0480  0.3670  1
127:   0.8900  0.0200  0.0310  0.0590  1
128:   0.4056  0.0350  0.0519  0.5075  1
129:   0.5165  0.0509  0.0619  0.3706  1
130:   0.5770  0.1510  0.0440  0.2280  1
131:   0.8430  0.0700  0.0390  0.0480  1
132:   0.8250  0.0380  0.0320  0.1050  1
133:   0.8182  0.0410  0.0440  0.0969  1
134:   0.6420  0.0430  0.0470  0.2680  1
135:   0.7490  0.0890  0.0390  0.1230  1
136:   0.7810  0.0620  0.0340  0.1230  1
137:   0.8470  0.0250  0.0310  0.0970  1
138:   0.5946  0.0450  0.0300  0.3303  1
139:   0.6720  0.0540  0.0510  0.2230  1
140:   0.8719  0.0310  0.0350  0.0621  1
141:   0.7628  0.0440  0.0791  0.1141  1
142:   0.8899  0.0370  0.0250  0.0480  1
143:   0.8660  0.0340  0.0320  0.0680  1
144:   0.8840  0.0200  0.0420  0.0540  1
145:   0.7560  0.0560  0.1120  0.0760  1
146:   0.6410  0.0700  0.0890  0.2000  1
147:   0.4990  0.0340  0.0870  0.3800  1
148:   0.9200  0.0310  0.0180  0.0310  1
149:   0.8338  0.0310  0.0350  0.1001  1

  1:   0.0330  0.4190  0.2240  0.3240  1
  2:   0.0330  0.8200  0.0670  0.0800  1
  3:   0.0370  0.0690  0.5220  0.3720  1
  4:   0.0330  0.7200  0.1070  0.1400  1
  5:   0.0320  0.1470  0.4780  0.3430  1
  6:   0.0290  0.8140  0.0760  0.0810  1
  7:   0.0460  0.2753  0.3994  0.2793  1
  8:   0.0490  0.1149  0.4525  0.3836  1
  9:   0.0480  0.1050  0.5050  0.3420  1
 10:   0.0220  0.1220  0.5070  0.3490  1
 11:   0.0230  0.1201  0.4434  0.4134  1
 12:   0.0270  0.1111  0.4815  0.3804  1
 13:   0.0621  0.0531  0.5225  0.3624  1
 14:   0.0380  0.2180  0.3480  0.3960  1
 15:   0.0490  0.5230  0.2450  0.1830  1
 16:   0.1389  0.0430  0.4805  0.3377  1
 17:   0.0830  0.0990  0.4170  0.4010  1
 18:   0.0250  0.0570  0.5500  0.3680  1
 19:   0.0509  0.1678  0.3866  0.3946  1
 20:   0.0510  0.3020  0.3700  0.2770  1
 21:   0.0210  0.0650  0.5400  0.3740  1
 22:   0.0270  0.0510  0.5420  0.3800  1
 23:   0.0370  0.5790  0.1880  0.1960  1
 24:   0.0681  0.4414  0.1992  0.2913  1
 25:   0.1239  0.0989  0.4635  0.3137  1
 26:   0.0500  0.1040  0.5030  0.3430  1
 27:   0.1201  0.1421  0.3694  0.3684  1
 28:   0.0560  0.2650  0.3270  0.3520  1
 29:   0.1730  0.0410  0.4550  0.3310  1
 30:   0.3686  0.1259  0.2597  0.2458  1
 31:   0.3450  0.1830  0.2520  0.2200  1
 32:   0.1351  0.5836  0.1231  0.1582  1
 33:   0.0330  0.3293  0.3103  0.3273  1
 34:   0.0220  0.7260  0.1360  0.1160  1
 35:   0.0410  0.0971  0.4234  0.4384  1
 36:   0.0961  0.1592  0.4164  0.3283  1
 37:   0.2960  0.0890  0.3270  0.2880  1
 38:   0.0640  0.3980  0.2410  0.2970  1
 39:   0.1450  0.6510  0.1080  0.0960  1
 40:   0.0280  0.4695  0.2913  0.2112  1
 41:   0.0310  0.0350  0.5576  0.3764  1
 42:   0.0350  0.4840  0.2030  0.2780  1
 43:   0.0370  0.5596  0.2202  0.1832  1
 44:   0.0300  0.1250  0.5010  0.3440  1
 45:   0.0669  0.4396  0.2018  0.2917  1
 46:   0.0230  0.2420  0.4320  0.3030  1
 47:   0.0180  0.2190  0.4510  0.3120  1
 48:   0.2720  0.2770  0.2420  0.2090  1
 49:   0.0690  0.5750  0.1570  0.1990  1
 50:   0.0340  0.6730  0.1360  0.1570  1
 51:   0.0800  0.2100  0.4080  0.3020  1
 52:   0.1360  0.4800  0.2040  0.1800  1
 53:   0.1449  0.1738  0.3956  0.2857  1
 54:   0.1400  0.3040  0.3140  0.2420  1
 55:   0.0280  0.1640  0.3810  0.4270  1
 56:   0.2130  0.5090  0.1450  0.1330  1
 57:   0.2540  0.1020  0.3750  0.2690  1
 58:   0.2500  0.2720  0.2670  0.2110  1
 59:   0.0980  0.1860  0.3460  0.3700  1
 60:   0.0550  0.1060  0.4910  0.3480  1
 61:   0.0851  0.2002  0.4004  0.3143  1
 62:   0.4100  0.1630  0.2070  0.2200  1
 63:   0.2098  0.5295  0.1359  0.1249  1
 64:   0.0480  0.5530  0.1940  0.2050  1
 65:   0.0240  0.7640  0.0840  0.1280  1
 66:   0.1180  0.6530  0.1130  0.1160  1
 67:   0.0669  0.5455  0.1628  0.2248  1
 68:   0.0741  0.7217  0.0991  0.1051  1
 69:   0.1150  0.2200  0.2810  0.3840  1
 70:   0.0930  0.1720  0.4180  0.3170  1
 71:   0.0350  0.5770  0.2110  0.1770  1
 72:   0.0200  0.3120  0.3890  0.2790  1
 73:   0.0250  0.8699  0.0450  0.0601  1
 74:   0.0821  0.3544  0.2492  0.3143  1
 75:   0.0460  0.6980  0.1280  0.1280  1
 76:   0.0720  0.7450  0.0750  0.1080  1
 77:   0.0410  0.1588  0.3437  0.4565  1
 78:   0.0240  0.1171  0.4354  0.4234  1
 79:   0.0310  0.5220  0.2460  0.2010  1
 80:   0.0661  0.1562  0.3133  0.4645  1
 81:   0.0540  0.3700  0.2520  0.3240  1
 82:   0.6630  0.0570  0.1430  0.1370  1
 83:   0.4296  0.1518  0.2068  0.2118  1
 84:   0.0450  0.6380  0.1570  0.1600  1
 85:   0.3500  0.1490  0.2840  0.2170  1
 86:   0.0440  0.1029  0.3856  0.4675  1
 87:   0.0340  0.8610  0.0420  0.0630  1
 88:   0.1320  0.1720  0.3530  0.3430  1
 89:   0.2050  0.5880  0.0940  0.1130  1
 90:   0.0180  0.6850  0.1600  0.1370  1
 91:   0.0611  0.6767  0.1401  0.1221  1
 92:   0.0170  0.8990  0.0370  0.0470  1
 93:   0.0860  0.2900  0.2660  0.3580  1
 94:   0.0550  0.0450  0.5350  0.3650  1
 95:   0.6170  0.1950  0.0900  0.0980  1
 96:   0.1219  0.0989  0.4525  0.3267  1
 97:   0.1880  0.2260  0.3390  0.2470  1
 98:   0.4650  0.0770  0.2590  0.1990  1
 99:   0.2733  0.0310  0.4094  0.2863  1
100:   0.5760  0.1380  0.1530  0.1330  1
101:   0.1290  0.1030  0.4250  0.3430  1
102:   0.0290  0.1030  0.5070  0.3610  1
103:   0.0511  0.0751  0.5075  0.3664  1
104:   0.3596  0.3497  0.1389  0.1518  1
105:   0.2580  0.2730  0.2260  0.2430  1
106:   0.1010  0.6110  0.1250  0.1630  1
107:   0.5015  0.1479  0.1818  0.1688  1
108:   0.8142  0.0360  0.0669  0.0829  1
109:   0.7620  0.0650  0.0780  0.0950  1
110:   0.6920  0.0250  0.1230  0.1600  1
111:   0.8719  0.0360  0.0480  0.0440  1
112:   0.2340  0.0590  0.3320  0.3750  1
113:   0.8400  0.0550  0.0490  0.0560  1
114:   0.3017  0.0559  0.2697  0.3726  1
115:   0.5916  0.0651  0.1371  0.2062  1
116:   0.8810  0.0330  0.0380  0.0480  1
117:   0.8720  0.0430  0.0390  0.0460  1
118:   0.9100  0.0260  0.0330  0.0310  1
119:   0.8410  0.0220  0.0570  0.0800  1
120:   0.8142  0.0669  0.0559  0.0629  1
121:   0.6870  0.0690  0.1090  0.1350  1
122:   0.9251  0.0170  0.0260  0.0320  1
123:   0.7990  0.0440  0.0720  0.0850  1
124:   0.8640  0.0400  0.0410  0.0550  1
125:   0.9009  0.0310  0.0320  0.0360  1
126:   0.5806  0.0270  0.1622  0.2302  1
127:   0.8970  0.0200  0.0380  0.0450  1
128:   0.4170  0.0410  0.2210  0.3210  1
129:   0.5465  0.0561  0.1672  0.2302  1
130:   0.6000  0.1480  0.1090  0.1430  1
131:   0.8510  0.0650  0.0400  0.0440  1
132:   0.8350  0.0370  0.0550  0.0730  1
133:   0.8300  0.0390  0.0590  0.0720  1
134:   0.6710  0.0420  0.1160  0.1710  1
135:   0.7640  0.0860  0.0650  0.0850  1
136:   0.7880  0.0600  0.0650  0.0870  1
137:   0.8550  0.0250  0.0530  0.0670  1
138:   0.6234  0.0470  0.1299  0.1998  1
139:   0.6900  0.0540  0.1120  0.1440  1
140:   0.8769  0.0300  0.0440  0.0490  1
141:   0.7700  0.0430  0.0920  0.0950  1
142:   0.8969  0.0350  0.0310  0.0370  1
143:   0.8760  0.0330  0.0410  0.0500  1
144:   0.8930  0.0190  0.0430  0.0450  1
145:   0.7658  0.0531  0.0941  0.0871  1
146:   0.6630  0.0690  0.1230  0.1450  1
147:   0.5345  0.0350  0.1812  0.2492  1
148:   0.9259  0.0290  0.0210  0.0240  1
149:   0.8450  0.0300  0.0540  0.0710  1

