0.955705 0.02329 0.010225 0.01078
0.97025 0.00978 0.011555 0.008415
0.988065 0.0045 0.004015 0.00342
0.956495 0.016455 0.01188 0.01517
0.975235 0.010725 0.007525 0.006515
0.9846 0.00728 0.00515 0.00297
0.6624 0.171935 0.096505 0.06916
0.953795 0.01761 0.017365 0.01123
0.947975 0.014595 0.02233 0.0151
0.871835 0.059255 0.024305 0.044605
0.894005 0.049685 0.024755 0.031555
0.977285 0.00981 0.006085 0.00682
0.94224 0.022565 0.012215 0.02298
0.94773 0.03007 0.01202 0.01018
0.956865 0.01837 0.01221 0.012555
0.988305 0.004275 0.004155 0.003265
0.92505 0.038375 0.017735 0.01884
0.919855 0.035305 0.018225 0.026615
0.56458 0.329155 0.018835 0.08743
0.778205 0.108265 0.006135 0.107395
0.82095 0.113005 0.013575 0.05247
0.51192 0.37259 0.018025 0.097465
0.983605 0.010075 0.001605 0.004715
0.96554 0.021285 0.00327 0.009905
0.97407 0.016685 0.002805 0.00644
0.948345 0.02342 0.01071 0.017525
0.94937 0.02445 0.011645 0.014535
0.97971 0.0102 0.00413 0.00596
0.92199 0.02293 0.03244 0.02264
0.885585 0.032595 0.04551 0.03631
0.96793 0.010835 0.00997 0.011265
0.98554 0.004815 0.005455 0.00419
0.940185 0.013145 0.02165 0.02502
0.963735 0.00625 0.01634 0.013675
0.956795 0.0125 0.01349 0.017215
0.94098 0.01704 0.02271 0.01927
0.972195 0.00999 0.010835 0.00698
0.981735 0.003055 0.010665 0.004545
0.971005 0.00665 0.01679 0.005555
0.98738 0.00299 0.005655 0.003975
0.987855 0.003515 0.005265 0.003365
0.9918 0.00269 0.00394 0.00157
0.985485 0.00453 0.006025 0.00396
0.98447 0.0048 0.006375 0.004355
0.917025 0.03599 0.024245 0.02274
0.97876 0.00874 0.006855 0.005645
0.91806 0.03041 0.02809 0.02344
0.908525 0.02561 0.03833 0.027535
0.777225 0.07074 0.07886 0.073175
0.89878 0.052275 0.031945 0.017
0.855605 0.052475 0.06131 0.03061
0.972265 0.009335 0.008475 0.009925
0.97398 0.01123 0.005605 0.009185
0.89581 0.037245 0.03086 0.036085
0.94447 0.01938 0.01964 0.01651
0.9557 0.01858 0.012855 0.012865
0.924785 0.036545 0.020675 0.017995
0.974025 0.01013 0.00777 0.008075
0.90148 0.041965 0.028315 0.02824
0.829025 0.060805 0.04 0.07017
0.93776 0.03093 0.010225 0.021085
0.79285 0.119565 0.03256 0.055025
0.904355 0.05374 0.01133 0.030575
0.83107 0.07136 0.05018 0.04739
0.832325 0.124045 0.012075 0.031555
0.88716 0.08679 0.006475 0.019575
0.97331 0.0142 0.00405 0.00844
0.91785 0.04062 0.01191 0.02962
0.97859 0.008935 0.00536 0.007115
0.9638 0.013895 0.007115 0.01519
0.97802 0.009835 0.005215 0.00693
0.978475 0.005615 0.00879 0.00712
0.98059 0.00449 0.00887 0.00605
0.950055 0.011995 0.022745 0.015205
0.971085 0.007535 0.012945 0.008435
